Torsion_1,Torsion_2
-0.8043043860748313,-0.8928045186073208
-0.8043043860748313,2.203513333551804
2.29728062010985,-0.8928045186073208
2.29728062010985,2.203513333551804
2.4792625624589424,-0.9326020739542005
2.4792625624589424,2.128403303602494
-0.6379458177334859,-0.9326020739542005
-0.6379458177334859,2.128403303602494
-1.8442431462625926,-3.114878436886984
-1.8442431462625926,0.035134564007924286
1.294694139706307,-3.114878436886984
1.294694139706307,0.035134564007924286
-0.7124789585684383,1.9244596143410218
-0.7124789585684383,-1.1816023952514796
2.342041102976148,1.9244596143410218
2.342041102976148,-1.1816023952514796
-2.580475757327837,1.1341771140236008
-2.580475757327837,-1.993690442295456
0.5438377184594548,1.1341771140236008
0.5438377184594548,-1.993690442295456
0.8845638041129713,0.8141686680243013
0.8845638041129713,-2.2923371749489156
-2.2097658718318876,0.8141686680243013
-2.2097658718318876,-2.2923371749489156
0.771479671585609,-2.5414229203328125
0.771479671585609,0.5995413718776786
-2.32853103187819,-2.5414229203328125
-2.32853103187819,0.5995413718776786
-2.306523780168437,0.6947201280469771
-2.306523780168437,-2.428643394144253
0.7978801130390658,0.6947201280469771
0.7978801130390658,-2.428643394144253
0.576582726009381,0.8939442217850457
0.576582726009381,-2.21542278715708
-2.559340685029007,0.8939442217850457
-2.559340685029007,-2.21542278715708
2.5648372548144556,-0.8853000619327578
2.5648372548144556,2.2223766467431223
-0.5722830459860101,-0.8853000619327578
-0.5722830459860101,2.2223766467431223
-0.6748941209924304,2.373539428864723
-0.6748941209924304,-0.7471004357112427
2.4667803670970065,2.373539428864723
2.4667803670970065,-0.7471004357112427
-0.7751008688176411,-0.9260882613296643
-0.7751008688176411,2.1698404608661277
2.3263793533753434,-0.9260882613296643
2.3263793533753434,2.1698404608661277
-0.9405639649621182,-0.7315892232375388
-0.9405639649621182,2.37530228708852
2.157958140811004,-0.7315892232375388
2.157958140811004,2.37530228708852
-2.5736415164653272,0.8413188292691711
-2.5736415164653272,-2.2850941859650384
0.5668592652752636,0.8413188292691711
0.5668592652752636,-2.2850941859650384
2.3430216900266383,-0.7643241011958651
2.3430216900266383,2.342423999491909
-0.7637300047970803,-0.7643241011958651
-0.7637300047970803,2.342423999491909
-0.7640699709464048,-0.763700006218949
-0.7640699709464048,2.343079311500333
2.342782542494482,-0.763700006218949
2.342782542494482,2.343079311500333
2.5863100363492726,-0.5250656239393227
2.5863100363492726,2.586409908715411
-0.5254506768364778,-0.5250656239393227
-0.5254506768364778,2.586409908715411
-0.5280162970321742,2.5850413807179966
-0.5280162970321742,-0.5262407346653434
2.583713235644541,2.5850413807179966
2.583713235644541,-0.5262407346653434
-2.497218183957749,0.6428699068106567
-2.497218183957749,-2.4995977725292082
0.6445499504681277,0.6428699068106567
0.6445499504681277,-2.4995977725292082
-2.6288203017340237,-2.073030139637662
-2.6288203017340237,1.0888499108658776
0.5081668578010994,-2.073030139637662
0.5081668578010994,1.0888499108658776
-0.890467345064297,-0.5828832134897296
-0.890467345064297,2.5487896566469814
2.204883280353485,-0.5828832134897296
2.204883280353485,2.5487896566469814
-0.503349802947196,2.426545094492479
-0.503349802947196,-0.7097894140970897
2.606863963093463,2.426545094492479
2.606863963093463,-0.7097894140970897
-2.1480615815309165,0.7151746973122977
-2.1480615815309165,-2.346991186966149
0.9297784117410534,0.7151746973122977
0.9297784117410534,-2.346991186966149
2.3410392123461246,-0.8990026771543005
2.3410392123461246,2.205383718630129
-0.7720986303667606,-0.8990026771543005
-0.7720986303667606,2.205383718630129
0.9028550170243183,-2.5209599589360727
0.9028550170243183,0.5958497457048477
-2.1772852738468735,-2.5209599589360727
-2.1772852738468735,0.5958497457048477
-0.8618828220177617,2.5742521296708363
-0.8618828220177617,-0.5639736713007448
2.2667973420176555,2.5742521296708363
2.2667973420176555,-0.5639736713007448
0.76693690252514,-2.3619997767428798
0.76693690252514,0.7415767946849585
-2.3452469027946656,-2.3619997767428798
-2.3452469027946656,0.7415767946849585
-2.3267268607114593,0.7544850541874082
-2.3267268607114593,-2.352341438940502
0.7821646641834418,0.7544850541874082
0.7821646641834418,-2.352341438940502
-2.333731071013084,0.7691615675729516
-2.333731071013084,-2.335830312701317
0.770719058291334,0.7691615675729516
0.770719058291334,-2.335830312701317
-2.332853164988845,0.7691698723971442
-2.332853164988845,-2.335124371522151
0.7717608924862419,0.7691698723971442
0.7717608924862419,-2.335124371522151
-2.6581753496074807,-2.1734127517994573
-2.6581753496074807,0.9435225001879896
0.47707458373333755,-2.1734127517994573
0.47707458373333755,0.9435225001879896
-2.4766085431620453,0.8111912159305142
-2.4766085431620453,-2.301615833382651
0.64806726298258,0.8111912159305142
0.64806726298258,-2.301615833382651
2.471778438621501,-0.7917989087012945
2.471778438621501,2.32099414195624
-0.652132408183124,-0.7917989087012945
-0.652132408183124,2.32099414195624
2.239437478747519,2.3643614410513103
2.239437478747519,-0.7394995009574471
-0.8538460355957809,2.3643614410513103
-0.8538460355957809,-0.7394995009574471
1.0913867112235849,0.6895539605080916
1.0913867112235849,-2.3940167355920865
-1.9542044956327216,0.6895539605080916
-1.9542044956327216,-2.3940167355920865
0.7644703896146922,-2.342251577692883
0.7644703896146922,0.764802904028791
-2.3423579436357858,-2.342251577692883
-2.3423579436357858,0.764802904028791
0.7648551912205832,-2.342210489338594
0.7648551912205832,0.7643136912059139
-2.3422264074132424,-2.342210489338594
-2.3422264074132424,0.7643136912059139
-2.1880322851591,-2.190985308098056
-2.1880322851591,0.9475288314377044
0.9504287123997572,-2.190985308098056
0.9504287123997572,0.9475288314377044
-2.3617382909674087,-2.361985683597851
-2.3617382909674087,0.7696458914610479
0.7698539363358473,-2.361985683597851
0.7698539363358473,0.7696458914610479
0.7194790944786795,0.7062689627183275
0.7194790944786795,-2.380771513687113
-2.366183985140421,0.7062689627183275
-2.366183985140421,-2.380771513687113
2.098238695312934,2.543833594266063
2.098238695312934,-0.5801073840003494
-0.9676478349331452,2.543833594266063
-0.9676478349331452,-0.5801073840003494
-0.7593383168922087,2.337003193684349
-0.7593383168922087,-0.7681394828025891
2.3451390698987895,2.337003193684349
2.3451390698987895,-0.7681394828025891
2.347164697559876,-0.7679926741970177
2.347164697559876,2.3363993775601632
-0.7570286710650902,-0.7679926741970177
-0.7570286710650902,2.3363993775601632
-0.7651733190697507,-0.7642220822405856
-0.7651733190697507,2.342894464794024
2.342202390038586,-0.7642220822405856
2.342202390038586,2.342894464794024
2.3428563921581973,-0.7638669400263548
2.3428563921581973,2.343139189785097
-0.764348937112194,-0.7638669400263548
-0.764348937112194,2.343139189785097
1.077443799431302,-2.3987486459049485
1.077443799431302,0.7084250822872552
-2.0312109665664764,-2.3987486459049485
-2.0312109665664764,0.7084250822872552
0.7648574372938974,-2.340432453017962
0.7648574372938974,0.7674180253453285
-2.3429679557659426,-2.340432453017962
-2.3429679557659426,0.7674180253453285
0.7663767023448268,0.7656493540592822
0.7663767023448268,-2.342456819398448
-2.3412810583239114,0.7656493540592822
-2.3412810583239114,-2.342456819398448
2.227750094236485,-0.9508285107748653
2.227750094236485,2.229115355170236
-0.952288408259962,-0.9508285107748653
-0.952288408259962,2.229115355170236
-0.7637031120336015,2.356352369094788
-0.7637031120336015,-0.7636855967325733
2.356628370831489,2.356352369094788
2.356628370831489,-0.7636855967325733
-0.39779286643337464,-0.9463884570958514
-0.39779286643337464,2.2079484828970743
2.773354693819511,-0.9463884570958514
2.773354693819511,2.2079484828970743
-2.117578675741989,-2.119124193999563
-2.117578675741989,0.9741175661755462
0.9756243277102745,-2.119124193999563
0.9756243277102745,0.9741175661755462
-2.3798194172321994,-2.38126749681967
-2.3798194172321994,0.7381350916332011
0.7390625874053006,-2.38126749681967
0.7390625874053006,0.7381350916332011
0.7869526502107883,-2.537774012012832
0.7869526502107883,0.5729090223991037
-2.322540548413452,-2.537774012012832
-2.322540548413452,0.5729090223991037
-2.398213198524505,0.8718958180059151
-2.398213198524505,-2.229222619388879
0.7033693443871767,0.8718958180059151
0.7033693443871767,-2.229222619388879
2.38599037640063,-0.6573917886352184
2.38599037640063,2.487872473823132
-0.7130960351538725,-0.6573917886352184
-0.7130960351538725,2.487872473823132
0.6298809785938674,0.7439703358585187
0.6298809785938674,-2.37960390559125
-2.517710960357243,0.7439703358585187
-2.517710960357243,-2.37960390559125
-2.5162511063280646,-2.3801615300535577
-2.5162511063280646,0.7431559533486136
0.6302876214766658,-2.3801615300535577
0.6302876214766658,0.7431559533486136
0.8670694263762931,-2.538679987989759
0.8670694263762931,0.5967607991867311
-2.24284799356755,-2.538679987989759
-2.24284799356755,0.5967607991867311
2.335377015918543,2.3339412778506823
2.335377015918543,-0.7710168444025938
-0.7695024421246528,2.3339412778506823
-0.7695024421246528,-0.7710168444025938
-0.770785040967685,2.33489642103091
-0.770785040967685,-0.7698818754250639
2.334447158710783,2.33489642103091
2.334447158710783,-0.7698818754250639
0.7680121806273088,0.7657295204104014
0.7680121806273088,-2.342268182643443
-2.340401375614138,0.7657295204104014
-2.340401375614138,-2.342268182643443
-2.341333126563974,0.7670285199208673
-2.341333126563974,-2.3412286671519995
0.7665294940157523,0.7670285199208673
0.7665294940157523,-2.3412286671519995
0.7624513070693655,0.640658671718381
0.7624513070693655,-2.504715396922981
-2.325269244993014,0.640658671718381
-2.325269244993014,-2.504715396922981
-2.695223654739252,-2.2188333123854576
-2.695223654739252,0.8873390415714428
0.40559384958026873,-2.2188333123854576
0.40559384958026873,0.8873390415714428
0.4047566427502459,-2.218176714193227
0.4047566427502459,0.8887406211949254
-2.696287855019069,-2.218176714193227
-2.696287855019069,0.8887406211949254
-2.1735531311458116,0.8523394765573249
-2.1735531311458116,-2.2565289115174423
0.9229201066358742,0.8523394765573249
0.9229201066358742,-2.2565289115174423
0.23161553185776732,1.0031281115323156
0.23161553185776732,-2.1469367121305316
-2.932516208715423,1.0031281115323156
-2.932516208715423,-2.1469367121305316
0.8676074055780438,-2.560799142785529
0.8676074055780438,0.5728170361437418
-2.225397760266167,-2.560799142785529
-2.225397760266167,0.5728170361437418
0.7411868278893807,0.7752449074501204
0.7411868278893807,-2.3457233818673404
-2.364666579225074,0.7752449074501204
-2.364666579225074,-2.3457233818673404
0.7807854854814475,0.7407257845273035
0.7807854854814475,-2.365189098078499
-2.3395978943806957,0.7407257845273035
-2.3395978943806957,-2.365189098078499
2.0079362640224643,2.614186426440278
2.0079362640224643,-0.5151430189132421
-1.1246278405116026,2.614186426440278
-1.1246278405116026,-0.5151430189132421
0.9340147348406936,0.9343467915799397
0.9340147348406936,-2.2040083323398
-2.2045420776240046,0.9343467915799397
-2.2045420776240046,-2.2040083323398
-0.7852467322572624,2.1737984573588913
-0.7852467322572624,-0.9229598426507136
2.321209657499238,2.1737984573588913
2.321209657499238,-0.9229598426507136
3.140311674261545,1.578991168943683
3.140311674261545,-1.5591874682863873
-0.0010787510482449891,1.578991168943683
-0.0010787510482449891,-1.5591874682863873
0.9957439077625063,-2.5428953812105237
0.9957439077625063,0.5943338587526973
-2.169802929484327,-2.5428953812105237
-2.169802929484327,0.5943338587526973
-0.7719744543609626,2.334766890600874
-0.7719744543609626,-0.770073099144401
2.3330624764863264,2.334766890600874
2.3330624764863264,-0.770073099144401
-0.7705712683743728,-0.7718354079380011
-0.7705712683743728,2.3330555364566536
2.334594175313474,-0.7718354079380011
2.334594175313474,2.3330555364566536
0.7479424399926988,0.78061767612222
0.7479424399926988,-2.3309139552849665
-2.367630094105982,0.78061767612222
-2.367630094105982,-2.3309139552849665
0.7476005340072518,0.7789797080017481
0.7476005340072518,-2.3323608798051056
-2.36895148165497,0.7789797080017481
-2.36895148165497,-2.3323608798051056
0.5772987704928734,0.7667993246737161
0.5772987704928734,-2.3778980489587838
-2.560286056925758,0.7667993246737161
-2.560286056925758,-2.3778980489587838
-2.2560118675327017,-2.253944261306355
-2.2560118675327017,0.8416202653688202
0.8312495774291314,-2.253944261306355
0.8312495774291314,0.8416202653688202
2.311766806149866,-0.9171272457816378
2.311766806149866,2.1780292297851416
-0.7931377964738326,-0.9171272457816378
-0.7931377964738326,2.1780292297851416
-2.361316224687257,0.7393713653355601
-2.361316224687257,-2.362566235926831
0.7447957409956981,0.7393713653355601
0.7447957409956981,-2.362566235926831
-2.360568107043202,0.7376207096796409
-2.360568107043202,-2.3643884366225016
0.7461945614806366,0.7376207096796409
0.7461945614806366,-2.3643884366225016
-2.365767910793479,-2.1545246278230956
-2.365767910793479,0.9465097637588896
0.7516871511688981,-2.1545246278230956
0.7516871511688981,0.9465097637588896
2.506526152857759,-0.8605879590861177
2.506526152857759,2.2838105271412563
-0.6197722281301336,-0.8605879590861177
-0.6197722281301336,2.2838105271412563
-0.6711463204119822,2.4662857020632356
-0.6711463204119822,-0.6717095764836817
2.466862956714051,2.4662857020632356
2.466862956714051,-0.6717095764836817
2.343146308771687,2.342338195546014
2.343146308771687,-0.7645003779132402
-0.7636981447558625,2.342338195546014
-0.7636981447558625,-0.7645003779132402
-0.7641605147975944,2.342728623322087
-0.7641605147975944,-0.7640196893789033
2.3426344626122297,2.342728623322087
2.3426344626122297,-0.7640196893789033
-0.7576740644902188,-0.7566980856988379
-0.7576740644902188,2.3487240757217527
2.3478127695889155,-0.7566980856988379
2.3478127695889155,2.3487240757217527
-0.7570313653068003,2.3468735868475226
-0.7570313653068003,-0.758470719072874
2.348103253517515,2.3468735868475226
2.348103253517515,-0.758470719072874
-2.497511160197164,0.7712106202060655
-2.497511160197164,-2.342436988829367
0.644098299484691,0.7712106202060655
0.644098299484691,-2.342436988829367
-0.7637820232288699,-1.1611416218687964
-0.7637820232288699,1.935543955600258
2.3419887416359013,-1.1611416218687964
2.3419887416359013,1.935543955600258
-0.8948477065541983,-0.5754665003871253
-0.8948477065541983,2.5567371651182973
2.228213430189579,-0.5754665003871253
2.228213430189579,2.5567371651182973
2.0424971149416047,-0.7348335496895317
2.0424971149416047,2.3666980000838618
-1.06793523119044,-0.7348335496895317
-1.06793523119044,2.3666980000838618
-0.7173626099382971,2.2750000840509297
-0.7173626099382971,-0.8272234583053187
2.410609215942997,2.2750000840509297
2.410609215942997,-0.8272234583053187
-0.8125306780378031,-0.8668357499145802
-0.8125306780378031,2.234857251016094
2.4335931974145875,-0.8668357499145802
2.4335931974145875,2.234857251016094
-0.8668363691728738,-0.8128393983410357
-0.8668363691728738,2.432760757857957
2.23436616802866,-0.8128393983410357
2.23436616802866,2.432760757857957
-0.5473447457460405,-0.6619294693280036
-0.5473447457460405,2.4974252731196867
2.594488401870441,-0.6619294693280036
2.594488401870441,2.4974252731196867
-0.7172385704778793,2.1241587462469353
-0.7172385704778793,-0.96218855949589
2.405792176255179,2.1241587462469353
2.405792176255179,-0.96218855949589
-2.34070143916525,0.7653020172978109
-2.34070143916525,-2.342847579662443
0.7673656643407185,0.7653020172978109
0.7673656643407185,-2.342847579662443
-2.340673872724356,0.7646966449255127
-2.340673872724356,-2.343576878424094
0.7671310648590366,0.7646966449255127
0.7671310648590366,-2.343576878424094
-2.3840037305532835,-2.447058889871323
-2.3840037305532835,0.6829127095296997
0.6800881900886847,-2.447058889871323
0.6800881900886847,0.6829127095296997
-0.7667103048189894,-0.7666047544240494
-0.7667103048189894,2.341114516733119
2.3414403635360745,-0.7666047544240494
2.3414403635360745,2.341114516733119
2.3401051867572096,2.3428241102645386
2.3401051867572096,-0.7650373380181951
-0.7678367327580393,2.3428241102645386
-0.7678367327580393,-0.7650373380181951
0.829977379468029,0.6005133709056504
0.829977379468029,-2.53749162949926
-2.2635156076857736,0.6005133709056504
-2.2635156076857736,-2.53749162949926
2.1906420440029484,2.3080260817795986
2.1906420440029484,-0.8155903051123187
-0.9128370272019719,2.3080260817795986
-0.9128370272019719,-0.8155903051123187
-2.2610526664901434,-2.3774919094164684
-2.2610526664901434,0.7214518366899959
0.8303228985893245,-2.3774919094164684
0.8303228985893245,0.7214518366899959
-2.2620151265129205,-2.377480823295629
-2.2620151265129205,0.721403430621021
0.8296519633182428,-2.377480823295629
0.8296519633182428,0.721403430621021
-0.9509345711825749,2.228643740827071
-0.9509345711825749,-0.9510420295604854
2.2281063460924844,2.228643740827071
2.2281063460924844,-0.9510420295604854
2.357536720239133,-0.7647031483906945
2.357536720239133,2.3554307048656353
-0.7624612691052479,-0.7647031483906945
-0.7624612691052479,2.3554307048656353
2.578626119917966,-0.8772725765841158
2.578626119917966,2.23216454923397
-0.5476227808247806,-0.8772725765841158
-0.5476227808247806,2.23216454923397
0.7570996436800236,-2.349107122214968
0.7570996436800236,0.7562375386061684
-2.3480541093829594,-2.349107122214968
-2.3480541093829594,0.7562375386061684
0.755462101337008,0.757455151528292
0.755462101337008,-2.347975074276092
-2.3495428390923325,0.757455151528292
-2.3495428390923325,-2.347975074276092
-3.083323464044154,-1.8092804760861012
-3.083323464044154,1.3229409017908664
0.06941715852066374,-1.8092804760861012
0.06941715852066374,1.3229409017908664
0.7665925724240514,-2.3414957809514183
0.7665925724240514,0.7663248281689903
-2.341116352777394,-2.3414957809514183
-2.341116352777394,0.7663248281689903
0.7664264417016644,0.7662875499590474
0.7664264417016644,-2.3416429984166616
-2.341578946843796,0.7662875499590474
-2.341578946843796,-2.3416429984166616
-0.15745792605447986,0.13862916083419885
-0.15745792605447986,-3.015260869862622
2.986500293853477,0.13862916083419885
2.986500293853477,-3.015260869862622
3.0315146391497203,1.8156954516633195
3.0315146391497203,-1.1604634470813309
-0.0968212526900591,1.8156954516633195
-0.0968212526900591,-1.1604634470813309
-0.7660499330612301,-0.7662187573302593
-0.7660499330612301,2.3416980801964407
2.341960523646431,-0.7662187573302593
2.341960523646431,2.3416980801964407
2.3423847726169162,-0.7666173341292662
2.3423847726169162,2.3413068640137054
-0.7655275919033473,-0.7666173341292662
-0.7655275919033473,2.3413068640137054
2.227870457792446,-0.9510030761477911
2.227870457792446,2.2293272047362205
-0.9521110641260961,-0.9510030761477911
-0.9521110641260961,2.2293272047362205
-0.7635797169880545,2.3564581406586127
-0.7635797169880545,-0.7637913470121275
2.3566236829908056,2.3564581406586127
2.3566236829908056,-0.7637913470121275
0.5812157872867827,1.1498825350191884
0.5812157872867827,-1.9656807365388627
-2.5446503847174204,1.1498825350191884
-2.5446503847174204,-1.9656807365388627
-2.310521204892357,0.6012337205469671
-2.310521204892357,-2.5337660761778005
0.8718833950020917,0.6012337205469671
0.8718833950020917,-2.5337660761778005
-0.7671101362618125,-0.7671467064443337
-0.7671101362618125,2.3381972706722185
2.338021409038098,-0.7671467064443337
2.338021409038098,2.3381972706722185
2.3388733519983402,2.337314370621433
2.3388733519983402,-0.7678503458259565
-0.7662734200781629,2.337314370621433
-0.7662734200781629,-0.7678503458259565
-0.7561146697107465,-0.756340635704599
-0.7561146697107465,2.3496693328581295
2.349591952326,-0.756340635704599
2.349591952326,2.3496693328581295
-0.7568271565307314,2.350446169726203
-0.7568271565307314,-0.7558108829840443
2.3494149268027336,2.350446169726203
2.3494149268027336,-0.7558108829840443
-0.6043522643552881,-1.0055551356475436
-0.6043522643552881,2.120571163162312
2.526254448937297,-1.0055551356475436
2.526254448937297,2.120571163162312
-2.3333033569275314,-2.335501555766983
-2.3333033569275314,0.7697331631771974
0.7716278855479759,-2.335501555766983
0.7716278855479759,0.7697331631771974
0.7716202416110302,-2.335382951427382
0.7716202416110302,0.7695320335106252
-2.333300503588788,-2.335382951427382
-2.333300503588788,0.7695320335106252
0.7514630819086697,-2.329834728945111
0.7514630819086697,0.7763794026193214
-2.354136635694956,-2.329834728945111
-2.354136635694956,0.7763794026193214
-2.354052606704601,-2.329116350706496
-2.354052606704601,0.7771327145083267
0.7509326958113413,-2.329116350706496
0.7509326958113413,0.7771327145083267
-0.8970814040333964,2.2998962397718294
-0.8970814040333964,-0.8074510685832335
2.197516618249784,2.2998962397718294
2.197516618249784,-0.8074510685832335
0.7911919145117111,0.919770710796374
0.7911919145117111,-2.1776268295724717
-2.3135512387269586,0.919770710796374
-2.3135512387269586,-2.1776268295724717
0.4938395225854023,-2.4227960835428592
0.4938395225854023,0.7125698891270854
-2.6092768680858955,-2.4227960835428592
-2.6092768680858955,0.7125698891270854
2.349488154304378,-0.7705772379145339
2.349488154304378,2.3348551181460158
-0.7551507433194572,-0.7705772379145339
-0.7551507433194572,2.3348551181460158
2.348128434506247,2.3360550027355296
2.348128434506247,-0.7698554643522857
-0.7565270602889035,2.3360550027355296
-0.7565270602889035,-0.7698554643522857
-2.530419698129776,0.9209747564060672
-2.530419698129776,-2.179901900583348
0.6047606040151003,0.9209747564060672
0.6047606040151003,-2.179901900583348
2.5572235545748927,2.22556724060698
2.5572235545748927,-0.8796823283779951
-0.5769236989415271,2.22556724060698
-0.5769236989415271,-0.8796823283779951
-1.3945170427154467,-0.7211604551193732
-1.3945170427154467,2.369897304607558
1.6976626852164298,-0.7211604551193732
1.6976626852164298,2.369897304607558
-2.563872273084897,0.4633825509686976
-2.563872273084897,-2.63289668292499
0.5483091087651348,0.4633825509686976
0.5483091087651348,-2.63289668292499
-2.634076193231371,-2.5605987659931406
-2.634076193231371,0.5511605745775716
0.46209914257946516,-2.5605987659931406
0.46209914257946516,0.5511605745775716
-2.129631341997118,-2.4138209739755783
-2.129631341997118,0.6990902881229468
0.9732495847132145,-2.4138209739755783
0.9732495847132145,0.6990902881229468
2.5372053195241664,-0.7512058098473124
2.5372053195241664,2.3619706118352153
-0.5553532518555641,-0.7512058098473124
-0.5553532518555641,2.3619706118352153
-0.5548955813108583,2.360175258821253
-0.5548955813108583,-0.752763660236931
2.5376787039117996,2.360175258821253
2.5376787039117996,-0.752763660236931
-2.4534529043366167,-2.4565617595197256
-2.4534529043366167,0.5915275900913893
0.6731100061335451,-2.4565617595197256
0.6731100061335451,0.5915275900913893
2.581410769075965,-1.0253825818041422
2.581410769075965,2.1038072350877397
-0.551040118916354,-1.0253825818041422
-0.551040118916354,2.1038072350877397
0.7843178183359097,-2.177988920348032
0.7843178183359097,0.9196804553231324
-2.3200717761973015,-2.177988920348032
-2.3200717761973015,0.9196804553231324
0.9044961235667675,0.7751631850093569
0.9044961235667675,-2.3254109258392273
-2.246490218995851,0.7751631850093569
-2.246490218995851,-2.3254109258392273
0.7615332231307744,-2.3211130122554526
0.7615332231307744,0.7823471181830021
-2.3727502717551294,-2.3211130122554526
-2.3727502717551294,0.7823471181830021
-0.24153302060800552,-0.9813728049481945
-0.24153302060800552,2.169285439561755
2.936386883206853,-0.9813728049481945
2.936386883206853,2.169285439561755
-0.2270435045116966,-1.0083229501849567
-0.2270435045116966,2.142671158894547
2.9496723303315227,-1.0083229501849567
2.9496723303315227,2.142671158894547
1.1370750457820735,-2.052699982540082
1.1370750457820735,1.0945357829595976
-2.0068470505714107,-2.052699982540082
-2.0068470505714107,1.0945357829595976
1.137261483296118,-2.0541330304006027
1.137261483296118,1.093336235013237
-2.005932494281602,-2.0541330304006027
-2.005932494281602,1.093336235013237
-2.3428065868184365,0.7642318600809213
-2.3428065868184365,-2.3426685473213995
0.763983424666494,0.7642318600809213
0.763983424666494,-2.3426685473213995
-2.342510549051769,0.7639334266503477
-2.342510549051769,-2.342996369178728
0.7644895116687876,0.7639334266503477
0.7644895116687876,-2.342996369178728
0.7632293363996403,-2.342617805053393
0.7632293363996403,0.7640879525067255
-2.3433854313551894,-2.342617805053393
-2.3433854313551894,0.7640879525067255
0.764397947205383,-2.3437635347775125
0.764397947205383,0.7629022975051879
-2.3422861543599494,-2.3437635347775125
-2.3422861543599494,0.7629022975051879
0.40095380898385047,-1.939898790451108
0.40095380898385047,1.159303765196673
-2.726366614275409,-1.939898790451108
-2.726366614275409,1.159303765196673
2.3420814661079548,2.34274824064996
2.3420814661079548,-0.7638595176020989
-0.7649601227074394,2.34274824064996
-0.7649601227074394,-0.7638595176020989
2.342721736594274,2.3422515372230155
2.342721736594274,-0.764655037771389
-0.7638711090022128,2.3422515372230155
-0.7638711090022128,-0.764655037771389
0.7769251090520555,0.6383332342531249
0.7769251090520555,-2.501298099121384
-2.3809029443512113,0.6383332342531249
-2.3809029443512113,-2.501298099121384
0.16874168996995034,-2.0908385518235564
0.16874168996995034,1.0423890164692093
-2.992388404909501,-2.0908385518235564
-2.992388404909501,1.0423890164692093
1.0203304010980494,-2.449920873469597
1.0203304010980494,0.6749339885106511
-2.151813228455589,-2.449920873469597
-2.151813228455589,0.6749339885106511
-2.1539842351825023,0.6769049736229883
-2.1539842351825023,-2.447609931742266
1.0183493627902953,0.6769049736229883
1.0183493627902953,-2.447609931742266
-0.7381631255498808,-0.7363590386358645
-0.7381631255498808,2.3619161451001918
2.3599803854515327,-0.7363590386358645
2.3599803854515327,2.3619161451001918
-2.481160952218051,-2.206204290069308
-2.481160952218051,0.9064509378732778
0.6436271131560253,-2.206204290069308
0.6436271131560253,0.9064509378732778
-0.9505792522510967,-0.8624927584786162
-0.9505792522510967,2.2347545429836937
2.1354441804365916,-0.8624927584786162
2.1354441804365916,2.2347545429836937
2.329949403919134,-0.9563676986570344
2.329949403919134,2.1720763417472035
-0.7717112192970313,-0.9563676986570344
-0.7717112192970313,2.1720763417472035
2.386372339417187,2.386657918166626
2.386372339417187,-0.7167803141300554
-0.7170382357013655,2.386657918166626
-0.7170382357013655,-0.7167803141300554
2.38736649671032,2.3860189877470153
2.38736649671032,-0.7174797920812999
-0.7161231307101201,2.3860189877470153
-0.7161231307101201,-0.7174797920812999
0.7693780720000979,0.7697685635117266
0.7693780720000979,-2.3346974084933625
-2.3351266037644467,0.7697685635117266
-2.3351266037644467,-2.3346974084933625
-2.334699383858642,0.7693480992535422
-2.334699383858642,-2.3349457424281135
0.7697520067015968,0.7693480992535422
0.7697520067015968,-2.3349457424281135
-0.7893649800080617,-0.9198138757641452
-0.7893649800080617,2.176481855142887
2.3137874601302686,-0.9198138757641452
2.3137874601302686,2.176481855142887
-2.271884436876328,-2.5596577388346327
-2.271884436876328,0.5770115484780491
0.8701477978157727,-2.5596577388346327
0.8701477978157727,0.5770115484780491
-2.624784670620826,0.9157700954563225
-2.624784670620826,-2.19569845845202
0.5061681304425343,0.9157700954563225
0.5061681304425343,-2.19569845845202
-2.6464570606635487,0.8631089015478843
-2.6464570606635487,-2.295177827766073
0.49170151568545273,0.8631089015478843
0.49170151568545273,-2.295177827766073
2.270313987123548,-0.5857811185612207
2.270313987123548,2.5470096246060447
-0.8912786106297764,-0.5857811185612207
-0.8912786106297764,2.5470096246060447
0.8509661804159403,0.5858848140568546
0.8509661804159403,-2.5431617249155516
-2.2399622313368437,0.5858848140568546
-2.2399622313368437,-2.5431617249155516
2.545140872931269,2.2300813231778993
2.545140872931269,-0.8788099645299283
-0.5905511551732494,2.2300813231778993
-0.5905511551732494,-0.8788099645299283
-0.8615524718863351,2.3097517884427274
-0.8615524718863351,-0.7978503752633258
2.235854592032715,2.3097517884427274
2.235854592032715,-0.7978503752633258
0.9787714579664535,0.486238030447783
0.9787714579664535,-2.65720248754011
-2.0993577886467,0.486238030447783
-2.0993577886467,-2.65720248754011
2.394706476861023,-0.894939254721692
2.394706476861023,2.2096866195968587
-0.73882313256944,-0.894939254721692
-0.73882313256944,2.2096866195968587
0.8858274064895069,0.7981748418558343
0.8858274064895069,-2.2981438698828254
-2.2196948106961845,0.7981748418558343
-2.2196948106961845,-2.2981438698828254
-0.7395397856017657,2.314450236012961
-0.7395397856017657,-0.7928222149552984
2.3851227509242205,2.314450236012961
2.3851227509242205,-0.7928222149552984
-0.8391712953015482,2.3065396573315327
-0.8391712953015482,-0.7897325000247368
2.2690931730206314,2.3065396573315327
2.2690931730206314,-0.7897325000247368
2.4380791833537327,2.4209789986941472
2.4380791833537327,-0.7074833758347675
-0.6616537020780068,2.4209789986941472
-0.6616537020780068,-0.7074833758347675
-0.8885886809423582,-0.7959313763623692
-0.8885886809423582,2.300233347219058
2.216560319772995,-0.7959313763623692
2.216560319772995,2.300233347219058
1.9529727511415165,2.225565589030394
1.9529727511415165,-0.8698197475611084
-1.1254056672579449,2.225565589030394
-1.1254056672579449,-0.8698197475611084
2.3184865037309446,-0.8592643691327688
2.3184865037309446,2.237148261588042
-0.7879432488028759,-0.8592643691327688
-0.7879432488028759,2.237148261588042
0.8847427635463037,0.797517221961214
0.8847427635463037,-2.2981929910590084
-2.219853899326187,0.797517221961214
-2.219853899326187,-2.2981929910590084
0.8889349551322513,0.7962541779846949
0.8889349551322513,-2.30022912315109
-2.216409383826378,0.7962541779846949
-2.216409383826378,-2.30022912315109
-2.558636398508444,0.8837726741904479
-2.558636398508444,-2.222387495871766
0.5778253321458594,0.8837726741904479
0.5778253321458594,-2.222387495871766
-2.4408613388427645,-2.4201866226920163
-2.4408613388427645,0.7083472046939585
0.6598595878335571,-2.4201866226920163
0.6598595878335571,0.7083472046939585
0.0683800731203312,-2.1684601473218112
0.0683800731203312,0.9679448177221736
-3.1019165622140332,-2.1684601473218112
-3.1019165622140332,0.9679448177221736
2.6504711955488305,2.0577475555931377
2.6504711955488305,-1.0652533680671366
-0.4794538716953014,2.0577475555931377
-0.4794538716953014,-1.0652533680671366
-0.5108316401918226,2.2119124428468346
-0.5108316401918226,-0.8949422867871785
2.6178664682458272,2.2119124428468346
2.6178664682458272,-0.8949422867871785
-0.5956823678823282,2.220272340899983
-0.5956823678823282,-0.8864045127660269
2.539253516742904,2.220272340899983
2.539253516742904,-0.8864045127660269
-0.5996934503412353,-0.6691753912584698
-0.5996934503412353,2.4742721853181826
2.517802298656732,-0.6691753912584698
2.517802298656732,2.4742721853181826
1.8296408006516407,-0.2635384936174031
1.8296408006516407,2.912636423640073
-1.2658764392547834,-0.2635384936174031
-1.2658764392547834,2.912636423640073
2.5506136474575487,-1.5134464845022448
2.5506136474575487,1.691460925357004
-0.6113296013641887,-1.5134464845022448
-0.6113296013641887,1.691460925357004
0.6430694252344648,-2.4061939874166502
0.6430694252344648,0.741035430359421
-2.493590036685599,-2.4061939874166502
-2.493590036685599,0.741035430359421
-0.5789137471672378,-0.8887517139093586
-0.5789137471672378,2.2200139043869296
2.557045419178089,-0.8887517139093586
2.557045419178089,2.2200139043869296
-2.1749492642382995,-2.6350504608794654
-2.1749492642382995,0.49638952577928047
0.9411492293898853,-2.6350504608794654
0.9411492293898853,0.49638952577928047
-0.0865137212470336,-1.0948024625820356
-0.0865137212470336,2.0614305521892415
3.086104534519654,-1.0948024625820356
3.086104534519654,2.0614305521892415
1.2827858616608703,-2.6031655612314957
1.2827858616608703,0.5336379298989713
-1.8585768739370567,-2.6031655612314957
-1.8585768739370567,0.5336379298989713
-2.3916934181420446,0.603898839404023
-2.3916934181420446,-2.586709250767463
0.7610028300246681,0.603898839404023
0.7610028300246681,-2.586709250767463
-2.6146276268728066,-2.334942067803641
-2.6146276268728066,0.8157130014278479
0.581260925719595,-2.334942067803641
0.581260925719595,0.8157130014278479
2.1386658154237166,-0.6393256029754526
2.1386658154237166,2.4559719927075814
-0.9535885235338645,-0.6393256029754526
-0.9535885235338645,2.4559719927075814
-2.111722590230207,0.5685062309930279
-2.111722590230207,-2.5378804850454086
1.1172061934015436,0.5685062309930279
1.1172061934015436,-2.5378804850454086
-0.9165070944485635,-0.5692056474633062
-0.9165070944485635,2.561635210476388
2.179405986076053,-0.5692056474633062
2.179405986076053,2.561635210476388
-2.378416041045605,-2.295203105867649
-2.378416041045605,0.8156016647460926
0.7291272772917152,-2.295203105867649
0.7291272772917152,0.8156016647460926
2.5728778352782036,1.7847665145318963
2.5728778352782036,-1.3426323273329384
-0.5527812934226393,1.7847665145318963
-0.5527812934226393,-1.3426323273329384
2.220459771394291,2.2598239804930764
2.220459771394291,-0.8321188974416479
-0.8744903819668162,2.2598239804930764
-0.8744903819668162,-0.8321188974416479
-2.550560714597162,0.8574904769425344
-2.550560714597162,-2.276308932706643
0.5864010935664242,0.8574904769425344
0.5864010935664242,-2.276308932706643
-0.8030601321958959,2.3456640217216687
-0.8030601321958959,-0.7566112837156569
2.3369125146736516,2.3456640217216687
2.3369125146736516,-0.7566112837156569
-0.7637877355574736,2.3380477456120192
-0.7637877355574736,-0.7819545571322856
2.340206577024208,2.3380477456120192
2.340206577024208,-0.7819545571322856
-0.7435632848704434,-0.7738184758518075
-0.7435632848704434,2.333692364947776
2.360404055269141,-0.7738184758518075
2.360404055269141,2.333692364947776
2.341266175646867,-0.7666730396821394
2.341266175646867,2.338777147184928
-0.762834686627662,-0.7666730396821394
-0.762834686627662,2.338777147184928
0.7609114275097207,-2.3256325655774
0.7609114275097207,0.7796120116031523
-2.3705884452171277,-2.3256325655774
-2.3705884452171277,0.7796120116031523
-2.333090839075418,-2.3466881564254796
-2.333090839075418,0.7787560187817933
0.7708489803220174,-2.3466881564254796
0.7708489803220174,0.7787560187817933
0.8361907201094415,-2.5643456322478686
0.8361907201094415,0.5776229016964797
-2.2974826026773076,-2.5643456322478686
-2.2974826026773076,0.5776229016964797
0.5785007242021625,0.8324554811859817
0.5785007242021625,-2.3007358521596486
-2.5635539429364718,0.8324554811859817
-2.5635539429364718,-2.3007358521596486
-2.5644413382981432,0.8345090670185299
-2.5644413382981432,-2.299568021627208
0.57805955477828,0.8345090670185299
0.57805955477828,-2.299568021627208
0.5795484859061868,0.8339585105592587
0.5795484859061868,-2.3004287935107026
-2.5629622687166025,0.8339585105592587
-2.5629622687166025,-2.3004287935107026
-2.5459595807157367,-2.2094850582432066
-2.5459595807157367,0.8716718199268597
0.5851190761477588,-2.2094850582432066
0.5851190761477588,0.8716718199268597
-2.3544475468402437,0.7763682347952577
-2.3544475468402437,-2.3307968841640188
0.7483462814144869,0.7763682347952577
0.7483462814144869,-2.3307968841640188
0.7707731316716232,-2.3428471562036792
0.7707731316716232,0.7614298162779551
-2.3351832692042347,-2.3428471562036792
-2.3351832692042347,0.7614298162779551
2.350483955176009,2.340329006199146
2.350483955176009,-0.7635674812054597
-0.775521980602418,2.340329006199146
-0.775521980602418,-0.7635674812054597
-0.7633959931849638,2.3381654746117864
-0.7633959931849638,-0.7752914337032142
2.340304703201425,2.3381654746117864
2.340304703201425,-0.7752914337032142
0.8054529226158638,-2.500387922182413
0.8054529226158638,0.6373592710657405
-2.3154959258761143,-2.500387922182413
-2.3154959258761143,0.6373592710657405
0.7841969229418438,-2.18561003837185
0.7841969229418438,0.9121744066984938
-2.3182050249165553,-2.18561003837185
-2.3182050249165553,0.9121744066984938
-0.5190281846662459,-0.9784646719451413
-0.5190281846662459,2.1823151079004033
2.6168393311743814,-0.9784646719451413
2.6168393311743814,2.1823151079004033
0.7736734803965843,0.8742191829077113
0.7736734803965843,-2.2283167869659857
-2.334984465983253,0.8742191829077113
-2.334984465983253,-2.2283167869659857
2.3299842634152745,2.2294986282812435
2.3299842634152745,-0.8724812315481508
-0.7784502325001901,2.2294986282812435
-0.7784502325001901,-0.8724812315481508
-2.644138404993023,0.938479003737684
-2.644138404993023,-2.1969810328033708
0.49461570247789516,0.938479003737684
0.49461570247789516,-2.1969810328033708
-0.7814014607799671,-0.9175970642862344
-0.7814014607799671,2.178500882690804
2.3252388793791683,-0.9175970642862344
2.3252388793791683,2.178500882690804
-0.509408177758217,-0.8569667176409496
-0.509408177758217,2.264457723807104
2.627302370147766,-0.8569667176409496
2.627302370147766,2.264457723807104
0.7450440699785241,0.77361330060074
0.7450440699785241,-2.3340108061407117
-2.3591781170690718,0.77361330060074
-2.3591781170690718,-2.3340108061407117
0.7651735323410165,0.7667623593269666
0.7651735323410165,-2.337808091335532
-2.339319573918868,0.7667623593269666
-2.339319573918868,-2.337808091335532
-1.9756043780305306,-2.5894681664124546
-1.9756043780305306,0.5547534615208282
1.2058444282808525,-2.5894681664124546
1.2058444282808525,0.5547534615208282
2.401380056548096,2.3113347204471517
2.401380056548096,-0.8147057696837663
-0.7032459960250462,2.3113347204471517
-0.7032459960250462,-0.8147057696837663
0.7457389052773462,-2.329131364882367
0.7457389052773462,0.7777351456946628
-2.366941190572104,-2.329131364882367
-2.366941190572104,0.7777351456946628
0.7661304372598253,-2.3216720446217427
0.7661304372598253,0.7909196870174148
-2.3367940877904507,-2.3216720446217427
-2.3367940877904507,0.7909196870174148
1.0568040878538907,0.7243520833164061
1.0568040878538907,-2.376922153232655
-2.0965695086735514,0.7243520833164061
-2.0965695086735514,-2.376922153232655
-2.337728235760134,0.6317088809029997
-2.337728235760134,-2.5093194267976977
0.7821852018022393,0.6317088809029997
0.7821852018022393,-2.5093194267976977
2.563521246599408,-0.8329741672229165
2.563521246599408,2.3009434815841354
-0.5790432546786224,-0.8329741672229165
-0.5790432546786224,2.3009434815841354
-0.5789310375846479,-0.8327067467327288
-0.5789310375846479,2.300684486020657
2.5635766653604435,-0.8327067467327288
2.5635766653604435,2.300684486020657
-2.3578790024160527,-2.3299744566452048
-2.3578790024160527,0.7787122411327877
0.7438666710913993,-2.3299744566452048
0.7438666710913993,0.7787122411327877
-2.343682488888689,-2.334448621904925
-2.343682488888689,0.7715911335919217
0.760427256748312,-2.334448621904925
0.760427256748312,0.7715911335919217
-0.5856659144529318,2.2804652856069922
-0.5856659144529318,-0.842349209613719
2.5496689680129867,2.2804652856069922
2.5496689680129867,-0.842349209613719
-2.2996206422198284,-2.5635856657300566
-2.2996206422198284,0.5782621557715153
0.8343296240530615,-2.5635856657300566
0.8343296240530615,0.5782621557715153
-2.2991034004186894,-2.563736662204538
-2.2991034004186894,0.5781806534877755
0.8343908136008995,-2.563736662204538
0.8343908136008995,0.5781806534877755
-0.8419145316754005,-0.7375069463290189
-0.8419145316754005,2.3885382302242606
2.236970658856853,-0.7375069463290189
2.236970658856853,2.3885382302242606
-0.9278912356830255,-0.7571117945592354
-0.9278912356830255,2.316915881944804
2.170440709835691,-0.7571117945592354
2.170440709835691,2.316915881944804
0.2514413890706624,-2.211061431752401
0.2514413890706624,0.9401769131670262
-2.9200075206004756,-2.211061431752401
-2.9200075206004756,0.9401769131670262
2.622996744122578,-0.8587093612938079
2.622996744122578,2.2530976050421114
-0.5141255068047788,-0.8587093612938079
-0.5141255068047788,2.2530976050421114
-0.7868049511761287,2.3465599101919623
-0.7868049511761287,-0.7577963481427948
2.3402514032762918,2.3465599101919623
2.3402514032762918,-0.7577963481427948
2.3395525962978607,-0.7651200965344156
2.3395525962978607,2.338626772923995
-0.7773567972246882,-0.7651200965344156
-0.7773567972246882,2.338626772923995
1.0898863658651794,0.5207946762114337
1.0898863658651794,-2.6205177144344667
-2.050744220743894,0.5207946762114337
-2.050744220743894,-2.6205177144344667
0.7120992509546131,-2.4616729598050004
0.7120992509546131,0.66976889195208
-2.3201538511630395,-2.4616729598050004
-2.3201538511630395,0.66976889195208
-0.9132229011095414,-0.5593277157559097
-0.9132229011095414,2.5678414323722274
2.19862871328441,-0.5593277157559097
2.19862871328441,2.5678414323722274
0.011203317717668368,-0.9854257239450332
0.011203317717668368,2.0984968069050254
-3.1051385110226946,-0.9854257239450332
-3.1051385110226946,2.0984968069050254
-2.5333882557693026,-2.243348392189774
-2.5333882557693026,0.8462054819955116
0.5994597756931713,-2.243348392189774
0.5994597756931713,0.8462054819955116
0.7295616149266988,0.9776529497244554
0.7295616149266988,-2.1058339311246663
-2.3865505706857166,0.9776529497244554
-2.3865505706857166,-2.1058339311246663
0.562697867117004,0.8777240508730395
0.562697867117004,-2.2494643646040626
-2.5728128092978118,0.8777240508730395
-2.5728128092978118,-2.2494643646040626
-0.8076067322763328,-0.7544336876940873
-0.8076067322763328,2.34792170964306
2.3312218498241895,-0.7544336876940873
2.3312218498241895,2.34792170964306
2.338070783314197,2.3398956067435397
2.338070783314197,-0.7642571463932788
-0.7806018643929844,2.3398956067435397
-0.7806018643929844,-0.7642571463932788
2.2497192380284683,-0.7896073782915528
2.2497192380284683,2.308372945684135
-0.9739667539729839,-0.7896073782915528
-0.9739667539729839,2.308372945684135
-0.7629224404668619,2.167189461505854
-0.7629224404668619,-0.9304631204497146
2.3635414542943556,2.167189461505854
2.3635414542943556,-0.9304631204497146
-0.8735115122109158,-0.829994979782491
-0.8735115122109158,2.26138724685832
2.2215287256632865,-0.829994979782491
2.2215287256632865,2.26138724685832
2.5448156371530395,2.340827927078262
2.5448156371530395,-0.7741185319979106
-0.5918192762079936,2.340827927078262
-0.5918192762079936,-0.7741185319979106
0.8179093503815182,-2.422108074552765
0.8179093503815182,0.6779131849212178
-2.271979424019312,-2.422108074552765
-2.271979424019312,0.6779131849212178
2.3560649432921386,2.1033518250744283
2.3560649432921386,-1.031624396508903
-0.7488346886337554,2.1033518250744283
-0.7488346886337554,-1.031624396508903
2.3515883259277106,2.3322240656454003
2.3515883259277106,-0.7730392623989933
-0.7554208986598828,2.3322240656454003
-0.7554208986598828,-0.7730392623989933
2.3328311611629897,-0.7649314286414972
2.3328311611629897,2.3399620266090686
-0.7731937933119017,-0.7649314286414972
-0.7731937933119017,2.3399620266090686
2.5307511107022145,-0.9692859896455679
2.5307511107022145,2.1064248893766075
-0.5797262470941603,-0.9692859896455679
-0.5797262470941603,2.1064248893766075
0.6218829801022357,0.7937396391598642
0.6218829801022357,-2.321638327931669
-2.482781604056292,0.7937396391598642
-2.482781604056292,-2.321638327931669
0.7464489963472732,-2.388243932272882
0.7464489963472732,0.7214298491042104
-2.3499948372516437,-2.388243932272882
-2.3499948372516437,0.7214298491042104
2.5487095233525627,2.258583665465673
2.5487095233525627,-0.9229702135565934
-0.5770838239656679,2.258583665465673
-0.5770838239656679,-0.9229702135565934
1.3433036689169173,-2.9870659360348717
1.3433036689169173,0.160722404461093
-1.8162368858961495,-2.9870659360348717
-1.8162368858961495,0.160722404461093
2.5645029113518807,2.2997083885554512
2.5645029113518807,-0.8340361296508153
-0.5773323314778992,2.2997083885554512
-0.5773323314778992,-0.8340361296508153
2.5636090913648975,2.2994221761649656
2.5636090913648975,-0.8342382309919422
-0.5784928233843495,2.2994221761649656
-0.5784928233843495,-0.8342382309919422
2.6031480625720365,-0.8884674230943591
2.6031480625720365,2.2263696266351594
-0.5304207033487268,-0.8884674230943591
-0.5304207033487268,2.2263696266351594
-2.2997804490574607,0.5779791086552867
-2.2997804490574607,-2.5649402407614446
0.8334021044820562,0.5779791086552867
0.8334021044820562,-2.5649402407614446
0.5775288872420661,-2.2974947145473927
0.5775288872420661,0.836290545284962
-2.5645233322454484,-2.2974947145473927
-2.5645233322454484,0.836290545284962
-0.7938539369582852,-0.9603216346215045
-0.7938539369582852,2.140574335586858
2.3093323328480486,-0.9603216346215045
2.3093323328480486,2.140574335586858
2.8542058262903787,1.71148259235679
2.8542058262903787,-1.469981151129599
-0.26927625666945204,1.71148259235679
-0.26927625666945204,-1.469981151129599
-2.6223722651329964,-2.217489598927124
-2.6223722651329964,0.8948059127617878
0.508121412192964,-2.217489598927124
0.508121412192964,0.8948059127617878
-0.8750808849131492,2.262553041166751
-0.8750808849131492,-0.8296705052850688
2.21996388055012,2.262553041166751
2.21996388055012,-0.8296705052850688
-0.7515466398260875,-0.7693849835405513
-0.7515466398260875,2.3380457497851523
2.354000819549369,-0.7693849835405513
2.354000819549369,2.3380457497851523
2.3385986217946417,2.3382933600862383
2.3385986217946417,-0.7662228928733523
-0.7671694650985713,2.3382933600862383
-0.7671694650985713,-0.7662228928733523
-0.6731015365817297,-0.9070532397893399
-0.6731015365817297,2.18617799959159
2.4574263011328283,-0.9070532397893399
2.4574263011328283,2.18617799959159
0.8329162548859322,0.5789199594221605
0.8329162548859322,-2.563195505199086
-2.3007210997819474,0.5789199594221605
-2.3007210997819474,-2.563195505199086
0.5790998124270842,-2.2989462557691533
0.5790998124270842,0.8343854899241036
-2.5632346918591504,-2.2989462557691533
-2.5632346918591504,0.8343854899241036
-0.8413084502423739,-0.5877916304798828
-0.8413084502423739,2.555222989184632
2.317777597438337,-0.5877916304798828
2.317777597438337,2.555222989184632
-2.337078632188269,-2.34531906070552
-2.337078632188269,0.7569143379607446
0.7998743302704433,-2.34531906070552
0.7998743302704433,0.7569143379607446
-2.3373735512535725,0.7636143279419771
-2.3373735512535725,-2.34041113575305
0.7802578696406886,0.7636143279419771
0.7802578696406886,-2.34041113575305
-0.6213723952426906,2.3187185750045485
-0.6213723952426906,-0.7959001986402027
2.4840149274592696,2.3187185750045485
2.4840149274592696,-0.7959001986402027
-0.7198851162445091,2.347438055570186
-0.7198851162445091,-0.7485193145447134
2.3903206092154874,2.347438055570186
2.3903206092154874,-0.7485193145447134
2.3173705942325,2.351708128388777
2.3173705942325,-0.7489383010456075
-0.8243426665978695,2.351708128388777
-0.8243426665978695,-0.7489383010456075
-0.7807789856843673,-0.7607784788843376
-0.7807789856843673,2.3435455544347112
2.336409830656444,-0.7607784788843376
2.336409830656444,2.3435455544347112
2.3003775543955083,2.5627496924252697
2.3003775543955083,-0.5790824074226301
-0.8333137363329808,2.5627496924252697
-0.8333137363329808,-0.5790824074226301
-0.5786472813529687,-0.8336751946367412
-0.5786472813529687,2.299971549315369
2.5630520555304868,-0.8336751946367412
2.5630520555304868,2.299971549315369
2.436127108331479,2.543678155788881
2.436127108331479,-0.6073921247007061
-0.7110289738583643,2.543678155788881
-0.7110289738583643,-0.6073921247007061
2.0307854021048364,-1.0428518211513327
2.0307854021048364,2.0369450692739277
-1.0488557289231537,-1.0428518211513327
-1.0488557289231537,2.0369450692739277
-1.9379367776228413,-2.6130249065032896
-1.9379367776228413,0.5170940520269537
1.1654354975156924,-2.6130249065032896
1.1654354975156924,0.5170940520269537
-0.7010765195481191,-0.8784864467150312
-0.7010765195481191,2.228005799334264
2.4182714300956056,-0.8784864467150312
2.4182714300956056,2.228005799334264
-1.016034960380376,2.540647713083266
-1.016034960380376,-0.5934284475617677
2.1159811009625304,2.540647713083266
2.1159811009625304,-0.5934284475617677
2.4573898807650294,-0.6909567160574774
2.4573898807650294,2.4604992110821176
-0.6934217378058958,-0.6909567160574774
-0.6934217378058958,2.4604992110821176
-2.331818503062178,0.8186455487710691
-2.331818503062178,-2.2947695758132256
0.7818256465585759,0.8186455487710691
0.7818256465585759,-2.2947695758132256
1.5364340238594467,-0.9280313713994341
1.5364340238594467,2.1382461621625755
-1.5568081485197318,-0.9280313713994341
-1.5568081485197318,2.1382461621625755
-1.1742965708145856,-0.5974306296246288
-1.1742965708145856,2.532008766068201
1.9573341301048066,-0.5974306296246288
1.9573341301048066,2.532008766068201
-0.8911603782749142,-0.8130939762998413
-0.8911603782749142,2.28040657877688
2.1900995583140856,-0.8130939762998413
2.1900995583140856,2.28040657877688
-0.8142204057690884,-0.8246571682070862
-0.8142204057690884,2.2692832375971013
2.287712219783211,-0.8246571682070862
2.287712219783211,2.2692832375971013
-2.9845945201830295,1.0628161889668095
-2.9845945201830295,-2.048010566327894
0.18010590805903257,1.0628161889668095
0.18010590805903257,-2.048010566327894
-2.3626068727461758,0.7537832240804834
-2.3626068727461758,-2.3613029184526964
0.7523008006497545,0.7537832240804834
0.7523008006497545,-2.3613029184526964
1.0228628540097904,0.8704956172720293
1.0228628540097904,-2.2325768163611004
-2.06292111472612,0.8704956172720293
-2.06292111472612,-2.2325768163611004
-0.4396727159548708,-1.012121361649049
-0.4396727159548708,2.100360952120065
2.68770337432183,-1.012121361649049
2.68770337432183,2.100360952120065
-0.5523921281758342,-1.0358634714962056
-0.5523921281758342,2.040232111631309
2.5580189507919773,-1.0358634714962056
2.5580189507919773,2.040232111631309
-0.9618576347238723,-0.5053303669869237
-0.9618576347238723,2.6496122609709616
2.1923145065487417,-0.5053303669869237
2.1923145065487417,2.6496122609709616
-2.1332854458273287,0.8943133204579398
-2.1332854458273287,-2.2067736989216704
0.9478993592966334,0.8943133204579398
0.9478993592966334,-2.2067736989216704
