Torsion_1 Torsion_2
-1.0380954715867918 3.0869521901066306
-1.0380954715867918 -0.06794005719280523
2.1685522493661824 3.087885052204497
2.1685522493661824 -0.0668545031002202
-0.7050645836695696 2.7531775278190347
-0.7050645836695696 -0.4368866265094602
-0.7068445913625624 -0.4355463766379784
-0.7068445913625624 2.754927979883971
-2.010771491794576 -3.108705160646156
-2.010771491794576 0.03601522609474365
-2.0140869305723847 0.037773456294953815
-2.0140869305723847 -3.106998485940273
1.043257808347312 0.1742390068148008
1.043257808347312 -2.9934092736767743
-2.159949076943682 -2.9929558477025515
-2.159949076943682 0.17492336927114496
1.0630620837249454 -3.079799987065688
1.0630620837249454 0.10581311310558615
3.0110629805514515 2.3267151691790624
3.0110629805514515 -0.9380494887528764
2.767332452339178 2.794385943352638
2.767332452339178 -0.3951138043775328
0.8051393269314938 0.41079487371969625
0.8051393269314938 -2.7520491136807492
-1.377456233135163 -0.23286494927383583
-1.377456233135163 2.9368958348469363
0.8110677554763598 -2.8650160078540696
0.8110677554763598 0.30718154994678043
-2.430155651431851 -2.864633874942044
-2.430155651431851 0.3075833403947918
-0.5804097256795044 2.7827675006487493
-0.5804097256795044 -0.40453183004060617
2.6529434971481924 -0.4095583913571845
2.6529434971481924 2.777700502810581
-1.1485758322382353 -0.03478701898960233
-1.1485758322382353 3.108305953240609
2.0471263667414514 -0.03551805364520022
2.0471263667414514 3.107551920817714
2.4297894721339204 -0.41633809208676126
2.4297894721339204 2.7467267032259066
2.653303367381465 -0.4094276279323033
2.653303367381465 2.7777666785663233
-0.5784276024241107 2.781574351426085
-0.5784276024241107 -0.405842958453524
-0.8278525311524526 2.7766280729180113
-0.8278525311524526 -0.37816888982836977
2.2397321804998547 -0.2314852431599558
2.2397321804998547 2.953755670704605
-0.7751604789174804 2.7480494355678573
-0.7751604789174804 -0.4250648728466678
-0.5692547743566709 -0.8061140916628855
-0.5692547743566709 2.3527438951072233
-0.8045980735877019 2.6602238571267307
-0.8045980735877019 -0.5708473346635902
-0.8061140916628855 -0.5692547743566708
-0.8061140916628855 2.6618386931821316
2.6602238571267307 2.3546972040999243
2.6602238571267307 -0.8045980735877019
-0.9885972434114418 -0.21085838023048675
-0.9885972434114418 2.966822380195965
0.1826429628337683 0.938887705649382
0.1826429628337683 -2.325706105642521
-2.7791997257219565 0.3990153647902773
-2.7791997257219565 -2.789749305630526
-1.1615419347863971 3.1085010793649763
-1.1615419347863971 -0.03598729426236767
-1.161010892021375 -0.036261577901766
-1.161010892021375 3.108402537128519
-2.4231912729856657 -2.87909527844034
-2.4231912729856657 0.29061499585245487
0.8149173040100981 0.29394848820695313
0.8149173040100981 -2.8758167917388415
2.647344029421238 2.7778050239744587
2.647344029421238 -0.41099829736298565
-0.5794193134035769 2.777616311970488
-0.5794193134035769 -0.4115698031470845
-1.977317177843262 -0.07285667991145481
-1.977317177843262 3.0531399531453305
-2.4024478353656007 -2.7726495416123664
-2.4024478353656007 0.38184256994891036
1.127021682137332 0.3892866287358336
1.127021682137332 -2.8150535296709918
-0.8259435006392628 2.7734951831293344
-0.8259435006392628 -0.381169811303515
-2.1320832046598497 -0.022575995521161348
-2.1320832046598497 3.105417263885677
1.0373676645157834 -3.0097812430325743
1.0373676645157834 0.1628924311613826
-0.7628298252383107 2.381216327837146
-0.7628298252383107 -0.7459180425398376
-0.7459180425398376 -0.7628298252383107
-0.7459180425398376 2.374539886451626
2.4186709581577803 2.833359882214591
2.4186709581577803 -0.348829136089086
2.130403350698141 -3.1009085565603103
2.130403350698141 0.027237336802360484
1.0556976127684559 0.0013050884752694935
1.0556976127684559 3.1355442342417135
-2.3769884372753363 0.31710503191626
-2.3769884372753363 -2.860452025941491
2.6095096711276478 -0.2183707548437229
2.6095096711276478 2.9337850170970685
1.7727949025632113 -0.1666100450776874
1.7727949025632113 2.9366567730441457
-1.2926526457655452 2.8763517525107045
-1.2926526457655452 -0.255794714197857
-2.2152637554907346 0.024979995410481178
-2.2152637554907346 -3.1195205872890477
-1.0577669170419322 -3.1326660822825456
-1.0577669170419322 0.0015799164836063162
-2.141246995712153 -0.0008778207538541173
-2.141246995712153 3.1325818472944365
2.139491738374044 -3.132383618089446
2.139491738374044 0.0019160184097749661
1.4767212382363364 0.12198480462183815
1.4767212382363364 -2.991630758364287
-1.7043134666351192 -2.9856092627899113
-1.7043134666351192 0.14633983609715004
-2.527627561753823 0.8904488286428033
-2.527627561753823 -2.364017058973396
0.9830201091550529 -2.6389470015603123
0.9830201091550529 0.5031776300272502
2.6496516676723125 2.7576555806762006
2.6496516676723125 -0.44644173109172874
2.59541156922968 -0.45990418128444144
2.59541156922968 2.7323711634724313
-1.0642573019167372 -3.1009287737254625
-1.0642573019167372 0.026080528775362297
-2.4164975336788754 0.34840958299795116
-2.4164975336788754 -2.83369684784205
-2.1314990990415925 3.100093962358076
-2.1314990990415925 -0.027907347778280876
-0.7379004818168647 3.0436286956255496
-0.7379004818168647 -0.12979711606516917
-0.4215443781006703 2.7528347444590473
-0.4215443781006703 -0.4059647115046886
-0.3909741272407073 2.588090290889126
-0.3909741272407073 -0.5913081357604909
1.9559095362176637 -0.13128796651090158
1.9559095362176637 3.0100225744045974
-2.7026587871699785 0.4197625049930171
-2.7026587871699785 -2.7626272040378708
0.45453043879606886 -2.7655429019103592
0.45453043879606886 0.4174677695729142
-1.5528504375286842 -0.001253999091157972
-1.5528504375286842 3.140193126250826
0.920086966693282 -2.8515519606881248
0.920086966693282 0.3234381345711063
-1.0914618528767193 -0.5173852581275309
-1.0914618528767193 2.5900303970028475
2.0500580496415868 2.5885483492238053
2.0500580496415868 -0.5188257326191889
-2.0401417228418355 -3.0845844869324135
-2.0401417228418355 0.054657008174661424
-1.3947874778910665 -0.19962518350864544
-1.3947874778910665 2.9265327345434624
1.6933684139822298 2.907222354221102
1.6933684139822298 -0.1930969654464159
1.2268492823810504 -0.12132228821470561
1.2268492823810504 3.0486349248973132
-0.9739754838123366 -0.5354477332891787
-0.9739754838123366 2.5786594976495207
2.1675859525319616 2.5794862340814513
2.1675859525319616 -0.5346883466241591
0.6693505843187995 0.21012948828789
0.6693505843187995 -2.957227082994124
2.255485655045466 2.5940975086210094
2.255485655045466 -0.605122796410715
0.7976637828783225 0.41585724891247233
0.7976637828783225 -2.7490238842487713
0.6603067990009044 0.45482263519464544
0.6603067990009044 -2.6859167264988115
2.6312106120567553 -0.49751481827835026
2.6312106120567553 2.702233893121256
-2.428437038259257 0.41282164375698677
-2.428437038259257 -2.75179475560989
-2.106467593104084 0.539189153933695
-2.106467593104084 -2.578258608454686
1.0364351254832536 -2.5802027545163937
1.0364351254832536 0.5375867352148062
2.1230148459345304 -0.16002249211332564
2.1230148459345304 2.9846428709150996
0.6609180788439808 -2.687454993248837
0.6609180788439808 0.4533151856657376
1.4569908683674766 0.1371629667881725
1.4569908683674766 -2.993519114879286
-1.633219716800007 -3.0032052497851507
-1.633219716800007 0.10999777357780924
2.173382832508635 2.6942672549676385
2.173382832508635 -0.48725226438263275
-0.5482162570653095 -0.3721521334713212
-0.5482162570653095 2.8371840853116366
-1.0030300582186824 -0.15876972428901173
-1.0030300582186824 3.025284832039229
1.2148199942832614 3.0563069697071152
1.2148199942832614 -0.06738147257764661
-2.206417137117962 -3.0480513247309653
-2.206417137117962 0.11666917730553385
1.036104995951165 -3.0238111551797213
1.036104995951165 0.1503596150544329
-2.33682145071821 0.15433869068763273
-2.33682145071821 -3.0156365216205723
-0.5375376924603232 -0.5355143126698717
-0.5375376924603232 2.657168388048052
-0.5355143126698716 2.654843582098769
-0.5355143126698716 -0.5375376924603232
2.1277752889919257 -0.182381903169181
2.1277752889919257 2.9493202124704028
0.6207451122891391 0.7930289967641144
0.6207451122891391 -2.4139861634612125
-2.4139861634612125 -2.5637483935036904
-2.4139861634612125 0.6207451122891391
-2.142831567590717 -3.0271354386323375
-2.142831567590717 0.14904652336374
-2.7332239527024274 -2.6970600192666585
-2.7332239527024274 0.5073104381841956
-2.3640448170321 -2.9411254282539527
-2.3640448170321 0.24473643856986407
2.346456346821576 -0.3270405366939226
2.346456346821576 2.8452335419762877
2.028577250550488 0.00042163054178882505
2.028577250550488 3.125700065097072
-1.0020199508324679 2.993036069012093
-1.0020199508324679 -0.1693399882914279
