Torsion_1,Torsion_2
0.4530285187870069,-3.1091846255856916
-3.1328127482642834,-0.02391478824292007
-0.45300615859155724,3.1093598520801438
-3.141309874725826,-0.002682876806683528
-3.0195380009408406,-3.0919055429794424
0.29598708053799844,0.35537370590694894
-0.4149836713842987,-0.415489481564226
-0.4531141424653976,3.1131810242092506
3.0650144425056647,-0.1445613884240498
0.45676456291168405,-3.1076621546046463
-0.061687502925062,3.1372705877992315
-3.0493548671416484,-0.15571559713553737
3.0613065769852175,-0.2728276380037212
-3.072484821505153,-2.9247514085683126
3.13253964663124,0.03669659901799338
-0.45937235754629996,3.1101329318868576
0.4056101531337677,0.4052459718114569
0.45194859074068783,-3.111603921705175
0.450569686385684,-3.1106907001953066
-3.1306472317426968,-0.0344566453110615
3.1404762514269393,2.4048588337743264e-05
-0.4530535154537185,3.1077966925777596
3.1383459799228115,-0.0029116843197998124
0.3852135276899467,-3.041375860678424
-0.45200595976514457,3.1140507987444197
2.9982372000879978,-0.029165406507667767
0.4275363031044165,0.42630082955126786
0.4151335351797875,0.41541965925001634
3.1397166658712607,-0.03972698983042687
3.13078358305031,0.017509953553370757
-0.40595865776013546,-0.40562367200476
3.138677665894597,-0.002829653206260717
-0.37704642749983774,3.040925030688937
-0.3960748244157815,-0.37414190502175193
-3.0624472647377563,-0.17086727743854557
-3.1410818200649855,0.00010296684422821803
-0.45421521689495126,3.1100943852294267
3.141421864759199,-0.0008047202472641038
-3.1163413961123334,-0.04421636703348677
3.134046626113392,0.24765065651056836
3.1361389088524927,-0.006486247223128763
0.40587533489942623,0.3817632847653127
-3.0966864326066528,0.12117951336431819
-0.3779364618993342,-0.38118574229452246
-3.126342936242,-0.022587621080152682
0.2051822445544741,-3.055687551060729
3.140183545295913,0.0028781635544091284
3.141268114182043,-0.001616894522488698
-0.3807446974402017,-0.38077597909020927
0.3872112408112931,0.3662349957478395
-3.1388419033525254,0.0023267468424236705
-0.4558192101824422,3.110220709110707
3.1331470383794455,0.11419912346222053
-0.4554365591966668,3.109613917681468
-2.9849369211488086,-0.19198294122126733
-3.139819721740022,0.0003477177568096987
3.1403199637644854,-0.0014741939774424505
3.0451546088284602,-0.21009842460354083
3.1402868615906003,0.0429118615746709
-3.065191828271212,-0.17131861586957714
-3.043731721291439,-0.029284322949792812
-3.1382789736139682,0.010653691366235576
3.136501843629108,-0.008059668193747628
-0.032877368144501685,-3.1415486202800427
3.1386803845492537,0.02429545446126759
3.140363304850935,0.0010629247456565374
-3.139116788793476,-0.028792239424720943
-3.1275367921530277,-0.1312136778408937
3.1349034825555697,-0.005685412476599427
-3.1401360893044097,0.0008909871492687165
3.0937551095396296,-0.14055485838539591
-0.3821936775405535,-0.33198684970956643
-3.1344397558951536,0.006864004348693938
-3.1379785022601108,0.008705469051487143
-0.38114137117901775,-0.3815221592208576
-3.139793808955343,0.001393672234128738
-3.1349904766646217,0.005582545552274022
-0.37733362943608145,-0.48092791775623217
-3.1348513123030233,0.0037429346367921098
3.136346453007294,-0.0031232650387379127
-2.855529318434076,0.39877731534506267
-3.1276619190205937,0.040593406008346725
-2.8982140926730127,0.20807538774347226
0.02304097660823515,3.139613000300726
0.10354416823770944,-3.127995995463316
-3.136039853108077,0.009348338482181326
-3.141538786191794,-0.0006161300302353227
3.1381837605478107,-0.00027881182064471593
3.100241694419448,0.0838429019765773
-3.137077519343723,0.0055477443212593736
3.139629537998936,-0.0021008396459292625
-3.133680830256001,0.004978726640686339
-3.036626795755547,0.15124257589916476
-3.135492460962232,0.0064951558420423315
-3.1373924844603556,0.10146373353005445
3.132046974028445,-0.05933566047798095
-3.136145179796638,0.00436969612265845
3.124021257508896,0.12063270224697913
3.1410795918137566,-0.0025647028335158977
-3.1414259446948183,-4.0510027817085885e-05
0.028929923527073253,-3.1375386547399087
-0.015214461125113838,3.126903433393451
-3.1228755448968273,-0.09905240735328448
-3.1400179524313794,0.0030410865800597027
0.019675260019496425,3.115772443890805
3.13805769661684,-0.0009698040048102312
-3.131903715372489,0.001685948790464112
0.37625902563678054,0.4803381474172237
-0.031106757412291214,-3.138014499024075
-3.1358674075852795,0.009236125433644047
3.1415867878975847,-0.000484182357539895
0.007200118948916186,-3.1354502436600304
0.4094046873275615,0.3680760020319658
-3.134927463425886,0.0017998839593783794
3.1410218903195144,-0.0006300921631040635
3.137541540090097,-0.05740908347010519
3.140081848119338,0.00028004663000707753
-0.02932814470366339,-3.1411556263774894
3.0948128844415326,-0.1258865346113481
-3.12975881880371,-0.09634320680072427
0.3700714930396395,0.3105327975474363
-3.1338384136006288,0.007165723040048568
3.1393661442018566,-0.00010754004500312737
0.35108134117681894,0.41705909503529154
0.019027801855699127,3.140538307589442
-3.0992270432440034,0.12357111046766406
3.1246262708802166,-0.022087004741065397
3.1328441615164757,0.0008535007883702822
3.139532864133583,-0.0010622261218865042
-0.2741208738882026,-0.38603051012535555
3.136261741158813,-0.007483366669610109
-3.1333496281984208,0.004088771833989536
-3.1210094619477955,-0.011147465104999163
-3.134191336213084,-0.0010960872340313964
-3.1414824872905123,0.0006974351637784259
-3.1342282992558506,-0.027428021682036653
0.3772638375173733,0.4810180746142635
-3.115046596089248,-0.0339365490502386
0.03930296986350223,3.111677995594675
3.1405981788461386,0.0003163536639418997
2.8296189085735755,-0.30951528658990246
3.1355940558224877,-0.0030395856568167373
3.138998742273577,-0.001341128298520457
-3.1336051452886062,0.018775736136308757
3.133726749047803,-0.006180766745963855
3.131189111066234,-0.06420810925210754
3.1350307396147086,-0.005391801022008915
-0.0207629725410463,-3.137165786127744
-3.13156603460414,0.002954458272081804
-3.1267199894619564,-0.018055404710382597
-0.001658478281097854,-3.1364321416863206
3.1408818432670804,-0.0025830309028602146
3.132204718869562,-0.03687182835377423
-2.961253296080592,-0.03608560975820842
3.1404320023321524,0.0010373718449602587
3.1379792604881813,-0.0047525177431494755
-0.1603806417005691,3.02032020909453
-3.128758436467035,0.013527692925093152
0.004064462341190102,-3.137656187507039
3.137226949725366,-0.009688236047163212
-0.032448438961695615,-3.1365709782830598
-2.6515687257632647,2.9542754431174734
3.0692982011305636,-0.06582055230878574
3.1279737491620114,0.12302187590569162
3.116840309121415,0.010112169800047482
3.1406280161043547,0.005609218583812283
3.1274248283178743,0.12096238760807113
-3.1352562099984747,0.006249954241495416
3.127119323552836,0.004945143437857724
3.1385212465767816,-0.004572635869898694
0.10163785165254524,3.13453074352622
0.009940416804526637,3.1310245700041848
