Torsion_1,Torsion_2
-1.6215956473902444,-1.159598606297469
-1.6215956473902444,1.147282119862349
0.9309817682704105,1.2995010478061464
0.9309817682704105,-2.656097660150852
1.1061033515139345,1.2982440742904604
1.1061033515139345,-1.8122528489576648
-1.5846725971611828,-1.6588091486506589
-1.5846725971611828,1.092879505511341
-0.7081975915730483,-1.353637709126857
-0.7081975915730483,1.4296271189596759
1.7060640665743478,-0.9676365869140389
1.7060640665743478,1.2415777596220965
-1.4412755309606304,-0.9186974185238586
-1.4412755309606304,1.4780809564341126
2.023191009046123,-1.6045653392848045
2.023191009046123,1.412523830779362
-2.1195429928522342,-2.416974442861882
-2.1195429928522342,1.5337916417110642
2.013738752585328,2.94532824552521
2.013738752585328,-1.2848813822690737
1.6990995486456908,-1.1324576445818153
1.6990995486456908,1.4199450450033595
1.4628183750754555,-1.4438779198874436
1.4628183750754555,1.4834807207085436
1.5521303164339628,2.1704406626700865
1.5521303164339628,-2.1854891305382407
-1.5483231362743983,-1.1703214542639275
-1.5483231362743983,1.2244060417769602
0.8768357931275372,-1.4072323604235222
0.8768357931275372,1.2317120459633462
1.9231176958431628,-1.236946455931774
1.9231176958431628,1.4066777799500019
-1.5995098098301417,-1.104669292793646
-1.5995098098301417,1.1597996777473896
2.109825783060284,2.247657256017168
2.109825783060284,-0.8529879917801185
1.5533542945722185,1.254675264680733
1.5533542945722185,-1.296381478689838
1.8657169489221481,2.599261241038769
1.8657169489221481,-0.8612626484688402
-1.308830208375802,2.147576326512835
-1.308830208375802,-1.8403548258266516
2.251156841128755,-2.2355471119333443
2.251156841128755,-0.9837970170012504
1.5928566431341096,-1.2814136211139346
1.5928566431341096,1.2999775511451703
1.4852217746634915,-1.2138710930405008
1.4852217746634915,1.2515286901915437
-1.0784851483992974,-1.33254166680762
-1.0784851483992974,-2.546850309748514
-1.4438994592473124,-1.035323103997951
-1.4438994592473124,1.1478699906934855
-1.5741272699236302,-1.391061868738448
-1.5741272699236302,1.2229885628452029
-1.8479425608095432,1.444843559642986
-1.8479425608095432,-1.2416305033220216
-1.0838245477425055,-1.3320044488107998
-1.0838245477425055,-2.54680338189461
-2.339031621397972,1.4240217879660662
-2.339031621397972,-2.4274608843835153
-2.016486472307656,-2.827773739311465
-2.016486472307656,1.2008637781366338
1.371168477593013,1.5181436396186718
1.371168477593013,-1.3477083497601645
1.3608999413895249,-1.2137984515559432
1.3608999413895249,2.2252845345504317
1.3061465353818804,0.9369473738451131
1.3061465353818804,-1.6481458780649554
-2.100240184330515,1.3372644455001947
-2.100240184330515,-2.4408077826428127
-1.9107790196349557,-1.9014880093142037
-1.9107790196349557,1.9209544806741907
-0.9889345259985717,2.0339356356797818
-0.9889345259985717,-0.47130361163784856
2.250805427937471,-1.848764338988925
2.250805427937471,2.1578741435646513
-1.809450063389117,1.0563847319701347
-1.809450063389117,-1.4486773981983847
-1.3131350148453254,-1.3575075695923673
-1.3131350148453254,2.253579853773621
0.9823075071906882,-2.12924179714674
0.9823075071906882,2.8871770755644133
-1.2889430957581192,-1.454845746101075
-1.2889430957581192,2.4054140654052367
2.3278476952467013,-2.0264176400905565
2.3278476952467013,2.0311380681321856
-1.085340533673171,2.619859516198473
-1.085340533673171,-0.7608310415233253
-1.9672426304657076,-1.5038706499190022
-1.9672426304657076,1.4853244080861623
1.8122943852229205,1.3938760944272286
1.8122943852229205,-1.4849489449138236
1.536613229729558,1.2050960294069555
1.536613229729558,-1.2014191778036207
-1.665770197373202,1.006106083797798
-1.665770197373202,-1.1258661856673635
-2.064243988758072,0.7427183403582132
-2.064243988758072,-2.147217733697706
-1.3095054747625792,-1.458273747453091
-1.3095054747625792,1.1862776436068212
-1.2490894141833937,-1.3769983082626667
-1.2490894141833937,2.4018780563648776
1.2862599689044618,-1.6285735921483022
1.2862599689044618,0.9836809684447351
1.6786969852869875,-1.091230557693923
1.6786969852869875,1.3650218742925773
-1.2464109183743348,1.6146332164469182
-1.2464109183743348,-1.6815960157459395
-1.2033455108059388,1.339229949282208
-1.2033455108059388,-0.9564955793014756
-1.439947600109925,-1.3625766722777988
-1.439947600109925,1.1330209249001328
-1.0723990121964555,1.9870034640287881
-1.0723990121964555,-0.5442490197299206
1.2606679358951842,-1.360338028159692
1.2606679358951842,1.0620141469564588
1.1756816707193343,-2.1964470220481602
1.1756816707193343,1.5089389056828353
-1.4446173050726148,-0.9648059607065123
-1.4446173050726148,1.74618541971635
1.3199726141410622,-0.005758812409503497
1.3199726141410622,-2.6379410984203266
1.601814506995823,-0.9472576021530777
1.601814506995823,1.3277996316407148
1.1763119856753823,-1.1924039586328423
1.1763119856753823,1.2324805271887802
-1.6620037775735463,1.1355996523132978
-1.6620037775735463,-2.266846024875197
2.2815479269450756,2.325539632520589
2.2815479269450756,-1.5461434933211813
2.0676231587924496,-1.3557387571468942
2.0676231587924496,2.0924883895708066
-1.0653169324410148,1.5329849752007068
-1.0653169324410148,-1.302911223297508
-1.5062683024291887,-1.2344068068916785
-1.5062683024291887,1.1391330769638153
-1.5648351118371184,-1.275224593787766
-1.5648351118371184,1.2208365750697547
-1.6209783628109025,-1.446099821950121
-1.6209783628109025,1.3168019634930637
-1.6028870747707933,0.9459465812769403
-1.6028870747707933,-1.3300451497953347
1.822674813473518,-1.1191884683446824
1.822674813473518,1.192840376194203
1.2934735988747716,-2.0043488674404832
1.2934735988747716,0.7074117494858508
1.3100479910508345,-1.0846497560995554
1.3100479910508345,1.3339425393920497
-1.251210487075205,-1.5280248572884711
-1.251210487075205,2.934418626682158
-2.109047457919947,-2.769323660960418
-2.109047457919947,1.1667888964816806
-1.4638584946680788,-1.4690466309490244
-1.4638584946680788,0.9683108365153026
1.3400341338983472,1.3245312638302142
1.3400341338983472,-2.688709993120934
1.6863893350439263,2.739688651521353
1.6863893350439263,-1.306352505624139
1.154742181891525,1.403412307139821
1.154742181891525,-2.708475948042687
-1.6754578331954275,-1.373621697098615
-1.6754578331954275,1.1508188998951203
1.1948340977808358,1.6832714466290348
1.1948340977808358,-2.102116899050795
1.518490573307933,-2.2917543864891856
1.518490573307933,1.537211055436565
-1.73188924549086,-2.4828539907242035
-1.73188924549086,1.1865222643990978
-1.3317005107218103,1.4708909716464
-1.3317005107218103,-1.2027582195353588
1.7109157689690448,2.2354725270344065
1.7109157689690448,-1.567287933911871
-1.832839204042633,0.9721426830669285
-1.832839204042633,-1.5458448076847826
1.0524157744766267,-2.216465803839427
1.0524157744766267,0.780988525880762
1.9970852626538906,-1.2630348226746002
1.9970852626538906,1.3862375210530877
1.5757063118884367,1.9090298303239313
1.5757063118884367,-1.9785990030207252
-2.0421953767991785,1.5490852432135482
-2.0421953767991785,-2.4758105189577373
-1.295586909959197,1.4940547712918464
-1.295586909959197,-1.6499844106682604
-1.1236819130145923,2.840900755983137
-1.1236819130145923,-1.360882526387669
-1.5172332940092659,1.186562698880359
-1.5172332940092659,-1.1746576396125366
1.8583596801173607,2.601180526921907
1.8583596801173607,-1.2307497559548795
-1.5375293913668453,-1.2243961887285209
-1.5375293913668453,1.2184982686326966
-1.3047784114526713,-1.549994808504279
-1.3047784114526713,-2.776724427844844
1.8238472858941528,2.2263868203423667
1.8238472858941528,-1.4917070815600537
2.3446775228335297,2.847837878292696
2.3446775228335297,-1.254402849615092
-2.106207366795111,1.3758894719523744
-2.106207366795111,-1.5665504597774298
1.8480540978058098,0.8402059767804804
1.8480540978058098,-1.477469806804943
-0.3635036575012385,1.6907742706621478
-0.3635036575012385,-1.5885662837437717
1.5141492126214915,-1.2530993843633162
1.5141492126214915,0.9075725943698703
1.4354011122128798,-2.1574266064970367
1.4354011122128798,1.0706506852080764
1.6997359571252613,-0.9103983401454384
1.6997359571252613,1.416537854201151
-0.9796593386153609,-1.385228569770027
-0.9796593386153609,2.595800126497642
1.187487977391741,1.3110140253214695
1.187487977391741,-1.568885077900312
-1.3519447479811153,1.0158178300223766
-1.3519447479811153,-1.931461243314572
-1.2982016219509203,2.1460617427071864
-1.2982016219509203,-1.8349474238693904
1.5855879629287277,2.171184686073291
1.5855879629287277,-0.9514535663937591
1.6672381055727958,-1.3006347637443803
1.6672381055727958,2.7422501705653843
1.5149700625551425,2.6989627992854777
1.5149700625551425,1.5031450210347794
-1.5833426410336005,-1.2619109516458664
-1.5833426410336005,1.2090484690487229
1.2788525586897168,0.9018895003329843
1.2788525586897168,-2.3387043479735543
1.854276989890185,2.478692086330752
1.854276989890185,-1.4758393439898925
1.1806817452887777,-2.545141973777743
1.1806817452887777,0.5180954476098281
-1.5476264450914747,0.672183073244312
-1.5476264450914747,-2.1715690711461475
1.6007983717924041,1.3204208218349047
1.6007983717924041,-0.9523263196438086
-2.3369364920746074,-2.0424879414939507
-2.3369364920746074,1.6993870151725161
-1.361735233795425,-1.7643860496003074
-1.361735233795425,1.4033291567591977
1.40010034840726,-1.0522452626164227
1.40010034840726,1.388224956033282
1.4691006698760873,-3.103132534617246
1.4691006698760873,-1.766634718453565
-1.2558722108193772,-1.2543455178256042
-1.2558722108193772,2.6057479902131724
-1.7860562068188233,1.5587704074720412
-1.7860562068188233,-0.9557664924409514
1.6395158369601013,1.2599332237568583
1.6395158369601013,-1.2512380988157858
-1.1909107850176848,2.459116140352963
-1.1909107850176848,-1.4154941230486542
-0.9251979522306165,-1.07906952713675
-0.9251979522306165,1.214516631649732
1.405809772501921,-0.7678892804498947
1.405809772501921,1.5722770578349723
-1.7996067867562204,-2.3918506124225907
-1.7996067867562204,1.6411732557884562
-1.7342056564557686,-1.14611136452863
-1.7342056564557686,1.2915190610829803
1.772416809083583,-1.0034749649786268
1.772416809083583,2.5474858427540994
-1.886169268883299,-2.4923662306351924
-1.886169268883299,1.3131376768839271
-1.2879146420023004,-1.3405473931942302
-1.2879146420023004,2.805288249974384
-1.9030680752835805,-2.89174809318915
-1.9030680752835805,1.0958211352205471
-1.8051611282882778,1.3397396649294548
-1.8051611282882778,-2.7014854444873317
-1.2737813728116492,1.2978110363557234
-1.2737813728116492,-1.7257341988713335
-1.7283320798425963,1.607638237800838
-1.7283320798425963,-0.9278237967200251
-0.8847253406436478,2.404761553556115
-0.8847253406436478,-1.4356562421403978
-2.004665282715065,-1.428477383413411
-2.004665282715065,1.4587592554259665
-1.4827569510953909,1.1008905373790479
-1.4827569510953909,-1.0246129489219533
-0.9025725360814953,-1.5982600039952968
-0.9025725360814953,2.0697209116201605
1.2602049719162003,-2.296423164948977
1.2602049719162003,0.8116018557781802
-0.9277570440832702,2.0492218768866985
-0.9277570440832702,-1.9384778539742828
-1.9976196593153184,1.330852124441198
-1.9976196593153184,-2.6285615934139868
-1.557585991028491,-1.0511192348418912
-1.557585991028491,1.4471496973470022
1.6519277403049737,-1.023360849534717
1.6519277403049737,-3.023305331195662
1.6360772159192707,-1.1774657850231036
1.6360772159192707,1.2444019064789116
2.1954265581010013,-0.926901782780029
1.5876438049976875,-1.2517371811013436
1.5876438049976875,1.200852881443604
1.6514121618308952,-0.9490386815353876
1.6514121618308952,1.2949455382839037
1.8653698506321261,-1.320504238893257
1.8653698506321261,1.384019013748333
1.116893694911131,-2.5323664105952663
1.116893694911131,1.3738652851734612
-1.5431334251771822,-2.4004887064142335
-1.5431334251771822,1.9547149149879297
-1.778757945737407,-2.92065787925903
-1.778757945737407,1.2947592730109543
1.6537910877771058,1.2816492978308327
1.6537910877771058,-0.8759675921089864
-1.666163176544646,-1.3815337294202963
-1.666163176544646,0.9003509212190864
-1.437118727228218,1.1367283277039149
-1.437118727228218,-1.3593275385230965
1.7923042918127308,-1.283800086868962
1.7923042918127308,2.435784813343216
-1.4015459109649457,1.3344261354819005
-1.4015459109649457,-1.0810243448801269
2.4137511045141427,2.069640570915225
2.4137511045141427,-1.4045120055379336
0.91884728023068,-2.3755175434061044
0.91884728023068,1.5314865164832707
1.504325455321908,-1.0955409676710655
1.504325455321908,1.2966751337110698
1.2561131397625858,-2.614559049646704
1.2561131397625858,1.1440563413092522
1.6498985783578335,1.2802464504119564
1.6498985783578335,-1.0325837206755009
1.3281653579400117,1.4258237279664996
1.3281653579400117,-1.0135696764942583
2.560422155032616,2.0502027143263657
2.560422155032616,-1.5823025769734342
-1.4941294405820866,1.2715137871632276
-1.4941294405820866,-0.88714523365206
1.2038165959812837,1.6462114165922868
1.2038165959812837,-2.450457520753063
-1.5684065761520138,1.1146480873030633
-1.5684065761520138,-1.092387519264689
1.604949006018952,1.2640309501329041
1.604949006018952,-0.9916551430486518
0.7347851755647338,-1.890462704202551
0.7347851755647338,1.6489421319753634
1.9862094434836473,-1.5265093946161072
1.9862094434836473,2.6482315745473577
-1.4869428719637026,-1.2855686589891415
-1.4869428719637026,1.1648925269470187
1.905839061984269,-1.3292665571897828
1.905839061984269,2.567539803138859
1.0718056133076515,-1.9868141236768233
1.0718056133076515,0.5450930869235293
1.718296644838045,-2.1923366622933056
1.718296644838045,1.756429290372306
-1.9337870912043567,1.8467690622168786
-1.9337870912043567,-2.1859989848470467
-1.7775587700496345,0.9160911988164874
-1.7775587700496345,-1.929694303755036
-1.951934244674256,-2.670096986395256
-1.951934244674256,1.4189577384621697
1.3914611479867371,-1.0547031211521132
1.3914611479867371,1.3831330145320755
-0.9830286314364558,2.1282441954363476
-0.9830286314364558,-2.8875777676853667
-1.6695808342917917,-1.620524197368347
-1.6695808342917917,0.4908350638051651
0.6845439620621149,1.154290346681877
0.6845439620621149,-2.685591490252845
-1.4283909610585708,0.00506240940652998
-1.4283909610585708,2.318430656437321
1.6096822170609497,1.2616429844161057
1.6096822170609497,-0.9760793812092751
1.5338332969346042,1.2485474743325164
1.5338332969346042,-1.2832369973390958
-2.20891336991789,-2.461431360708703
-2.20891336991789,1.5087221310148466
1.1694409270717578,1.3123975089997728
1.1694409270717578,-2.573946629215848
-2.216817302058595,1.224427947842157
-2.216817302058595,-1.4349870612312665
1.9121853874088655,-1.4335408671859429
1.9121853874088655,2.3576004591660102
-2.1043965133652214,1.4054775469256322
-2.1043965133652214,-1.3536779992964618
-1.4635588646098971,1.155515314922669
-1.4635588646098971,-0.9388363739728336
1.5924175396228464,1.3020069556983638
1.5924175396228464,-1.2795614216953737
2.3243785575193954,2.484920133063163
2.3243785575193954,-1.4644200991417229
1.4878412759702206,0.934787938290097
1.4878412759702206,-1.991223407628505
1.6646381002454418,1.1860241296808576
1.6646381002454418,-0.9218811773981662
-1.9732674178047127,0.9551762870456676
-1.9732674178047127,-2.2490380707708755
1.6352555171288157,1.21261392167219
1.6352555171288157,-1.0813904693864083
-1.4387320893550075,-1.2897430772875145
-1.4387320893550075,1.2459490704211833
1.540046378957074,1.282133937016008
1.540046378957074,-1.3001756315132318
-1.1537356914348302,2.6721682106717966
-1.1537356914348302,-1.2839235168128207
-1.6340506488210544,1.2131123921967422
-1.6340506488210544,-1.0236065588255736
-1.908989523493491,1.2851846625889374
-1.908989523493491,-2.376083636428798
1.74757611457741,-1.1662864739819563
1.74757611457741,1.3354473087042125
-1.2060182098217773,2.382914597407421
-1.2060182098217773,-1.2826739188331175
-1.9789583129920043,-1.0144491371618438
-1.9789583129920043,1.5655475393012814
0.7513775828022141,1.3734397532617295
0.7513775828022141,-1.8374563164689262
1.37123239166499,-1.0092359848374068
1.37123239166499,1.3346263099567226
-1.7320356426664574,-1.45560555814928
-1.7320356426664574,1.3102284159303899
-1.2183919989975944,-1.3797427444628407
-1.2183919989975944,2.6905921415922327
-1.4547582298051154,1.3102053400334133
-1.4547582298051154,-1.250934435224983
-0.9464172858063002,2.198575238624339
-0.9464172858063002,-1.5083544240685882
-1.575912109135702,1.937749304862118
-1.575912109135702,-1.9747442709797594
1.6859200713866092,-1.0438446149252292
1.6859200713866092,1.3398265632298314
1.2773372733567645,-1.5406271148535655
1.2773372733567645,1.302305572002574
2.1247353745185507,2.782177413146067
2.1247353745185507,-1.131275990665327
-2.280563183011445,2.8175554677480235
-2.280563183011445,0.7884912944318515
-1.6339501509168004,0.6160517966090817
-1.6339501509168004,-1.7952215237371967
1.8598284316584168,-1.5817975557735804
1.8598284316584168,2.483633961077225
-1.178246443946935,-1.4693874236226736
-1.178246443946935,1.5839321273841456
-1.6196432949405193,-1.1515604572984186
-1.6196432949405193,1.154779682911304
0.8821724641237564,0.9710974336947626
0.8821724641237564,2.2086077541923776
-1.4730576320831539,0.8497702746713471
-1.4730576320831539,-1.583247663331874
0.9304974279944017,-2.2585115640395763
0.9304974279944017,1.5305289821228099
1.2996757931607779,-2.1612595068361435
1.2996757931607779,1.8279435623673717
1.589269960582646,1.1307223372062782
1.589269960582646,-0.9571878062854986
1.591019671693929,1.2996201592061185
1.591019671693929,-1.281285286737458
-1.955160188148092,-1.7976413469304484
-1.955160188148092,1.013815727914785
-0.98227421134081,2.3953728479480074
-0.98227421134081,-1.2790640991115232
1.6467573297068538,-1.5836514479096695
1.6467573297068538,1.0534812136653169
-1.0621383966917097,-1.0644278357509427
-1.0621383966917097,3.063619634981393
1.1220565264710343,-2.7207533272285995
1.1220565264710343,1.2163479633383942
2.21517689421478,-1.5410334610606617
2.21517689421478,2.362758788452422
1.3649218614579035,1.2990744610561704
1.3649218614579035,-1.0423809547160392
1.9764440324304942,2.694726424815097
1.9764440324304942,-1.4134453903301547
-0.9276883157756489,-1.2519657324327966
-0.9276883157756489,1.280607908981205
2.108646784616881,-0.32173863440711653
2.108646784616881,1.9758467640421724
-1.534304612261781,1.2347726847631468
-1.534304612261781,-1.0830981379587985
-1.2924259849974251,1.2743709479319445
-1.2924259849974251,-1.7445727324112088
1.5486129797338746,0.9690120451439206
1.5486129797338746,-2.055644809250786
-1.818669268305754,1.2093218562002914
-1.818669268305754,-1.2581207146787714
-1.5311308196741011,-1.1375070718294797
-1.5311308196741011,1.823773807799837
1.7674713593801616,2.5580217581652076
1.7674713593801616,-1.4103069871737042
1.5334270267332148,1.303924878572149
1.5334270267332148,-1.1065644372747656
1.281137487608485,-1.4443983521970374
1.281137487608485,1.071420652853227
1.2692507434283056,1.241338046096291
1.2692507434283056,-1.2640905543275807
-1.114268329672472,2.2590712495498915
-1.114268329672472,-0.9435239686743061
1.359015374106651,1.5109397143849121
1.359015374106651,-1.1952425903362458
1.470623729325543,1.2244322816604347
1.470623729325543,-1.1131624650196432
-2.0183701305486963,1.4735042746362599
-2.0183701305486963,-1.124344760260121
-1.4526209165669808,-1.2334778250427925
-1.4526209165669808,1.3021680422920892
-1.1524832769055475,2.3533483536070645
-1.1524832769055475,-1.4439235767612915
-1.5947484546682582,-2.879126897119381
-1.5947484546682582,0.09812739718173037
1.6917598906364169,1.245833169800999
1.6917598906364169,-0.943508268915335
-1.273317284140646,-0.6999109293597939
-1.273317284140646,2.6166473108131876
1.5460783749063916,-1.220465854754356
1.5460783749063916,1.1369606752826347
1.7016654072181112,1.417907822434466
1.7016654072181112,-0.9101342187118765
-1.4715001094563536,1.2708503295635343
-1.4715001094563536,-1.3254342541874422
-1.534527750568061,1.4856765196315957
-1.534527750568061,-1.5764264150063887
1.8348975527147375,1.1854585869613903
1.8348975527147375,-1.2295474336390257
1.613897382684955,-1.1176065403319637
1.613897382684955,1.4026677438136284
-1.871321326046034,-2.4296500427501244
-1.871321326046034,1.4100929998141247
-1.7928233555134927,-1.3444931935307465
-1.7928233555134927,1.517377504803847
0.6405236825402826,1.1787663673121602
0.6405236825402826,-1.701779656978863
1.64739287521828,-0.9677381564975884
1.64739287521828,1.3234790977292834
0.7928861854403535,-1.9980416617750478
0.7928861854403535,1.5861259466012656
1.1126065107893197,1.397684518283979
1.1126065107893197,-1.5434244054725472
-1.3470211456483188,-1.5900660539376341
-1.3470211456483188,1.3103558921486556
-0.8861727756078884,-1.4673683360901506
-0.8861727756078884,2.468892452336734
-1.583390295843685,-1.1661110410726958
-1.583390295843685,1.3414421021887073
2.0106074497048145,2.7676959689343756
2.0106074497048145,-1.4154646875762615
-0.9825566347060323,-2.8855316748770394
-0.9825566347060323,2.1307173402936743
-1.9394038323532132,-2.4071509783381706
-1.9394038323532132,1.2706032339197122
-1.5152715789587283,-1.4346083185189273
-1.5152715789587283,1.0301923866286575
-1.327168874160089,1.9324247052637618
-1.327168874160089,-0.9214168181664509
-1.366592525736591,-1.751617956501375
-1.366592525736591,1.3395879971220683
-1.4389197836437304,-1.0706999412159592
-1.4389197836437304,2.1575954032049873
-1.4028380145346926,-0.8953545047732685
-1.4028380145346926,2.1368711341236524
1.354216236016233,1.1911558415876158
1.354216236016233,-1.2357417692051382
1.6061641735064465,1.2114023685278672
1.6061641735064465,-0.9808770359822343
-2.1090401071280143,-1.82168705727215
-2.1090401071280143,1.9889396035399487
0.8778987339611501,-2.4489525644926915
0.8778987339611501,1.5131788715720904
1.562284456422703,1.218276809109246
1.562284456422703,-1.2463952244492047
1.566709889656104,2.2587747491685595
1.566709889656104,-2.100442645093828
-1.038965152207215,-0.6587527677224024
-1.038965152207215,2.1531715979530106
-1.6905143002209335,1.2240971514298153
-1.6905143002209335,-1.1848079616481306
-1.7521337763380154,-1.129530026619214
-1.7521337763380154,1.8360808315697683
0.9112898594048853,-2.4620097522510656
0.9112898594048853,1.4987639186720711
-1.7042279707194317,1.0166878155366164
-1.7042279707194317,-1.1875838036677877
-1.7772506737923628,-1.903237330743109
-1.7772506737923628,1.0155373243364605
1.8366541602498319,-1.444875970122213
1.8366541602498319,2.5119129192309657
-1.9476141893861503,-2.116074769336188
-1.9476141893861503,0.985786105077063
1.5170886179981327,0.983292151683862
1.5170886179981327,-1.1113548935734474
-1.9312171245357599,1.4593191223956328
-1.9312171245357599,-2.325250507713196
-1.0799382916417284,-1.3498352167874672
-1.0799382916417284,-2.5650425757683992
1.310458100031171,-2.369500059845971
1.310458100031171,1.7075179432311962
1.57342824390709,1.062568463574107
1.57342824390709,-1.0661311024056002
-1.537936099514741,-1.208747764279757
-1.537936099514741,1.3650789776671688
2.3654690805036873,-1.5958546698804383
2.3654690805036873,2.3707418412774475
1.537509068228231,-1.3212064213569403
1.537509068228231,1.3117476164255186
-1.0019232942425569,-0.7706323882235195
2.548453371229379,1.2944142195824064
2.548453371229379,-1.3416605465155396
1.6375047069832145,-1.368061191517262
1.6375047069832145,1.044042617414887
1.6194122652298841,-0.9585516573381844
1.6194122652298841,1.9722183526454815
-2.1294021077351886,-1.9340870338671228
-2.1294021077351886,-3.1295215775816216
-1.6526338640926752,1.2946479736061967
-1.6526338640926752,-1.0645811209005538
-2.304276595809013,-2.461657632422753
-2.304276595809013,1.4939855295251057
-1.319329476225815,-1.6570618467440315
-1.319329476225815,1.1387850409597042
-1.4823676083375337,-1.2435729085465506
-1.4823676083375337,1.094616631338848
1.5239474073386037,0.9996621795677774
1.5239474073386037,-1.077810469961323
0.8413341399904898,1.3849367756599085
0.8413341399904898,-1.3131404129798177
-1.4045983584036095,-1.803260351929592
-1.374210822869988,-0.9854029107898729
-1.374210822869988,1.2486178727640664
-1.0079975172774727,2.0550147590687735
-1.0079975172774727,-0.7451921403023202
-1.37326198559001,1.0116905241107779
-1.37326198559001,-1.3374898869223357
1.3940411589810189,-1.1104801291883848
1.3940411589810189,1.2159257097059109
-1.4235439657872575,2.0889749885792925
-1.4235439657872575,-1.9420453688533676
1.1545372870179422,-1.9284517580392615
1.1545372870179422,1.9107909069235027
-1.4224528967584313,1.0881312117476916
-1.4224528967584313,-1.158703592876668
-1.48757185214561,2.141572977063149
-1.48757185214561,-1.9367024313190442
-1.3580694073523787,2.116882260862427
-1.3580694073523787,-1.8245849899219835
1.542863227351804,1.2256952155971599
1.542863227351804,-1.3477432714264066
-1.5851941250160797,1.1381310424610676
-1.5851941250160797,-1.1537171027405009
-1.2404296165742879,2.5546659000479917
-1.2404296165742879,-0.937296519722308
-1.4620466917191126,1.160197562965024
-1.4620466917191126,-0.9357052606709129
-1.5868861055540002,-2.2224837866819427
-1.5868861055540002,1.6210719421046071
-1.2145255567323119,-1.4990768590241994
-1.2145255567323119,2.4905237062617704
2.292986168863902,-1.3660109291620575
2.292986168863902,2.376363154194192
-1.802183412976906,-1.4904675956811828
-1.802183412976906,1.0208721937812197
1.5528633160598462,3.1330306788107873
1.5587396708141437,-1.539531648517879
1.5587396708141437,2.2935582086092636
-1.9146818908691396,-1.9377684656263379
-1.9146818908691396,1.9050210850941753
1.4571648382089517,0.9256776716772702
1.4571648382089517,-1.3681918489100742
-1.501298593147284,-1.4015659514080547
-1.501298593147284,0.8312482629724082
-1.858904393268292,1.5871092030707317
-1.858904393268292,-2.3660378950069694
1.2487480639104624,0.8559168443093735
1.2487480639104624,-2.772201556711628
1.7754996052585112,1.1786264110995193
1.7754996052585112,-1.0744086732394607
1.3866580062872247,1.46701577548594
1.3866580062872247,-1.340537854197853
-1.5798009293480235,-1.3461219707513252
-1.5798009293480235,1.2277192208572882
-1.154451887082244,-2.6143787917962418
-1.154451887082244,-1.3995377821866128
-1.9742868739689416,1.275547013734677
-1.9742868739689416,-2.63954584291348
1.554603957934286,-1.1907729859997915
1.554603957934286,1.2369581338690752
-1.3182194331271313,-1.5332924823875942
-1.3182194331271313,1.3600283885676188
-1.1313153461795158,-1.3821341881835403
-1.1313153461795158,2.759510082136275
-2.1045144784550947,-1.251648114239488
-2.1045144784550947,1.4441721827786143
1.0465700830802975,-2.1937086746499275
1.0465700830802975,0.9295046612395084
1.5558181861620834,-3.1329963139925363
-1.1903093151693165,-1.39332843287735
-1.1903093151693165,2.642595808927114
-1.3312385265980902,-1.7020517830949746
-1.3312385265980902,1.5346656039091215
1.265595189704646,1.1865753393039749
1.265595189704646,-1.0260497380008868
1.4392250692015058,1.2625876494230324
1.4392250692015058,-1.2096729054993614
-1.6425694347714461,-0.9963443141874183
-1.6425694347714461,1.23473685919751
-1.9379078033356445,-2.6488502677169694
-1.9379078033356445,1.5177721812713516
-2.037403615998617,1.8136396565202189
-2.037403615998617,-2.2252917616053964
0.8805074302762228,0.9953706721868475
0.8805074302762228,2.231801942047607
-1.3929073761821784,1.1554458579887028
-1.3929073761821784,-1.3143146224509072
2.0638132836945773,-1.1840406381388533
2.0638132836945773,2.721425182962767
1.3040468426643181,1.7373290840985887
1.3040468426643181,-2.3157061211973615
-1.4737447938435655,-0.9547921406029345
-1.4737447938435655,1.2421878371221446
1.7681799109382923,-3.029592832652447
1.7681799109382923,1.9806111552978989
-1.7989617469256551,0.9638815327956691
-1.7989617469256551,-2.000572387564708
-1.2274174044682176,-1.163617014435948
-1.2274174044682176,1.4003093565334286
1.8085988390185483,1.5306194015995436
1.8085988390185483,-0.9771517619142932
-2.094989452429726,0.7765349332987804
-2.094989452429726,-1.996620387622719
-1.4511552350814578,0.9814621988615406
-1.4511552350814578,-1.2179774862246586
1.3604404929260687,1.0342943433536989
1.3604404929260687,-2.046795601896896
-1.97338809663757,0.7763558880680879
-1.97338809663757,-2.5444244830076883
-1.5096290499623395,-1.1594650534670359
-1.5096290499623395,1.2539496368854766
1.8077316609207863,2.356280579244255
1.8077316609207863,-1.7262671776768355
-1.958547531621539,2.5790882543061455
-1.958547531621539,1.366496506315445
1.0192203638251265,-2.8956798342874506
1.0192203638251265,1.2598021165539646
1.6344596842267296,1.182129469531193
1.6344596842267296,-0.9136649427864552
-1.809811829703107,1.7099662502026365
-1.809811829703107,-2.3759042774486714
-1.825840591216051,1.1007788079093321
-1.825840591216051,-2.7754837944749973
-1.6680630312955822,1.2142796632170185
-1.6680630312955822,-1.0135796870405576
-2.1227735302528417,1.0604181452747559
-2.1227735302528417,-2.9303016233836336
1.475924351929911,-1.130328178679087
1.475924351929911,1.0147451269135572
2.095864467020677,2.0499421933436457
2.095864467020677,-0.41646751575176527
2.2835343273857736,2.485612877355321
2.2835343273857736,-1.4977274613998723
1.0931833272132057,0.9187363958571593
1.0931833272132057,-2.3279125376835106
2.0075655430890516,2.662913779029583
2.0075655430890516,-1.2980506481935499
-2.4264302314041473,1.3532497562493075
-2.4264302314041473,-1.5015423936530625
1.2968702378062147,-2.68715834241586
1.2968702378062147,1.298684504817849
-1.8218845638570853,1.2685474139513158
-1.8218845638570853,-1.286184220991817
1.5558825997718055,1.4131085232652447
1.5558825997718055,-1.4142640897599381
1.7888113651068984,-1.7642806652561094
1.7888113651068984,1.2678245672719322
0.6989764189400464,-1.5467066882501275
0.6989764189400464,1.3984207846981231
-1.6217585121397995,1.2415922652600735
-1.6217585121397995,-1.561136067487724
1.835271305783415,-1.3277890236124756
1.835271305783415,1.5904204712067531
-1.5696835568733805,-1.2897374450242396
-1.5696835568733805,1.290716625564726
-1.3450914941759535,1.0921546814455367
-1.3450914941759535,-1.2948051508648923
1.4081999821631357,-1.0741845973378927
1.4081999821631357,1.5403552583292608
-1.9096641649592783,-2.5915627512926673
-1.9096641649592783,1.5453941943746936
1.6294043549184885,-1.2969224767953278
1.6294043549184885,1.1871014143517253
2.061088617311231,-0.7463404842452055
2.061088617311231,2.167377423267826
1.6271616117951557,-1.8149798522557035
-2.035754299089029,-2.569144674008759
-2.035754299089029,0.9976514844184363
-1.3680020065040028,-1.0323333372502848
-1.3680020065040028,1.3594458578244377
1.3623716803385761,-2.0444018950367493
1.3623716803385761,1.0365852211132989
1.8704366947835722,1.33807306377042
1.8704366947835722,-1.6473833639003748
1.7309141876826475,1.1871118135990038
1.7309141876826475,-1.3030456316096968
1.9798243413332604,2.5392689773146637
1.9798243413332604,-1.3690866182351602
1.6632937335213822,1.505840812639637
1.6632937335213822,-1.183516359067379
-1.3138987010767078,1.597127337505746
-1.3138987010767078,-1.3408148216080553
-1.5452309759771448,3.140669429924491
-1.2842100555703857,1.4578341777955022
-1.2842100555703857,-1.5233731995297262
1.057431756632045,0.8187730672319402
1.057431756632045,-2.0090145674461937
1.5382487990727938,1.1258201883925456
1.5382487990727938,-1.2276196675944295
-1.628262088416406,1.0047274218049922
-1.628262088416406,-1.2977061676208639
-1.882663929856948,1.4169623072725281
-1.882663929856948,-2.505587963692864
-1.5409492975961627,2.723921997953065
-1.5409492975961627,-1.3412955181102755
1.6517191655068224,1.0624399335309813
1.6517191655068224,-1.295797811354554
-1.5812844750637463,1.2510737040243922
-1.5812844750637463,-1.5757574129295644
-1.9025300240544691,-2.6889524485452525
-1.9025300240544691,1.497665530875935
1.012390048349723,-2.049967305650254
1.012390048349723,0.852607421142387
1.5619353730537426,-1.2593110385385013
1.5619353730537426,1.3443715099538855
2.0104110838410922,2.584425137395898
2.0104110838410922,-1.3804442990399202
0.8861257098248283,-2.4453335707950643
0.8861257098248283,1.6482792366449686
1.1968864727020239,-2.480112841441889
1.1968864727020239,1.3567598671977075
-1.1796804125120468,-1.3253038727410693
-1.1796804125120468,2.21297846450515
1.281785515225489,1.357389976242813
1.281785515225489,-2.6148836737069567
-1.7868329443899742,-1.6259895056573859
-1.7868329443899742,1.450320886206557
-1.882768155703624,-2.8467450107981107
-1.882768155703624,1.3760868261857373
1.6831479333695738,1.2131936132841223
1.6831479333695738,-1.0956588425214555
-1.1918824763002176,2.5984390013790133
-1.1918824763002176,-1.5438079019500353
1.8055793387277626,2.3641345824398208
1.8055793387277626,-0.833382315292758
-2.1436482265110275,1.293572055952331
-2.1436482265110275,-1.250382052645316
-1.1799145604384773,-1.3695444192299377
-1.1799145604384773,1.105739850509316
-1.4302530887167866,-1.4580788955805342
1.5404727914661784,0.9931287656038315
1.5404727914661784,-1.095797870364261
-1.6506400466592974,1.3198354325653618
-1.6506400466592974,-1.292157990965585
-1.2921267395680416,-1.7414351182418368
-1.2921267395680416,1.281480787018705
-1.7672656447974104,-1.503213791323919
-1.7672656447974104,0.9981919294481167
1.5341056780253415,1.4477287784475277
1.5341056780253415,-2.360363668857104
1.2614880161918223,-1.3606451942388817
1.2614880161918223,0.9206169060891436
-1.4626863943258182,-0.9392320186762134
-1.4626863943258182,1.1545553984047874
1.6496767801780745,1.0890780603443604
1.6496767801780745,-0.9934333877682991
-1.6768118917375492,1.039294093489058
-1.6768118917375492,-1.400692491784512
1.2312508724885711,-2.71951004708052
1.2312508724885711,1.3813497131434334
-1.6544448170607007,-1.3232721136072487
-1.6544448170607007,1.1595907689408969
-1.2794189487519578,2.3457935932910385
-1.2794189487519578,-0.7119012977260816
-1.8230773689940059,-2.378656392681504
-1.8230773689940059,1.7050028673851216
1.6668080286986986,-0.7710263110864316
1.6668080286986986,1.9739300435490617
-1.4961089108586614,-1.1046419671323497
-1.4961089108586614,1.2525870332387457
-1.448746033778776,-1.3042712125809937
-1.448746033778776,1.116958169507267
-1.832652125612239,-2.4098646344592236
-1.832652125612239,1.6728402962937847
1.6276196311127336,1.234155696909026
1.6276196311127336,-1.1043555739887294
-2.1405723276599575,-2.3213962827020174
-2.1405723276599575,0.8332730655026825
-1.4374274818528872,1.5497046359000235
-1.4374274818528872,-1.5311228625721898
-1.3642899503348593,1.073054087652668
-1.3642899503348593,-1.6039716248715583
-2.699963350581921,1.8204395332603638
-2.699963350581921,3.115786579936054
-1.388290679887398,-2.7529090859987377
1.4740247892651432,0.9544930136663674
1.4740247892651432,-1.1350664184069812
2.3975423998793963,-1.5360872470117686
2.3975423998793963,2.6388273300100002
-1.6407941189585447,1.0827502096921333
-1.6407941189585447,-1.1567210767904919
-0.8607469223646449,2.4101807610477897
-0.8607469223646449,-1.4396823180282978
1.1849563732071953,-2.4181353886569124
1.1849563732071953,1.4400453191715767
-1.2516922676055575,-1.391271513288231
-1.2516922676055575,2.4432504101818586
1.4109957985537198,1.2053414680120624
1.4109957985537198,-1.1346602364284666
-1.6997062238751948,-1.5614422355651194
-1.6997062238751948,1.3769503779622594
-2.43784129256319,1.463223252724046
-2.43784129256319,-2.2146439760670336
-1.2376543575343588,-1.4832374552605037
-1.2376543575343588,-2.710053578495327
1.671931139056442,1.3355020914168658
1.671931139056442,-1.4987543214195305
-1.4847451093425916,1.2459203431817918
-1.4847451093425916,-0.9427736063222397
-1.475409064038456,1.1311088929365734
-1.475409064038456,-1.2922840056217935
-1.007916405930846,-0.7642469022713966
-1.3098268101077035,-1.2836215114145533
-1.3098268101077035,2.085177783752678
-1.078310658741675,-1.579520321025528
-1.078310658741675,1.4273924547697572
-1.3898518766304162,-1.461542232479891
-1.3898518766304162,1.3612132536721542
1.3382124969959805,-1.4132589058151857
1.3382124969959805,0.8957215059750004
-1.7713188133864284,3.027928190182848
-1.7713188133864284,-1.9823643656532008
-0.881481933050177,-2.2568923853281477
-0.881481933050177,-1.0218035967902221
-1.5976941543707681,1.0887367493875646
-1.5976941543707681,-1.1464887648270323
-1.120664620844842,-1.3452454184382976
-1.120664620844842,2.51954035541443
-2.055358528156773,-2.5077038835429564
-2.055358528156773,1.4815770294478852
1.3762287515309106,-1.5095412036626856
1.3762287515309106,0.9932497204367877
-1.8791257846917246,0.8627578175028361
-1.8791257846917246,-2.748732910926993
1.3364143823571721,1.4080357082843835
1.3364143823571721,-1.1812555894147674
-1.062050073104452,-1.5266084364513544
-1.062050073104452,2.383586764898385
1.205630218422777,-2.6509511493170703
1.205630218422777,1.06312254185081
1.8716771790889566,-0.9571413854104036
1.8716771790889566,2.554833553023268
-1.341962577270021,-1.4167671169899927
-1.341962577270021,1.1733556793764068
1.363179010223803,-1.5252970374831278
1.363179010223803,0.9755469659017948
1.5252499637780592,1.3788100961284548
1.5252499637780592,-1.0018435755035697
-1.542355081020908,1.3027730391455412
-1.542355081020908,-1.2734301959902428
-1.7910491430593436,1.426523048826063
-1.7910491430593436,-2.5375148366097373
1.7905905311778836,1.2721387934677164
1.7905905311778836,-1.763088024616834
-1.5550936224949572,1.1813265614969326
-1.5550936224949572,-1.3018128110419882
1.9886877185538028,-1.6013808283857343
1.9886877185538028,1.4110918452240355
-1.6488335099556954,1.279276170599206
-1.6488335099556954,-1.4100587427418323
-2.3038872851450978,0.8171815790790733
-2.3038872851450978,2.8450939910920807
1.2308954998802315,-2.5469766147644153
1.2308954998802315,1.423590165117589
-1.884827038020187,1.6227292831597888
-1.884827038020187,-2.2899693403316124
2.023734624633615,-1.2971173157685754
2.023734624633615,2.664047663860759
1.6659113141407704,1.3188682340907005
1.6659113141407704,-1.0711709224853456
-1.4627409296874325,1.1214777638499653
-1.4627409296874325,-1.2491065641909604
2.039072698177309,-0.9393528449329663
2.039072698177309,2.322261823142086
-1.7902107573441626,-2.0687122680442376
-1.7902107573441626,1.8425023517104144
-1.7534775972092762,-1.1053592656020848
-1.7534775972092762,1.168615919426241
-1.4622662806015445,1.1354705571968686
-1.4622662806015445,-1.286841410609947
1.4927511315060145,-1.300304070581766
1.4927511315060145,1.063003487301317
1.5225567731457765,-1.1910383449599924
1.5225567731457765,0.9947256081644466
1.536615149116399,-1.2924143373045516
1.536615149116399,1.209567318267137
-0.8131043401324898,-1.528248818671476
-0.8131043401324898,2.337613227225888
-1.4761029279758733,0.9185301453078869
-1.4761029279758733,-3.1187323273095684
-1.4995660082776747,1.192311508585168
-1.4995660082776747,-1.061494600167908
-1.3029781289274447,-1.7079670961393638
-1.3029781289274447,2.375963451273444
-1.74883488466273,-1.0512084691292494
-1.74883488466273,1.519076284058327
-1.500050595116259,-1.216055110409188
-1.500050595116259,0.9730669161844382
-1.5035636309899858,1.1840238881526728
-1.5035636309899858,-1.2136416948427862
-1.2541514900477706,2.462551525758843
-1.2541514900477706,-0.8136092676306865
-1.613519031251485,-1.0939282195677136
-1.613519031251485,1.4038643199868783
1.9534420775912993,-0.9461241985534359
1.9534420775912993,-2.959755216319259
1.7006817520255326,-0.9599851790365408
1.7006817520255326,1.2401459148516532
1.554231832538809,-2.038447268215075
1.554231832538809,2.0014286685794387
1.6631162286839252,-1.31343145178672
1.6631162286839252,1.0581550654806173
1.8066049307430645,1.414140265983136
1.8066049307430645,-1.376324328494838
-1.2156259952314228,1.2399281025253945
-1.2156259952314228,-1.1394566598125138
-1.4012227444102903,1.2479696793334982
-1.4012227444102903,-1.2771006051457938
1.7332739684713008,1.3634174868432969
1.7332739684713008,-1.1012324491339573
1.9204930799497226,-1.6126133849743844
1.9204930799497226,1.4004857952259413
1.5806539590099282,2.193996451759144
1.5806539590099282,-0.9629574342178864
-1.7365249525968307,-1.2227832425120795
-1.7365249525968307,1.2936226425728055
1.165388000831859,1.704991051612883
1.165388000831859,-1.1023990424432641
-1.449854701733612,0.9847311290574745
-1.449854701733612,-1.4201057843674434
-1.7136450997833923,-1.249935096085132
-1.7136450997833923,1.3435913227426877
-1.5373432913840734,1.2421486459691935
-1.5373432913840734,-0.9756340781922064
-1.4538580074459644,1.2896784999668294
-1.4538580074459644,-0.9161940106479265
1.8968637351333708,-1.3133692477918528
1.8968637351333708,2.379428586082831
-0.9314453823918326,-1.3872901970580915
-0.9314453823918326,1.907862621237479
1.9927636844314232,2.332573642376457
1.9927636844314232,-0.4388701443877349
1.3161730152769593,1.6949837045732754
1.3161730152769593,-2.3193754145677743
1.9720474868696254,1.83690906781891
1.9720474868696254,-0.7224568915815124
1.9058660382067383,-1.2145926811226426
1.9058660382067383,2.678255944535484
1.5723105090664664,-1.3536992617066261
1.5723105090664664,1.0335908986330378
-1.5421297454589145,-1.2236823774565386
-1.5421297454589145,1.1865301907004704
1.4089350006850194,1.1760290491800536
1.4089350006850194,-1.2421475162135105
1.0903053568981906,1.0709371394876184
1.0903053568981906,-3.066753760971708
1.3855375548153608,-0.8452739485380113
1.3855375548153608,1.238210644810013
1.4051552615805927,-1.3667352763275267
1.4051552615805927,1.7250423782838593
-1.146800221390544,-1.2508116408891756
-1.146800221390544,2.6815634661482433
-1.8572771928807403,1.695994644272391
-1.8572771928807403,-1.3102730337124833
-2.230425263781198,1.4065625090031997
-2.230425263781198,-2.3892368192622335
-1.7177758303949877,-1.0370198629630745
-1.7177758303949877,1.4092487010882646
-1.6354662691307824,-0.794234583706976
-1.6354662691307824,1.8379630506496778
1.6727773610326377,1.2425698304236767
1.6727773610326377,-1.0385650049021113
-1.6987891083204532,-1.0808300975287317
-1.6987891083204532,1.288660402899675
-1.5627874261616261,1.1386691733380376
-1.5627874261616261,-1.1182542124451575
1.3718311482360073,-0.9735775893051322
1.3718311482360073,1.1367641065785727
-1.3639538842093497,-1.2558921196301553
-1.3639538842093497,1.057919797558101
1.4812995370721462,-1.1312209917077358
1.4812995370721462,0.958606905773356
-1.0784200052447366,1.975083449271512
-1.0784200052447366,-0.8322700506452838
1.8163110109295943,-1.4943200430771333
1.8163110109295943,1.3984410732372976
-1.2122147046758174,2.7170478754961467
-1.2122147046758174,-1.4807381645805033
-0.9131151630232991,-0.7791165945383467
-0.9131151630232991,2.070992685199661
2.0651444284394738,-1.4458068337813204
2.0651444284394738,1.781544018046813
1.299250116364691,-1.3019641878363275
1.299250116364691,1.516907978193759
1.1321457138797983,-2.7596713381833164
1.1321457138797983,1.1607649342078041
1.4344265672571137,-1.1743597864167084
1.4344265672571137,1.1761028555344493
-1.4620511563184515,-0.9363640026242411
-1.4620511563184515,1.159834044039535
1.5732320694801767,-1.057590147626185
1.5732320694801767,1.0347237790556203
-1.6406388084069101,1.1610440352609737
-1.6406388084069101,-1.2593783823804487
-1.4908457531208024,1.0593325640807025
-1.4908457531208024,-1.5193562686411384
-1.042844976422268,-1.7440605876914992
-1.042844976422268,1.5951427040150374
-1.5530318238513394,-3.1367573203489028
-1.531253389168976,-1.23087671824738
-1.531253389168976,1.3198881839755898
-1.0455906148835707,-0.6128136914661757
-1.0455906148835707,1.7127894835877706
2.1881702566011323,-1.4013009712877977
2.1881702566011323,2.410116800427755
1.9253600161644029,2.8506064182021924
1.9253600161644029,-0.99902701410389
1.6721456131467944,1.2974728525899748
1.6721456131467944,-0.9717109319295754
-1.9186709721757742,1.3603278990233951
-1.9186709721757742,-2.4767593307507596
-1.1725076005110173,-0.7201232065750037
-1.1725076005110173,2.306571906271871
1.8969079835587985,2.813558967089461
1.8969079835587985,-0.8373928331002835
1.4368675260343278,-1.0596624078246766
1.4368675260343278,1.394805579455742
-1.7299489207852965,1.0646356055731665
-1.7299489207852965,-1.2609061118570077
-1.7935746367690975,-2.995494364832582
-1.7935746367690975,1.119101527969168
1.16241547252208,-2.6566664035881
1.16241547252208,0.957937247402082
-2.3693179980193895,0.768085529383137
-1.6595863552710879,1.8119303283430552
-1.6595863552710879,-1.2889385856875712
-1.9540965475454875,-2.678620391307787
-1.9540965475454875,1.4390575193455903
1.3500602755212896,-1.186334211489418
1.3500602755212896,1.0530644977875017
1.2683493327150166,1.4660068499723078
1.2683493327150166,-2.5516633452852244
1.9806752205557743,1.3975327006822589
1.9806752205557743,-1.5948948386405573
-1.9742207988619203,0.9462296641141595
-1.9742207988619203,-2.2545834928331527
-1.2214984189460933,2.758142875960168
-1.2214984189460933,-1.393773350246951
1.6950703492532375,2.6533158324249437
1.6950703492532375,-1.301733316418652
-2.0179102095760273,-1.620575332810596
-2.0179102095760273,1.5930970400605173
1.7844340168976356,2.5532762511189135
1.7844340168976356,-1.3411045045499832
1.656305667204375,0.9668319879312132
1.656305667204375,-1.489498412899001
1.330403866605176,1.479961890104454
1.330403866605176,-1.2368049637338379
0.9972536015926289,-2.2969709345107385
0.9972536015926289,1.2857443448720463
-1.036646882748698,-1.5025283335363624
-1.036646882748698,1.3292638158367427
1.5556461525971577,-1.3075783177273326
1.5556461525971577,1.3347155112674345
-1.8071109680755324,-2.7787526807265537
-1.8071109680755324,0.3383999999896576
1.5465068892729783,-1.4295657876978387
1.5465068892729783,1.4508867354273975
2.2948246982647027,-1.5201061400025817
2.2948246982647027,2.123068038709805
1.3363003310295152,-1.172320767171896
1.3363003310295152,1.2617076055226768
-1.5163172980252717,1.3693499484751652
-1.5163172980252717,-1.4295198549884582
1.2048923903815298,1.541741619756659
1.2048923903815298,-1.4112534914100594
1.8053705557694888,-1.840449111839866
-1.6644915229998616,1.408150331285844
-1.6644915229998616,-1.0103285314021382
-1.4161508868313615,-1.4541264072178683
-1.4161508868313615,1.1119789128692206
-1.0662721483472637,2.3429441416046703
-1.0662721483472637,-1.3847752508403506
-1.7053274648600123,-1.6793787685941852
-1.7053274648600123,1.272798053631608
1.6306613478044534,-1.573178964209224
1.6306613478044534,1.0876690634177053
2.193568137518129,2.4349676363619936
2.193568137518129,-1.201044495098898
1.9620288737327807,-1.0746294229836386
1.9620288737327807,2.352093287574859
1.9123635960351997,2.2048734617948775
1.9123635960351997,-1.4286191290770212
-2.2903646373155526,-1.9911126539466588
-2.2903646373155526,1.5069832913377827
-1.4654432218174807,1.396720454871906
-1.4654432218174807,-1.5142250490330875
1.6128913144537103,2.101552800377213
1.6128913144537103,-1.325464189170273
-1.1449808514953468,-1.338882277450488
-1.1449808514953468,2.611300348396894
-1.5664360307774932,-1.11666553211609
-1.5664360307774932,0.9752711770432553
-1.2474445215260823,-1.262477363895053
-1.2474445215260823,1.4607088255515173
-1.809555894975093,0.7412515238013314
-1.809555894975093,-2.2779431670311756
-2.3533082337195377,1.4926147636056284
-2.3533082337195377,-2.5547171720466073
-1.2373125645224148,2.4909110816873055
-1.2373125645224148,-1.4162459055912724
-1.9927971605079386,0.4649782787627908
-1.9927971605079386,2.5005008807269506
-1.9787438200225187,1.27930570115327
-1.9787438200225187,-1.9156841936490914
1.2785685968667917,1.8031906548334062
1.2785685968667917,-1.262494093006629
-1.228880098149517,1.69069316133709
-1.228880098149517,-1.0372555456672072
1.9585353013122242,2.6465486611190254
1.9585353013122242,-1.3833798270892685
-1.9938973939315106,1.364902570455538
-1.9938973939315106,-2.49860765857973
2.035954812286402,-1.3579812183530326
2.035954812286402,2.4909016466376124
1.3359590763498406,1.0687431079930085
1.3359590763498406,-1.3404173004338775
1.4470159500624513,-2.417529075599802
1.4470159500624513,1.691099676655497
2.739550412159795,-1.2856501545469106
2.739550412159795,1.683433408575012
-2.0341064837480696,1.3830370673659182
-2.0341064837480696,-2.842775258634178
1.7314709059875775,-1.044363108835194
1.7314709059875775,1.0637450997764017
-1.5420625570338073,-1.758479769188739
-1.5420625570338073,1.8766832954094042
-2.099314474384717,1.2947994784282941
-2.099314474384717,-1.9496695021667765
1.0562211383009614,0.6803053396992915
1.0562211383009614,-2.0407933025804907
1.409128682608846,0.9855145514830029
1.409128682608846,-1.374545872566219
2.163629559856278,2.3312583427807927
2.163629559856278,-1.5133133647806445
1.4906362144042284,-1.147623322674767
1.4906362144042284,1.6238756730106323
0.9242656278836592,-2.5441715173094206
0.9242656278836592,1.243316712186486
1.2940629286781813,1.4016064351206612
1.2940629286781813,-1.1094135441192992
1.6718431652400436,1.1675585578766834
1.6718431652400436,-1.246035631072406
2.362328809681704,-2.092682992817112
2.362328809681704,1.3768003600355507
-1.0369120546727675,1.4610586547775866
-1.0369120546727675,-1.570493645885502
-1.227311749003749,-1.8773593681076477
-1.227311749003749,2.030565870312791
1.3445553867581244,1.259390851414461
1.3445553867581244,-2.789267727527275
-1.1255953089659867,-0.8838795297244604
-1.1255953089659867,1.8936408340355024
-1.5332311640288252,-0.9558620477264417
-1.5332311640288252,1.2596905232915383
1.6067360877949861,-1.006386619792877
1.6067360877949861,1.2200893681812528
-1.6051906538716592,-1.2259174357738967
-1.6051906538716592,1.0117721089714444
2.1265106696732454,2.3325976067436076
2.1265106696732454,-0.6308885642169663
-2.16496135321401,-2.303881053927048
-2.16496135321401,1.5306780461521505
1.8479668002047935,-1.2344206032775327
1.8479668002047935,1.1817837983216448
-1.0157168879349012,-1.1681786657578863
-1.0157168879349012,2.4678989310701005
2.039226490940861,2.756963366437255
2.039226490940861,-1.229846458071656
-1.9672284946794742,0.9837629822234832
-1.9672284946794742,-2.010360966743421
0.9570025555524753,0.9896573587266633
0.9570025555524753,-2.027528840903287
-1.0826029105653197,-1.5867006244068715
-1.0826029105653197,1.4118838545521049
1.0441730428207465,1.7835334494114032
1.0441730428207465,-1.8746478003860414
-1.5112175444453617,1.260019945127938
-1.5112175444453617,-1.1097795971772864
-1.2496476870075748,-1.4292219877141583
-1.2496476870075748,2.462313279019052
-2.1617555478461825,-2.41424349045715
-2.1617555478461825,1.4998505414569536
1.2851289980468594,-1.8519994523567973
1.2851289980468594,2.0748932348399562
1.8708820356649258,-1.2141703163834274
1.8708820356649258,1.1482541225116736
1.5431426809638629,-1.239154061019105
1.5431426809638629,1.2866311767867435
-1.8624029825207609,1.7278279688099838
-1.8624029825207609,-1.1510899427325507
-1.6010532916627906,-1.3218603251392966
-1.6010532916627906,1.1859468685515697
1.2389311020720903,-2.1219498839024307
1.2389311020720903,1.8602359913478947
1.5810081900895252,1.3068443098203977
1.5810081900895252,-0.9515447640987361
1.8773408968166416,-1.8608232308998487
1.8773408968166416,2.1265230521041127
-2.1987522742157397,-1.1508507777152632
-2.1987522742157397,1.7143427188811282
-1.3288318637205552,-1.0691925633592643
-1.3288318637205552,1.498497399583308
-1.244800508712879,2.858078346048326
-1.244800508712879,-1.3781414178605738
1.0842016268155465,-2.7500432874374816
1.0842016268155465,1.1533251556114152
-0.9956755871049625,2.2368424977112547
-0.9956755871049625,-1.5023371991366505
1.411206495881554,-1.270195909912692
1.411206495881554,1.1131958662796166
1.2546475719764363,-1.4759745160566202
1.2546475719764363,2.06654693816438
1.1239865447301975,2.513223251869765
1.1239865447301975,1.3049087184878168
1.7904756956859733,-1.139752374770671
1.7904756956859733,1.3840143977401511
1.564398894654427,-1.3176848272906552
1.564398894654427,0.8800470547547824
-1.2303523066280662,-1.1777794050727628
-1.2303523066280662,1.2007289719726235
2.090775722789924,-2.812284587507586
2.090775722789924,-1.5970074792224256
1.638668961815818,-1.1409534333260105
1.638668961815818,1.1296499599555705
-1.906273052660326,-1.3083333887796513
-1.906273052660326,1.291347296043744
-2.0460747325623045,1.389022836031257
-2.0460747325623045,-2.2939048757634968
-1.5587687229927993,1.1271734992360145
-1.5587687229927993,-2.5629454844642092
2.235106402321316,2.4860026535153064
2.235106402321316,-1.4972498085486032
-1.599468234888438,1.3627989573122996
-1.599468234888438,-2.480946271182824
-0.8748296589469539,2.1419985187914463
-0.8748296589469539,-1.5704616363444726
1.8257318126149158,1.103605284084205
1.8257318126149158,-1.3094383628528226
-1.2866203800749991,1.5926431270475165
-1.2866203800749991,-0.7697317853681144
2.1469119453707286,-1.4444845255965486
2.1469119453707286,1.324261275179535
-0.9792180787365636,2.3117267846018903
-0.9792180787365636,-1.5262256688912421
1.0647256028082974,1.462423201650681
1.0647256028082974,-1.3695546347231942
1.7909392089015501,-0.2457563991142145
1.7909392089015501,2.738041679204688
-1.8661406107977097,-2.368749541074994
-1.8661406107977097,0.8928223658414787
-1.7077626133862642,-1.0915324571230787
-1.7077626133862642,1.3493576819999853
2.2783116586500762,2.4495391848480703
2.2783116586500762,-1.2762705487249182
1.2179983110025538,-1.1468389524562015
1.2179983110025538,1.6714679429413692
-1.3228313857242706,2.2645253306847435
-1.3228313857242706,-0.7017144793707738
-1.3484236382452066,2.4999291295093142
-1.3484236382452066,-1.3189186627637424
1.4169440998333056,1.907910430284444
1.4169440998333056,-2.20013803032364
1.7546396016053512,2.2434277732406303
1.7546396016053512,1.0916292025925913
-1.2123675410425478,1.1427664139357447
-1.2123675410425478,-1.694571713020574
-1.3465832781716465,1.0762659360891778
-1.3465832781716465,-1.3871050273293815
-0.9540782512695595,-1.3009530435566636
-0.9540782512695595,2.509868771067231
-0.8100415926157143,-2.212677164292609
-0.8100415926157143,-0.9650625550497202
-1.4647713747925892,-0.935485755163131
-1.4647713747925892,1.1550733481404933
2.4918683260525993,-1.3353102378867292
2.4918683260525993,1.6041368155999607
-2.366587333026458,-2.3802989637423067
-2.366587333026458,0.5214398305323715
1.1884811694002773,-1.3611632565417031
1.1884811694002773,1.3954094330062885
1.1081007876347335,1.2340749996295703
1.1081007876347335,-2.054614520474117
1.9770884364209191,-1.357468758257809
1.9770884364209191,1.6358729552666762
-1.705906193243869,1.4088752573292032
-1.705906193243869,-1.936411217881897
1.395067177973154,1.367108746535917
1.395067177973154,-1.3784397898884102
-1.0865412707161652,2.715430383749461
-1.0865412707161652,-1.2352909887077008
1.704731322890972,-0.9810215635376127
1.704731322890972,1.2894303903658688
-1.6291688781553482,1.2460092682414519
-1.6291688781553482,-1.3047845397064153
1.4450599973334357,1.0826644662977958
1.4450599973334357,-1.4942930618823456
0.7369044856399148,-2.1161089539897975
0.7369044856399148,1.4293644514352255
-1.7066130813703975,1.5241958048389448
-1.7066130813703975,-1.398877722837638
1.004752796068221,-2.1240771058376655
1.004752796068221,1.2428905317203764
-1.5597990044305632,1.1613103382781265
-1.5597990044305632,-2.248671791080361
2.3226996711293104,-1.6714214945747705
2.3226996711293104,0.9535457074045977
-1.2760535460486244,-0.8012143342489987
-1.2760535460486244,2.996814916847327
-1.722047410863886,1.2739091273008976
-1.722047410863886,-1.1436534986481335
1.872176029880099,-2.6679505833774733
-1.553041804246264,-1.2113205822788895
-1.553041804246264,1.2969971287527389
2.1427610198981637,-0.7955439047768375
2.1427610198981637,1.8276474669811478
-0.8043367622807029,-1.0578111882649641
-0.8043367622807029,2.3422607414032637
0.9783049476899542,1.084765617748875
0.9783049476899542,-1.7871397213549616
-1.0037641997686093,2.723743185200433
-1.0037641997686093,-1.2502715803642435
2.355542852516507,-2.303918158836763
2.355542852516507,1.6013692753101336
-2.3857136743913516,-2.8128064751006834
-2.3857136743913516,-1.6083759693409863
-1.4465338399498628,-1.326288472770893
-1.4465338399498628,-2.538811901163483
1.7436377925812472,-1.4033380817466885
1.7436377925812472,1.1556839233633496
-1.0392419654292817,-1.0385395060732123
-1.0392419654292817,2.381595393275814
1.8596176627650947,-1.0438731958748342
1.8596176627650947,1.921929224639165
1.7905230425306549,-1.9352106799778306
1.7905230425306549,2.0211410287750775
1.5281005610717324,-1.232877184916852
1.5281005610717324,1.2197435895438888
-1.8025777981239555,-2.8220247196152037
-1.8025777981239555,1.3246743628685298
1.9942151863898119,-1.2788832349089507
1.9942151863898119,1.6921568529487432
-2.0979747372419255,1.2008133042746523
-2.0979747372419255,-2.1096649367465994
-0.961210743444938,1.8897298985569768
-0.961210743444938,-1.6503999233768796
-1.365993831727468,1.4317224542572682
-1.365993831727468,-1.5079775414732361
2.1219018345920597,-1.2421923966685073
2.1219018345920597,2.106568437101114
-1.565806418893035,1.2766706890370718
-1.565806418893035,-1.2324444840378423
-1.7676169453332813,-1.0970010055228718
-1.7676169453332813,1.4567369059604804
-2.0132890138431194,-1.331638171162434
-2.0132890138431194,1.4818933372708727
1.5550836125924352,-1.4281836030644104
1.5550836125924352,1.1491514656539004
-1.5003956467081088,-1.2927486753792854
-1.5003956467081088,1.3612819892623356
-2.0241127979973164,-2.338280488064452
-2.0241127979973164,0.7246311308765956
1.1545710256586057,-2.4154277114666396
1.1545710256586057,1.3557860745719261
-2.08317227222661,-1.7214538807956774
-2.08317227222661,1.2039581886351434
2.2539179991475633,2.2553828652959713
2.2539179991475633,-1.0900387343548137
-2.0170047708744443,1.592346659994122
-2.0170047708744443,-1.618529901830763
-2.2674083015174364,-2.2193370007127506
-2.2674083015174364,1.5613293614390866
-1.2911728884934306,2.375787981929378
-1.2911728884934306,-1.4068458542317634
1.589148687107638,1.3792626575096567
1.589148687107638,-1.5723236661523654
2.077681267091354,-1.239085774801224
2.077681267091354,2.0919107549820244
-1.8287948828557323,1.2596837267857364
-1.8287948828557323,-1.1637112628193629
-1.0186545758091923,3.0755638868028186
-1.0186545758091923,-0.9830505628843752
1.8407322140017655,-0.9539272756873842
1.8407322140017655,1.586093691997211
1.2194185351948643,-2.8061354637579723
1.2194185351948643,1.1077981430827963
0.9959822718370814,-2.093202511875233
0.9959822718370814,1.6903627822814848
-1.2477409142779008,-1.500269743579031
-1.2477409142779008,-2.729114291069607
1.5951053031485616,-1.690966719125741
1.5951053031485616,1.7889793033536794
1.3695123657614752,1.200019691903322
1.3695123657614752,-1.3399975579343961
-2.0428535644982664,1.3724284633872825
-2.0428535644982664,-2.85449438638488
-1.5431205046410323,1.0541955049709713
-1.5431205046410323,-1.1111606772690694
-1.559534678500701,2.057084843490321
-1.559534678500701,-0.6374411163303108
2.2092823039482625,-1.2656491812619626
2.2092823039482625,2.8559015035823427
1.2425311338226002,1.418507407286416
1.2425311338226002,-2.0158222352197597
1.5288601994076596,-1.1787990060873756
1.5288601994076596,1.1638898386837906
-1.5132602371133868,1.2993645057799483
-1.5132602371133868,-1.1532956888788368
2.116685757822475,1.6160168141985929
2.116685757822475,-1.4202609732060274
-1.6593081324531385,-1.0943786544461038
-1.6593081324531385,1.052727299816977
-2.251089869093973,-2.1553144176630585
-2.251089869093973,1.545263930753109
1.872483033206483,1.3384616521481434
1.872483033206483,-1.2201211621019352
1.508676408598267,-1.2320441177981338
1.508676408598267,1.1903937253773686
-1.496983366865512,1.299251959131503
-1.496983366865512,-0.956519858881402
1.9373104567059458,2.605436262693615
1.9373104567059458,-1.5134161257733276
-2.052972698852181,1.5655880792602168
-2.052972698852181,-1.4422019599964897
-1.784854904789999,1.2377886242675755
-1.784854904789999,-1.4516998087048274
1.196204745123023,-2.214111965745425
1.196204745123023,1.3775801300877417
1.894238500785731,-1.4186892355192877
1.894238500785731,2.392693451482124
1.4731615437367633,-1.2465808705705477
1.4731615437367633,1.0620892169780105
1.1943499043580392,1.7186588962933034
1.1943499043580392,-1.1416001795589075
-1.257477796419372,1.1186842897731946
-1.257477796419372,-1.6073768441069949
1.5156051110592679,-1.4716421130332287
1.5156051110592679,1.1296942971810089
1.991958509999167,2.8361222487241267
1.991958509999167,-1.13505026204437
1.77970431472473,-1.0461075412231513
1.77970431472473,2.3765645593719618
1.7505961994456052,1.5268808141696344
1.7505961994456052,-1.2221977348934883
-1.9033195936427962,-2.166046748051618
-1.9033195936427962,1.3562886400899485
0.970126146719657,1.1501043919998861
0.970126146719657,-2.35946022179852
2.229138610647898,2.4303931804849035
2.229138610647898,-1.5369916204957375
-1.2699548728510444,-2.132955903376282
-1.2699548728510444,1.3257325928480015
-1.6203985782240826,-2.319746672191182
-1.6203985782240826,0.78352276019698
-1.2792124119126214,2.5554280664675875
-1.2792124119126214,-1.3394049007438313
-1.4177983116485675,1.9657332797173215
-1.4177983116485675,-1.160973500707845
1.253409850316136,0.8433469243779171
1.253409850316136,-2.172937176821412
1.0863411266077527,-1.622870624821807
1.0863411266077527,1.591256997661901
-1.5252947802494479,-1.246008196194539
-1.5252947802494479,1.2463738563264026
1.1776565798376029,0.9391858474601293
1.1776565798376029,-2.2703568534969873
1.786941517414635,-0.5033749690173479
1.786941517414635,2.259671979850845
1.4260037831483037,0.9428297831291034
1.4260037831483037,-1.1607000795006899
1.8665959813481292,-1.0634091071712752
1.8665959813481292,1.3934382274286023
1.4639420028449657,-1.1542878483605934
1.4639420028449657,0.9394836868180297
1.5639689701951678,1.1516821971920566
1.5639689701951678,-1.124430705513307
-1.6327982771846048,1.014313562839582
-1.6327982771846048,-1.315854948229454
-1.1083540596494739,-0.972512362198584
-1.1083540596494739,1.3308555068937467
1.5552311511560104,-1.0479859616440919
1.5552311511560104,1.0424929045701277
1.3173934484280667,1.4070418518254453
1.3173934484280667,-1.433519431935962
0.9914870196535209,1.3015267729338083
0.9914870196535209,-1.2915196368955373
-1.3415456004744564,-1.11703335655041
-1.3415456004744564,1.6459009341501165
0.8714064784662109,1.162115326214469
0.8714064784662109,-2.316826194474941
1.2518436109348776,0.639120393649055
1.2518436109348776,-3.1098228074593997
-1.5734950280471527,-1.2628389668832063
-1.5734950280471527,1.2987493105507106
-1.1256037292553145,2.6144299879900785
-1.1256037292553145,-1.229538192877513
1.2381106620062787,1.31129743506894
1.2381106620062787,-1.5274728661300543
-1.2751304774745826,-0.9339699471100523
-1.2751304774745826,2.4978986333713165
1.411109726416148,-1.1570598726830565
1.411109726416148,1.4960148014090295
1.7221557579477602,1.9287605112716313
1.7221557579477602,-1.8142383185239652
-1.7878617199799804,0.8597643586247035
-1.7878617199799804,-3.096092950946947
1.7577171296422893,2.239693891814576
1.7577171296422893,-1.8075244523467728
-1.4026816662745285,1.0452894058261288
-1.4026816662745285,-1.6785491600284979
-2.198143124985542,-1.8292372352910713
-2.198143124985542,0.6205358412858554
-1.5604827303567796,1.1140810312775382
-1.5604827303567796,-1.1004930734469558
-1.2536685452431455,-1.345474993817468
-1.2536685452431455,2.704855138563754
1.5202199684164603,1.010402998855128
1.5202199684164603,-1.463492682094793
-1.145050852528154,2.478649311936901
-1.145050852528154,-0.8410188429751059
-1.3143701149539662,-1.8299210063457108
-1.3143701149539662,-3.091609877324489
1.1303776107575163,0.6909434899817883
1.1303776107575163,-2.527361771306675
-2.176587994062167,-2.6085434783770616
-2.176587994062167,1.2038598087356795
1.1339820244515137,-1.5160503481204588
1.1339820244515137,1.0528617963343194
2.198431216271389,-1.0471394079078196
2.198431216271389,2.1556196328697603
-1.0124832915464648,1.6796931082537887
-1.0124832915464648,-1.4429914365031624
-1.271098989696129,-3.0804128425628003
-1.271098989696129,-1.0635377783894957
-2.0767772767506365,-1.81133098490923
-2.0767772767506365,1.5071902853427703
1.6567792014128098,-0.9458554801812941
1.6567792014128098,1.3188250537345256
-1.5528971434995116,-1.4816368308115904
-1.5528971434995116,1.2780094401905462
-1.5701887327170618,0.00029223966109589674
-1.5701887327170618,3.1385121934678235
-1.3516414715474472,1.0666311649169398
-1.3516414715474472,-1.2957885531836963
-1.538446992414306,1.0359156958287696
-1.538446992414306,-1.0362159191286686
1.5814839078205316,-1.2130604668845253
1.5814839078205316,1.1247143575977259
2.263862825971062,-1.1654727702474532
2.263862825971062,2.645686912437518
1.8526177520784144,-1.069782088791938
1.8526177520784144,1.231127373740764
-0.862159696944673,-1.5616269441964168
-0.862159696944673,2.1415009057645054
-1.6458318097653777,-1.2574760645469485
-1.6458318097653777,1.2636444095050132
-1.9025407797009293,1.5064004708740315
-1.9025407797009293,-1.835746687137169
1.9384539399497998,-1.564039679367386
1.9384539399497998,-2.7813172110288895
-1.7379803969286372,-1.1826240343536454
-1.7379803969286372,1.2948337267878565
1.8201043504831786,2.702568179839317
1.8201043504831786,-0.9692066816711599
1.256997806634136,1.1756796004381316
1.256997806634136,-2.6879794001288575
-2.4191576669841695,1.7094263802153133
-2.4191576669841695,-2.208527445408071
1.5721641009149254,3.138565308378944
1.5721641009149254,-0.007905570219729057
1.8018944382035775,2.4641874167772957
1.8018944382035775,-1.6111498086915472
-1.4997699210470443,-1.2129100292906816
-1.4997699210470443,1.220042541075998
1.562387299164937,1.4059991474639661
1.562387299164937,-1.4022998039758654
-1.289756193401297,-1.581294889987503
-1.289756193401297,-2.7923747989434493
-1.4177273901142353,0.9628660441386491
-1.4177273901142353,-1.7006310109876726
1.7289248323172672,-0.9843542332321354
1.7289248323172672,1.4010768844733592
1.7520345005649993,1.0939058142521692
1.7520345005649993,-1.113693725030821
1.6459670064481993,-1.0029545148041432
1.6459670064481993,2.8451693670464975
1.7716840653204924,-1.4049953290808115
1.7716840653204924,1.2057918413633277
2.040687285586388,-1.4274297696048859
2.040687285586388,2.8032420789656896
1.9301927679544753,1.03515425888785
1.9301927679544753,-1.3477921958768022
1.7036544459302496,-1.2339743638375127
1.7036544459302496,1.2153058532118124
-1.310873407405668,-3.0930788032697434
-1.310873407405668,-1.8267390810542976
-1.739465742205641,1.654195516091656
-1.739465742205641,-2.333857493261853
1.2382602000963188,1.5039186826421516
1.2382602000963188,-2.4931324828080794
1.2887789908052698,-2.7865410462488143
1.2887789908052698,1.3334374410572096
-1.4102590371294639,2.304620527108026
-1.4102590371294639,-1.259203271062426
-2.1107399170489156,1.1114698250239583
-2.1107399170489156,-1.4626158222462973
0.8268413414922612,-1.7679939095495227
0.8268413414922612,1.1352147042621392
-1.429589619433922,2.1136919656450335
-1.429589619433922,-1.6987060013434274
1.579368646260436,-2.3983789721399145
1.579368646260436,2.4013475184181536
2.2919675869843625,-1.280997766671643
2.2919675869843625,2.7374578629311705
1.6292913517157697,1.0952461036163301
1.6292913517157697,-1.292542018353824
2.002050811870853,2.579629968404979
2.002050811870853,-1.283283964813108
1.9492437831581433,1.2909563956139902
1.9492437831581433,-1.2322134377804126
1.5410619488678605,0.11543807006244529
1.5410619488678605,-3.020335051188322
1.5429684429834798,-1.088577160281769
1.5429684429834798,1.1582109221169814
-1.7421409084922315,-1.4153882407285248
-1.7421409084922315,1.3778182853407244
2.032886288373499,2.9137954173992178
2.032886288373499,-1.1968597701015642
1.694555506147761,-1.1938353306918013
1.694555506147761,1.375071507671523
-1.9702886224263574,-2.503511541703192
-1.9702886224263574,1.4488067432319693
1.3888441605290445,-1.1994283776023322
1.3888441605290445,1.2310240659171208
-1.553250510320538,1.200580647976191
-1.553250510320538,-1.2950833731307512
-2.0423576304924516,2.4153618685564866
-2.0423576304924516,1.2146276177774828
-1.5405278660473165,1.1689255116643822
-1.5405278660473165,-1.1001896850690858
1.5619793856702036,-1.1593762257536737
1.5619793856702036,1.111721535716504
1.4447662277328341,1.101309647116293
1.4447662277328341,-2.8689059640253984
-1.7920662877551292,1.2032714387553016
-1.7920662877551292,-1.3270558602661662
1.6462119103568604,-1.3532086056739934
1.6462119103568604,1.131870640872386
-1.4037644640796143,0.9914024715734986
-1.4037644640796143,-1.224890433718346
2.0235572729177713,-1.3633548639992201
2.0235572729177713,2.511089064323174
-1.6182396456462078,0.04563716864424292
-1.6182396456462078,-3.094487395254017
-1.949094772017565,1.4541780289542694
-1.949094772017565,-1.125450970043247
2.31454002299101,-1.6222493193664134
2.31454002299101,2.1873653783655107
-1.6618846767493318,1.681298703801502
-1.6618846767493318,-2.1645661915591528
-1.820682608601832,1.539705009847964
-1.820682608601832,-1.1209409096581093
1.1828964137762348,2.777355903027473
1.1828964137762348,1.5711716355468783
1.4859358392563666,1.1771341059069422
1.4859358392563666,-1.2343004652985599
-1.351835379420617,-1.255650970074705
-1.351835379420617,2.0961075414763113
-1.3991491988156524,-1.7404913934060002
-1.3991491988156524,1.225874535134911
-1.1855332088366644,-1.4776236494616655
-1.1855332088366644,-2.686605975581116
1.5914198107948325,1.1446359795490004
1.5914198107948325,-1.1889868184992693
1.4469783636221405,1.6964101448570863
1.4469783636221405,-2.196419268638486
1.3866945111749382,-1.4217104322475622
1.3866945111749382,2.029844429085961
1.7741448814819674,-1.809025825563651
1.7741448814819674,-3.0772733920804565
0.9506510818229462,-2.921459105856724
0.9506510818229462,0.6611676199992194
1.3530590284887314,1.2305227818814894
1.3530590284887314,-1.2698214067378084
-1.3835674170625516,-1.1323223594124208
-1.3835674170625516,1.6991063038463767
-2.007041475612619,-1.436029778539428
-2.007041475612619,1.378816993223129
-1.3068909554820054,-1.8520952961241557
-1.3068909554820054,-3.0499000681840993
2.126613964495018,2.878191303042464
2.126613964495018,-1.0362547964801392
1.563895006623268,-1.2877023363882751
1.563895006623268,1.2758781260361232
-1.6933588600193201,-2.0591905749019355
-1.6933588600193201,0.9075701838150418
1.7642328295939174,-1.2141614241188339
1.7642328295939174,1.2627512020857838
1.627838895759263,-1.2932744657075887
1.627838895759263,1.0949102050386135
1.4869068602793496,1.419956061067545
1.4869068602793496,-2.3174565840402788
-1.3975516891445026,1.2217789335099496
-1.3975516891445026,-1.0194324706690736
1.8719470128071052,-1.7200345720438377
1.8719470128071052,1.5897281943870092
1.1526389107987676,-2.692767335898763
1.1526389107987676,1.3693946538316564
-1.187150673408132,-1.3117178173628041
-1.187150673408132,1.14071684634649
1.571630004901914,-1.259616239618163
1.571630004901914,1.3201636309000584
-1.5888384558362891,-1.1773792379935042
-1.5888384558362891,1.1545506165563053
2.2176264670667796,1.3419689255800629
2.2176264670667796,-1.0857236810330972
-1.5529565595730832,1.0985990091078355
-1.5529565595730832,-1.1003947661520976
1.4320255081556696,0.9518891465542033
1.4320255081556696,-3.1261577610014393
1.6194388852863337,2.1410989083984626
1.6194388852863337,-0.9091497691256083
1.497128031951333,0.99430197927394
1.497128031951333,-1.0968091786054133
1.5704779572403955,-1.160585667342826
1.5704779572403955,1.1056472896228153
1.9054004199639072,2.4136332319259446
1.9054004199639072,-1.6351676757873947
1.5616148749171028,1.2698433839401762
1.5616148749171028,-1.282100751126402
-1.7080779503263204,1.3827935811949226
-1.7080779503263204,-1.3860825969505286
1.2099193104341357,1.2936824049943225
1.2099193104341357,-1.5678747417694963
1.2247814946258868,-2.353817411789836
1.2247814946258868,1.4082996568565114
2.2446692031575854,-0.9383547875661827
2.2446692031575854,2.260300972991066
-1.5620965266827416,1.140532806655903
-1.5620965266827416,-1.0956850701918162
1.5237640972384805,2.451832450734159
1.5237640972384805,-2.4166076975654023
1.8659901100067775,-1.4183544027741781
1.8659901100067775,2.6216910753774503
-1.2658578852123783,1.1944966894717362
-1.2658578852123783,-1.5765061402341995
-1.453503748981207,-1.8724665323988956
-1.453503748981207,2.191971095150582
1.8172594163424798,1.4926094730545905
1.8172594163424798,-1.463997231177854
1.4908773223804876,1.2856055079551465
1.4908773223804876,-1.282735392569292
-1.5128047983774757,1.2099128763297884
-1.5128047983774757,-1.0780213805652723
1.9079671068203603,-1.140762853077829
1.9079671068203603,2.3643682528059764
1.5215129808091359,-1.275195764448431
1.5215129808091359,1.6124431370036278
1.281404254206219,-2.52162540312112
1.281404254206219,1.324463692878236
1.7455166058875742,2.123812771131061
1.7455166058875742,-0.9399746375370043
-2.369834674591892,-2.575795098782994
-2.369834674591892,1.088754136860981
2.2817561160325206,-1.5490625465753496
2.2817561160325206,2.1427200201495853
-1.3205555833390552,1.2958514053888714
-1.3205555833390552,-1.1810392464921198
-0.5213065486446806,-3.1336974598168195
-0.5213065486446806,-1.8395600712996678
-1.3027669677441331,1.0189774695816172
-1.3027669677441331,-1.3476868835721623
-1.1212529587866258,2.531141504271872
-1.1212529587866258,-0.6579332961947901
-2.2581228958455135,-3.092759884015909
-2.2581228958455135,1.0735438930961907
1.0544246128131514,-2.855969080344222
1.0544246128131514,1.0589529187728728
-1.1627152100257232,-2.7710925016585866
-1.1627152100257232,-1.550638729505362
1.732584029338509,1.162978607368579
1.732584029338509,-1.409088575001028
-1.5743733202837153,-1.3314244945666942
-1.5743733202837153,1.1383982506919672
1.6215110971828912,3.0851777201987742
1.6215110971828912,-0.05548700117136117
1.3304660942620394,1.4558349449728294
1.3304660942620394,-1.048725600051112
-1.677190649659949,-0.9908967047317018
-1.677190649659949,1.528725595231624
1.5473691799947389,1.1588150778404702
1.5473691799947389,-1.2330824308644075
-1.3468782965012343,-1.4120630695080414
-1.3468782965012343,1.1916487175235118
-1.7514008797144252,1.1744549336271048
-1.7514008797144252,-1.5102826608625644
-1.3863156684970148,-1.2155558807699482
-1.3863156684970148,1.2604198364998989
1.3506342416414758,-2.0644900366476704
1.3506342416414758,1.6323229578015657
1.7347152081707857,-1.0370930608235465
1.7347152081707857,1.27179522066967
1.5477578405234298,-1.2122936195544534
1.5477578405234298,1.149638495378333
-1.5844306298684991,0.94575500088084
-1.5844306298684991,-1.1969376370698608
1.6010816288814491,1.595985355191774
1.6010816288814491,-1.134622312677993
1.5549820902219653,-1.2468871327007498
1.5549820902219653,1.3262543982101167
0.4805817417289927,1.8363584567622468
0.4805817417289927,3.1295783722018053
2.0639666341586578,3.08534625393012
2.0639666341586578,-1.1010459065887852
1.704394392527552,-1.23137732416941
1.704394392527552,1.218925599720138
-1.7442017296035877,3.1330257446726106
-1.7442017296035877,1.8745053451019347
1.203979757528372,2.7332210803850483
1.203979757528372,1.5179171960755713
2.0145922825231297,-0.9387728807345372
2.0145922825231297,2.297083466262599
1.3080385857751864,0.9517667725262109
1.3080385857751864,-1.7046181214718588
-1.1328144273543903,-2.8204508230159835
-1.1328144273543903,-1.588845000042636
-2.080542506492407,1.2034925120997702
-2.080542506492407,-2.570484630378998
-1.3753821297733624,1.2837683814767962
-1.3753821297733624,-0.9269476753739424
-1.0793753102339623,-1.2129724962617012
-1.0793753102339623,2.2652416709830434
1.7676583342684602,-1.4127657436870737
1.7676583342684602,2.385010363074368
-1.5255330169413643,-1.3916776251814476
-1.5255330169413643,0.8213238044345752
1.1234524345665122,1.3061183095312594
1.1234524345665122,-2.266199110951318
1.7554065644083763,2.7203844321913637
1.7554065644083763,-0.2611353873306611
1.546792534196323,-3.0185698566766686
1.546792534196323,-1.772536833927534
-1.633076307778297,0.985246995349125
-1.633076307778297,-1.306858263524828
-2.32015666576482,-2.4044513199287123
-2.32015666576482,1.4938990288003955
-1.3943782424784503,-1.5441535711295478
-1.3943782424784503,1.142351004178872
1.387449920800447,-1.2435903581268928
1.387449920800447,1.4577118083544671
1.684825261542566,-0.9305810695855485
1.684825261542566,1.4602774406822128
1.1938726629613257,2.686961703037314
1.1938726629613257,1.4782109090000506
-1.2955186112617778,1.0854754404464195
-1.2955186112617778,-1.3001482494415093
-1.2831443777077864,3.1197423023341333
-1.2831443777077864,-0.8378140661291883
1.1769756147364652,-2.405908053931508
1.1769756147364652,0.045874545230295216
-1.5637711693539003,-1.4005560779420243
-1.5637711693539003,1.2442729870408806
0.9999692998012758,0.5751938255445485
0.9999692998012758,-1.9818276664756747
-0.9483550290335208,2.6397077170907775
-0.9483550290335208,-1.2378138785589003
-1.293013624909932,2.4662713165492622
-1.293013624909932,-1.6081385455024333
1.7321794176969982,1.1825499836576983
1.7321794176969982,-1.4104911765540429
-1.534867288121299,-1.1143494033465464
-1.534867288121299,1.0000999692783095
1.5169149896730059,1.127317935502728
1.5169149896730059,-1.1256245671430096
1.712737417782137,-1.235138976115149
1.712737417782137,1.053461504302655
-1.1243139469506327,-0.6775919888119961
-1.1243139469506327,2.359550614763066
1.0522775851726263,-2.7648530593164304
1.0522775851726263,1.3662683241540745
1.6592752698563282,1.1548790715509707
1.6592752698563282,-1.2234692980114774
-1.3917967267479936,1.3206611809636037
-1.3917967267479936,-1.4991529692093355
1.312288786358984,1.6033850796565414
1.312288786358984,-2.319214081781124
1.7477179794457824,-1.548635172185975
1.7477179794457824,2.4901858104853956
-1.3166583608573585,-1.4621809060076372
-1.3166583608573585,1.0363968085567365
1.176189167321402,-3.06245358017355
1.176189167321402,1.4519815892114947
0.9474983499405852,-1.9573542407859952
0.9474983499405852,0.5591674121233661
1.4560379734651943,1.245077588249225
1.4560379734651943,-1.467049909047302
-1.5248550147073,-1.020019458296381
-1.5248550147073,1.0693875009293061
1.5981758771448,-0.91412138655367
1.5981758771448,1.333178440736877
1.7142383611481062,-1.7467133332711937
1.7142383611481062,2.261705119583626
