Torsion_1,Torsion_2
-0.09921006816314035,-3.0947563328604524
-0.09921006816314035,1.1225648240690655
-0.09921006816314035,-1.0234544684015519
0.028028328472044072,1.141257280026544
0.028028328472044072,-1.064810534499818
0.028028328472044072,-3.1098643655727716
-0.07983756636592577,-1.0539155625018606
-0.07983756636592577,1.0918635529507954
-0.07983756636592577,-3.1188289702122614
-0.07320071378896476,-3.120717258671402
-0.07320071378896476,1.091124509645069
-0.07320071378896476,-1.0549458064574462
0.0006333148981380133,-1.0808443437934223
0.0006333148981380133,3.134264023297445
0.0006333148981380133,1.0658890188043144
-0.0007259506113617038,-3.1411862971292543
-0.0007259506113617038,-1.0727976010451505
-0.0007259506113617038,1.073504171801353
0.0031522336252803812,1.0756173064015078
0.0031522336252803812,3.1385950186359115
0.0031522336252803812,-1.0813432958161626
-0.13936197889972982,-3.0891932181913035
-0.13936197889972982,-1.0315359145942025
-0.13936197889972982,1.1142853445266487
-0.05724584801578627,1.0075403003398005
-0.05724584801578627,3.0787956232500306
-0.05724584801578627,-1.1368641738448724
0.05578491678859937,-1.1010526196325174
0.05578491678859937,3.110981063353201
0.05578491678859937,1.0481096918468853
0.0029353022759670143,1.149124237361248
0.0029353022759670143,-1.0523038513902578
0.0029353022759670143,-3.098840668752398
0.028873662370678385,-3.110675496477573
0.028873662370678385,-1.0656522824305097
0.028873662370678385,1.1406345542693528
0.17174055304730781,3.083580350189957
0.17174055304730781,-1.12638252820932
0.17174055304730781,1.0237947586490193
-0.009280939825365651,-3.1279115399602078
-0.009280939825365651,-1.0561738240762344
-0.009280939825365651,1.0901479183949516
0.015566149198215497,3.1337621037182832
0.015566149198215497,1.0660545164730948
0.015566149198215497,-1.0822350634019602
-0.019597620064953934,1.0760179818203388
-0.019597620064953934,-1.0756033908044078
-0.019597620064953934,-3.1407872060984103
-0.01421280266818033,-1.2004945282137385
-0.01421280266818033,1.183595783339009
-0.01421280266818033,3.1297327644256256
-0.10521501356137149,-1.0089178594827422
-0.10521501356137149,-3.0735671164328586
-0.10521501356137149,1.1404633982886871
-0.09083593435786487,-1.0838634549544706
-0.09083593435786487,1.1641243206765988
-0.09083593435786487,-3.0698633610176977
0.005651727881565003,1.0468512940707213
0.005651727881565003,-3.0195005739496112
0.005651727881565003,-1.3213778438030788
0.005491351997825588,1.0457822412960762
0.005491351997825588,-3.0207601819918657
0.005491351997825588,-1.3225867393059005
0.08513983170719513,1.130454361012498
0.08513983170719513,-3.003511396893289
0.08513983170719513,-1.042226372798497
-0.0052298350522749885,-3.1386704678841846
-0.0052298350522749885,-1.0711592031394919
-0.0052298350522749885,1.0763981345893439
-0.1578055029370024,1.2527314888653625
-0.1578055029370024,-2.8403360729847704
-0.1578055029370024,-0.8550075320035779
0.01458448702275664,-1.0758634573361028
0.01458448702275664,1.0710355412774637
0.01458448702275664,3.139198320839863
-0.13238426401907796,-3.056128423583469
-0.13238426401907796,1.156668857048916
-0.13238426401907796,-0.9904464877919179
0.032668773304291396,0.9792546778114505
0.032668773304291396,-1.1658460628653313
0.032668773304291396,3.0481050262895844
-0.006144638113371772,-1.0805608537100513
-0.006144638113371772,3.133770931643291
-0.006144638113371772,1.0693820923583388
-0.14114010378330982,-3.1399536914303625
-0.14114010378330982,-1.0712069529874655
-0.14114010378330982,1.0735394511174188
-0.0061153676281923575,1.1207766448552052
-0.0061153676281923575,-1.0959202320438752
-0.0061153676281923575,-3.1249265755631934
-0.021447569301725894,-3.129998228656262
-0.021447569301725894,1.086582958567657
-0.021447569301725894,-1.0619402494979493
-0.031782481736993926,-3.112694385577784
-0.031782481736993926,1.0703515845521627
-0.031782481736993926,-1.032516717697385
-0.03798581021563828,-3.124209184936528
-0.03798581021563828,1.0933356949316513
-0.03798581021563828,-1.0570069281608578
-0.057218938187965245,-3.116701245943608
-0.057218938187965245,-1.0497093265753752
-0.057218938187965245,1.0999631032785728
-0.019999499247521726,1.0858230032590859
-0.019999499247521726,-3.131960232656725
-0.019999499247521726,-1.065115631405436
-0.010434354298881763,-3.131807579781918
-0.010434354298881763,-1.0653990938180458
-0.010434354298881763,1.085261308741872
0.05157581388985409,-2.794187350449772
0.05157581388985409,-0.7948257280278193
0.05157581388985409,1.432846638453738
0.14925465132231397,3.0889749257858705
0.14925465132231397,-1.121921668739472
0.14925465132231397,1.0280694969414645
-0.0051341311712364834,-1.0647713612306253
-0.0051341311712364834,1.0782632046669045
-0.0051341311712364834,-3.135065160943221
-0.00043177204808150793,1.0718635095317468
-0.00043177204808150793,3.140915400561365
-0.00043177204808150793,-1.073332613551365
0.09853630710483133,-1.1052382887063763
0.09853630710483133,1.043099219451678
0.09853630710483133,3.107071947840035
-0.0026026080486174176,-1.0716881666804556
-0.0026026080486174176,-3.140962587128762
-0.0026026080486174176,1.073907713585599
0.07343033548717384,1.0424420385920787
0.07343033548717384,-1.1045385705828583
0.07343033548717384,3.103058229010487
0.00013886771106022983,-1.0732967755533351
0.00013886771106022983,3.1415908024208825
0.00013886771106022983,1.073277061298691
-0.08423303278077328,-1.0309183975091867
-0.08423303278077328,1.1162008502703984
-0.08423303278077328,-3.094674786475948
0.10126685116438629,1.0396236178967433
0.10126685116438629,-1.110249582598172
0.10126685116438629,3.100314611583406
-0.13562822488154136,1.121455589931985
-0.13562822488154136,-3.0904164721026177
-0.13562822488154136,-1.0321443933151462
-0.08295152707968315,-0.9582378772865924
-0.08295152707968315,-3.0205956334164257
-0.08295152707968315,1.193395245944125
-0.04442967196086673,-1.0582032775669905
-0.04442967196086673,-3.124641901235832
-0.04442967196086673,1.0930241032745418
0.027355329330960097,-1.0434146808654674
0.027355329330960097,1.2388619005153243
0.027355329330960097,-2.830472334049672
0.0064964344460967174,-1.075138426135914
0.0064964344460967174,1.0709156896979428
0.0064964344460967174,3.139471252890327
0.030062781846851506,2.5169734257304226
0.030062781846851506,-1.300862894396439
0.030062781846851506,1.2942097765682743
0.00906055167137199,3.139789709954884
0.00906055167137199,-1.0750341328812003
0.00906055167137199,1.0720624727467885
-0.0436181966564368,-1.0585117520246257
-0.0436181966564368,1.0928023791956656
-0.0436181966564368,-3.123194562137732
-0.03968154368190386,-3.1287411524952264
-0.03968154368190386,-1.0605714577535683
-0.03968154368190386,1.085588463232865
-0.019358577561859523,-3.010680243656165
-0.019358577561859523,-0.9694357634317613
-0.019358577561859523,1.2082990064149064
0.13760705673878912,1.031657716512205
0.13760705673878912,-1.1180006593939849
0.13760705673878912,3.091696002260417
-0.03513600508269794,1.087240284275481
-0.03513600508269794,-1.0591070429467742
-0.03513600508269794,-3.127645801169928
0.06372282656818638,1.0563607409572375
0.06372282656818638,3.1244183465293554
0.06372282656818638,-1.0896886168842723
0.03199535673286334,-1.1218148369906304
0.03199535673286334,1.031375789756727
0.03199535673286334,3.0973759077891847
-0.06968375771361883,-1.0536434766511122
-0.06968375771361883,-3.1189121944803
-0.06968375771361883,1.097552429174889
-0.007799808359889103,-1.0709168199023054
-0.007799808359889103,-3.1392463285365606
-0.007799808359889103,1.074955347872854
0.04551034073689954,-1.095613091171776
0.04551034073689954,3.1180169569996092
0.04551034073689954,1.0524623524139078
-0.009559104874300504,1.1353601002585003
-0.009559104874300504,3.0583506877418647
-0.009559104874300504,-1.0742713486330457
0.018792025989142078,-1.0813072904495071
0.018792025989142078,1.065145699518993
0.018792025989142078,3.1336465516512515
0.017582913096098364,-1.0792701687682869
0.017582913096098364,1.06731462181892
0.017582913096098364,3.135745625166866
0.013890175886579207,3.135480299839922
0.013890175886579207,-1.076845675845264
0.013890175886579207,1.0669672006883935
0.13244127909152795,-1.0902974014034874
0.13244127909152795,1.056105888493573
0.13244127909152795,3.1237298015012724
0.027257695345376393,-1.0883192670887751
0.027257695345376393,3.1290092780262277
0.027257695345376393,1.0620220276361547
0.0923656676281662,3.1022368337350965
0.0923656676281662,-1.1097944963261959
0.0923656676281662,1.0374559160415924
0.16845793804585102,2.9323252264903505
0.16845793804585102,0.8616445930069707
0.16845793804585102,-1.2861675539124062
0.267867537611108,-2.2053952693176577
0.267867537611108,0.41344932708769494
0.267867537611108,2.8918381124334167
-0.03662297931711282,-1.1598878713223613
-0.03662297931711282,1.1853608641867406
-0.03662297931711282,2.807023897965174
-0.028767470655673977,1.0861651090587707
-0.028767470655673977,-1.0600403224954906
-0.028767470655673977,-3.128777936614829
0.05353946226832352,-1.0387431093592148
0.05353946226832352,1.1094074360297277
0.05353946226832352,-3.102980566754653
-0.09342467936016222,-1.005830919297528
-0.09342467936016222,-3.073603504145929
-0.09342467936016222,1.1395580841717328
0.010893025922837706,-1.1167988346103384
0.010893025922837706,3.1003660715661794
0.010893025922837706,1.0318700579704958
0.003131035258972906,-3.136580591862826
0.003131035258972906,1.078189762215258
0.003131035258972906,-1.068598074015073
0.015870620709810327,-1.0835117792272628
0.015870620709810327,3.133885437418538
0.015870620709810327,1.0676625569052551
-0.04719765848756004,0.040307381945310146
-0.04719765848756004,-3.096462788479032
-0.0367812736400064,1.0903766843427565
-0.0367812736400064,-3.126490878644027
-0.0367812736400064,-1.0598365745359626
0.0010129919475469005,-1.0727711833531848
0.0010129919475469005,3.140756122105769
0.0010129919475469005,1.0711245084125895
0.05687975078743146,-1.1100895691443968
0.05687975078743146,3.106147122700652
0.05687975078743146,1.0391036133148137
-0.028448183389903618,-1.0760736951030387
-0.028448183389903618,-3.1415570656378504
-0.028448183389903618,1.0705875878853748
-0.12818750019094807,-3.0878585402192806
-0.12818750019094807,1.1279822191468207
-0.12818750019094807,-1.0247781162197194
0.01740329774125899,-1.0722278845981617
0.01740329774125899,3.1413022753753785
0.01740329774125899,1.0727747679173274
-0.08405935724947702,-1.0423393651173622
-0.08405935724947702,1.1044383136955953
-0.08405935724947702,-3.1037729376846284
-0.1465396050376177,-3.0900457681545435
-0.1465396050376177,1.1241183163060258
-0.1465396050376177,-1.0272526190897655
-0.004621950101265064,-1.0665421920106335
-0.004621950101265064,1.0769357722672113
-0.004621950101265064,-3.1364176297191473
-0.007635793084442277,-3.1387924574263963
-0.007635793084442277,-1.071681774434444
-0.007635793084442277,1.0786157225356947
-0.017667347715126246,-1.0754828872495241
-0.017667347715126246,1.074410151315731
-0.017667347715126246,3.140397532852557
-0.019221646453219964,-3.133831891227806
-0.019221646453219964,-1.0653652491715173
-0.019221646453219964,1.0810996154590526
-0.007895987139145822,-1.067803193189498
-0.007895987139145822,-3.1362923230849873
-0.007895987139145822,1.0793620011257334
0.0008699454969301244,1.0647803514426397
0.0008699454969301244,3.1411397208945395
0.0008699454969301244,-1.0656362751270274
-0.0012085605203807543,-1.0647738601066692
-0.0012085605203807543,-3.141079119435504
-0.0012085605203807543,1.065661262197896
0.021201872346566022,3.1314425614311108
0.021201872346566022,1.0649144598948024
0.021201872346566022,-1.0855822900224805
0.02634187998530178,1.0577893121523783
0.02634187998530178,-1.0857222893748966
0.02634187998530178,3.1263811887826196
0.011301125218978495,-1.0770715007372342
0.011301125218978495,1.0691864803745614
0.011301125218978495,3.1378965809461277
-0.04620369234963801,-3.116896916965632
-0.04620369234963801,1.0946009738856415
-0.04620369234963801,-1.0506681549336516
0.02967492616623097,1.0582859188496465
0.02967492616623097,3.1250009495295026
0.02967492616623097,-1.088688941142118
0.08825875614235892,0.9246958811733017
0.08825875614235892,2.9982313401029943
0.08825875614235892,-1.2281036520993076
-0.007513361102932748,-3.125185945323004
-0.007513361102932748,-1.0960108110977305
-0.007513361102932748,1.1204991500325414
0.09734871658724666,3.0929870076038073
0.09734871658724666,-1.166780188375135
0.09734871658724666,1.0200203483649495
0.017520448369666007,3.1344486633031026
0.017520448369666007,1.066019871698989
0.017520448369666007,-1.0805762243040977
9.531861012465556e-05,-1.0731156889757152
9.531861012465556e-05,-3.140930477219041
9.531861012465556e-05,1.0744731579835136
-0.04698614941798192,1.080549120574054
-0.04698614941798192,-1.0685260073052416
-0.04698614941798192,-3.1330170541737035
-0.03582088882503769,2.823481686833205
-0.03582088882503769,0.8260500348724937
-0.03582088882503769,-1.404719983941698
-0.07903142226104087,1.1477812322634402
-0.07903142226104087,-0.9988453571223753
-0.07903142226104087,-3.0661951083085226
-0.08186519892376985,-1.042105582026062
-0.08186519892376985,1.1024066713925735
-0.08186519892376985,-3.1050411801145046
0.0007224878451751804,1.0736078135141514
0.0007224878451751804,3.1412274510568374
0.0007224878451751804,-1.07433698894265
-0.10187345699559124,1.1305776047766865
-0.10187345699559124,-3.084071907393082
-0.10187345699559124,-1.0198878376471
0.11287758167226437,3.1106354396812295
0.11287758167226437,1.0448539962468542
0.11287758167226437,-1.1010111461540097
0.07238986016881814,1.0315794058081154
0.07238986016881814,-1.1191352330613316
0.07238986016881814,3.0957979094201566
-0.06804504026323313,3.138971835909483
-0.06804504026323313,-1.167369552705215
-0.06804504026323313,1.0302361439927947
0.0009732258751384578,3.1405550365884425
0.0009732258751384578,1.0711241108967344
0.0009732258751384578,-1.07351928983598
-0.024890607780158613,1.0848150650878534
-0.024890607780158613,-3.130387568730553
-0.024890607780158613,-1.0615690854213153
-0.07064923286822944,-0.7647641389201469
-0.07064923286822944,-2.785258251333462
-0.07064923286822944,1.4528027987972005
0.06983915802004433,0.7672641179091875
0.06983915802004433,2.787985325825009
0.06983915802004433,-1.4500097009343862
-0.03774374421897012,-1.023976747139276
-0.03774374421897012,1.1230310519690165
-0.03774374421897012,-3.090221316795595
-0.048533211590113916,-2.8609240534946574
-0.048533211590113916,-0.768691794835012
-0.048533211590113916,1.212437588934743
-0.04500479155715209,-3.118797166696198
-0.04500479155715209,1.0922564017617766
-0.04500479155715209,-1.0540026466465091
-0.09622655403607851,1.0980861711436765
-0.09622655403607851,-3.1145068847567194
-0.09622655403607851,-1.0482445489283039
0.012345099209917222,3.1350495986898306
0.012345099209917222,-1.077436285613073
0.012345099209917222,1.0666314744725423
0.0901712945944225,-1.0699710368365563
0.0901712945944225,1.0737469212898436
0.0901712945944225,-3.1395627713857164
0.03537307583389889,-1.0877024335162713
0.03537307583389889,3.12693189042695
0.03537307583389889,1.058542245061585
0.02945677083663953,-1.0778395748607894
0.02945677083663953,1.0678898836843835
0.02945677083663953,3.1353599938198773
-0.061382563292281825,-1.286850538711503
-0.061382563292281825,-2.4854036789090292
-0.061382563292281825,1.287118160412662
-0.0678874857232786,1.0871963019241764
-0.0678874857232786,-3.1251633744167377
-0.0678874857232786,-1.0597439140110183
-0.04271421196419781,1.5484600349920485
-0.04271421196419781,-0.9264283830313371
-0.04271421196419781,-2.631031976803009
0.0633439641614899,-1.0968636983245914
0.0633439641614899,3.1162767197361143
0.0633439641614899,1.0509935259979586
0.10474125578632824,-1.105567081840417
0.10474125578632824,3.105856203778389
0.10474125578632824,1.0406523676105497
0.01818817490909337,1.0643730459251222
0.01818817490909337,3.1319748089534065
0.01818817490909337,-1.084547874624074
0.00820853638983152,-1.0702580813182396
0.00820853638983152,-3.1411568210412155
0.00820853638983152,1.0723640284858735
-0.0542355799667415,1.0904276410485236
-0.0542355799667415,-1.0540948055133799
-0.0542355799667415,-3.1200314366574555
-2.5038309161202596e-06,-1.073542449499533
-2.5038309161202596e-06,3.1408604742307076
-2.5038309161202596e-06,1.072078031188457
-0.21446637875685767,-1.0474130297452477
-0.21446637875685767,1.1673244696062721
-0.21446637875685767,-2.976523556685895
-0.14844813097735193,2.9101529099804315
-0.14844813097735193,-1.3518887973768285
-0.14844813097735193,0.8180004315326904
0.04750849491223176,3.1248485597890046
0.04750849491223176,1.0635386843371708
0.04750849491223176,-1.0882015698925886
0.011417635568508182,3.135503489176096
0.011417635568508182,1.066787035174401
0.011417635568508182,-1.0820670199885072
0.008614768925584687,3.136149150750919
0.008614768925584687,1.0706532199627277
0.008614768925584687,-1.0790939106818853
0.04237684048076183,-1.3808616666766436
0.04237684048076183,2.78441768048266
0.04237684048076183,1.0997386168061114
0.07398497388138137,0.8932888462822399
0.07398497388138137,-1.4162280440888846
0.07398497388138137,2.8334826346580804
0.007995232492170568,1.0735239247438981
0.007995232492170568,-3.141305298040748
0.007995232492170568,-1.0732658291471648
0.006986148864047012,1.0694949762049843
0.006986148864047012,-1.0763837877122755
0.006986148864047012,3.137865222811466
-0.0020214064236877775,-1.03503384652752
-0.0020214064236877775,1.1312699461669935
-0.0020214064236877775,-3.0914923944600194
-0.08912299449703487,-0.997578253893062
-0.08912299449703487,-3.0615612311098266
-0.08912299449703487,1.1529936123855034
0.13028138350074941,1.0285659493067316
0.13028138350074941,3.0915863319489634
0.13028138350074941,-1.1206146130295205
0.04799261312038792,-1.0916891113928242
0.04799261312038792,3.1229045287305492
0.04799261312038792,1.0540135621217648
-0.08488930040501018,1.0949089795907607
-0.08488930040501018,-3.116956253485888
-0.08488930040501018,-1.0521075032571252
0.005483302933008005,0.9901372107437706
0.005483302933008005,2.933118582870659
0.005483302933008005,-1.1704846354387148
-0.02418636937907041,1.1344683541929779
-0.02418636937907041,-1.0108094408650972
-0.02418636937907041,-3.0798684171275528
0.04186544162342434,1.0316655591093653
0.04186544162342434,3.0983957056390112
0.04186544162342434,-1.1228137585999078
-0.06218064792563457,-3.1397409185230947
-0.06218064792563457,1.0815485602568915
-0.06218064792563457,-1.073891021506428
-0.012287087394625695,3.1268119914800168
-0.012287087394625695,-1.087525092386413
-0.012287087394625695,1.064615358041876
0.14067612916289488,1.0255221113760342
0.14067612916289488,-1.123878258895216
0.14067612916289488,3.086849097230034
0.013983451145814247,-1.1115333596246004
0.013983451145814247,1.1009149115967694
0.013983451145814247,3.1403565403989657
-0.09972060280034971,-3.0848899498632187
-0.09972060280034971,1.1309418018280397
-0.09972060280034971,-1.0212058308248475
0.0006884513573072639,1.0739733495877475
0.0006884513573072639,-3.1415744207834426
0.0006884513573072639,-1.073907915313461
-0.09686447316655247,-1.4369570478637987
-0.09686447316655247,0.7520410404602634
-0.09686447316655247,2.7806939820916856
-0.0603468041693986,-0.7422475536023355
-0.0603468041693986,-2.7576329261003405
-0.0603468041693986,1.4789270589392693
0.060019287401331355,0.743004776909862
0.060019287401331355,2.758586265431346
0.060019287401331355,-1.477996144525531
0.19664782377027715,-1.1533696266043258
0.19664782377027715,3.0507913275020466
0.19664782377027715,0.9971481333804487
-0.01004511493804067,-2.411539578199442
-0.01004511493804067,1.3382963700566144
-0.01004511493804067,-1.241018019195711
-0.008793122484528328,2.3426352038212803
-0.008793122484528328,-1.3688135252980713
-0.008793122484528328,1.1705127284668302
-0.0006796133449082609,1.0723200888597837
-0.0006796133449082609,3.1409467067236374
-0.0006796133449082609,-1.073909726664042
-0.05870986075870052,-3.1120179371745382
-0.05870986075870052,1.1028025180957801
-0.05870986075870052,-1.0441122256580517
-0.050882772637889075,-1.0149219339078954
-0.050882772637889075,1.1309777893726887
-0.050882772637889075,-3.08004588204537
0.025258003683736544,-1.0661946916910268
0.025258003683736544,1.0538872552657443
0.025258003683736544,3.0888998931243896
-0.008728861728046359,-1.070878179524265
-0.008728861728046359,-3.1385999453092186
-0.008728861728046359,1.07612538868939
-0.051353189852219025,1.0983179008130335
-0.051353189852219025,-1.0542548520638273
-0.051353189852219025,-3.1187847569249008
-0.0035867108325894955,1.0769187947651715
-0.0035867108325894955,-3.139347468302384
-0.0035867108325894955,-1.0722995195567
-0.014443038728107196,-3.1327263346007266
-0.014443038728107196,-1.0673484497088748
-0.014443038728107196,1.0832327532331696
-0.10470428888701766,-3.0673785845501356
-0.10470428888701766,-1.006977906717924
-0.10470428888701766,1.144502700134311
0.11861858049291193,-1.103240752426504
0.11861858049291193,3.1062683041642147
0.11861858049291193,1.046042769619283
-0.09068264949390435,-1.054048439013478
-0.09068264949390435,-3.1206852532946545
-0.09068264949390435,1.093011565578901
0.01614201899482929,1.0679334078811997
0.01614201899482929,3.136066096766401
0.01614201899482929,-1.0790992746223818
0.049604221824330275,1.069057282223518
0.049604221824330275,3.1375514461897005
0.049604221824330275,-1.0804105498615668
0.03700289563564522,1.0629158481738112
0.03700289563564522,-1.088480776734581
0.03700289563564522,3.128819728646937
-0.1080045365457174,1.108561327213002
-0.1080045365457174,-1.035339182949122
-0.1080045365457174,-3.1005627806597
0.023440933283051482,-1.080475489012022
0.023440933283051482,3.1350693917211525
0.023440933283051482,1.0700152711719708
0.0005474855757639816,-1.074281379095662
0.0005474855757639816,-3.1411773768138636
0.0005474855757639816,1.0751669226799057
-0.014064995601540481,-3.131353873813253
-0.014064995601540481,-1.0630314077331628
-0.014064995601540481,1.0826998387812303
0.044081751996776886,1.0570990980910897
0.044081751996776886,-1.0920059482349866
0.044081751996776886,3.121293937459203
-0.08212735397151003,-1.0361228531887339
-0.08212735397151003,1.1090318521031761
-0.08212735397151003,-3.1019787578611875
0.0373123389086393,3.1237220711791687
0.0373123389086393,1.056900659747497
0.0373123389086393,-1.093298716743096
0.027191620150783302,1.0657043610415933
0.027191620150783302,3.1337582143777594
0.027191620150783302,-1.078905417277929
0.01047056284016482,-1.0644704928315973
0.01047056284016482,-3.132030088291948
0.01047056284016482,1.08363031718628
-0.024801239327475594,-3.1084009200642955
-0.024801239327475594,1.110936382086932
-0.024801239327475594,-1.0370143280558146
-0.036340886926394096,-1.3183650210393225
-0.036340886926394096,1.2709966889571633
-0.036340886926394096,-2.538260677152631
0.0008669461093151851,-1.0618184249084877
0.0008669461093151851,1.0878185738434174
0.0008669461093151851,-3.1291176118428226
-0.0046925524791493626,1.075282038311767
-0.0046925524791493626,-3.1390638660687578
-0.0046925524791493626,-1.0705883532482918
0.02787852966448074,1.0597905544127644
0.02787852966448074,-1.0877989289326486
0.02787852966448074,3.1307120272174163
-0.03166399768296286,-1.0613110866433455
-0.03166399768296286,-3.1298309494899472
-0.03166399768296286,1.08460357771252
-0.17231354673151425,-2.909471277883897
-0.17231354673151425,-0.8684986007014248
-0.17231354673151425,1.2489054590362598
0.012320984301708988,-3.1377380819201246
0.012320984301708988,-1.070681218728819
0.012320984301708988,1.076710449103738
0.0011894262321109376,1.0752403519172309
0.0011894262321109376,-3.141235602837388
0.0011894262321109376,-1.0744513210487239
-0.08149750893293822,-1.0425145556440294
-0.08149750893293822,1.106970168764004
-0.08149750893293822,-3.1029440248329156
-0.167156177736759,-3.0590353898372604
-0.167156177736759,1.1489429166846123
-0.167156177736759,-1.0028200000400926
0.11492938346827455,1.019545028252839
0.11492938346827455,3.079697447605553
0.11492938346827455,-1.1328142014503673
0.04774971130025505,1.0561200970636582
0.04774971130025505,3.123721064934997
0.04774971130025505,-1.092965692943528
0.22078354777810483,-1.1638943685003027
0.22078354777810483,0.9883609294433403
0.22078354777810483,3.047053667553759
0.021749858354908537,0.7174348707740585
0.021749858354908537,2.8040995414570182
0.021749858354908537,-1.4721486539249347
0.10884683203567842,-1.1148074396385337
0.10884683203567842,3.0929344783342447
0.10884683203567842,1.0313378943834393
0.06006671618728025,3.1168581979831385
0.06006671618728025,1.0501458486261717
0.06006671618728025,-1.0944203235711332
-0.04832555929683685,-1.042901156148616
-0.04832555929683685,-3.1081453272400643
-0.04832555929683685,1.1063569397252853
0.03290091504506169,3.12253783328764
0.03290091504506169,-1.0925366097025093
0.03290091504506169,1.0574177514027305
0.011434191237710932,1.0720038297892567
0.011434191237710932,-1.074508933958798
0.011434191237710932,3.141302049707915
0.00021540122124067527,-1.0740017708932745
0.00021540122124067527,-3.141150288192579
0.00021540122124067527,1.074996420475504
-0.021907708381450782,-3.1384194997080352
-0.021907708381450782,-1.1729211122428123
-0.021907708381450782,1.0715030754198862
-0.009778206456613281,-3.1355271109373755
-0.009778206456613281,-1.0691674039411594
-0.009778206456613281,1.0783141975221946
0.13396337883339834,-1.1154753371345598
0.13396337883339834,3.094710168975028
0.13396337883339834,1.0312969164538455
-0.09091148909169072,-1.047606424648351
-0.09091148909169072,-3.1117014138700534
-0.09091148909169072,1.0973542273174026
-0.053142689268414485,3.137390198343015
-0.053142689268414485,1.0714798963627317
-0.053142689268414485,-1.0812393210735407
0.04746760100619785,-1.1042738663925376
0.04746760100619785,1.0430906167959448
0.04746760100619785,3.1086093486018154
-0.16734545415087307,3.1162067108884957
-0.16734545415087307,-0.6893141228389905
-0.16734545415087307,1.926295901022965
-0.0029501846908781344,1.0720744727723501
-0.0029501846908781344,-1.0737964353058598
-0.0029501846908781344,3.14100045952949
-0.14384049730469775,-3.078694368744784
-0.14384049730469775,1.1269842356616318
-0.14384049730469775,-1.0191399721052086
-0.020546521747580895,1.0808704082687732
-0.020546521747580895,-3.1328968890581206
-0.020546521747580895,-1.0646833009069199
0.0180604567972892,1.080233521690438
0.0180604567972892,-3.137908062207152
0.0180604567972892,-1.0664370631543105
-0.03016701537150766,-1.060888944303941
-0.03016701537150766,-3.127840657603778
-0.03016701537150766,1.0897309500145806
-0.02740415034686396,1.1263793709513858
-0.02740415034686396,-3.0884477358873026
-0.02740415034686396,-1.0295708769661456
-0.17384407088076598,-1.0130978925990894
-0.17384407088076598,1.1349908964353914
-0.17384407088076598,-3.0691774838886596
-0.04607329119792708,1.4073478506091042
-0.04607329119792708,-2.9318738691628297
-0.04607329119792708,-0.8531099016074861
-0.06225255586731285,-1.178188409057509
-0.06225255586731285,1.07958699242992
-0.06225255586731285,-3.1187208477883384
-0.001469081308833658,-1.0756788933834134
-0.001469081308833658,3.1393933848090634
-0.001469081308833658,1.0703079050536664
-0.013230840970004192,-1.0695087513751338
-0.013230840970004192,-3.1367929640063514
-0.013230840970004192,1.0844329176486303
-0.07474244389302813,-1.0436606326018063
-0.07474244389302813,-3.109544607709286
-0.07474244389302813,1.1058191725545088
-0.045102482267872925,-3.1223632318593126
-0.045102482267872925,-1.054008494087526
-0.045102482267872925,1.094115722587677
0.0006299430287955925,-1.0730725595091493
0.0006299430287955925,3.140178701244305
0.0006299430287955925,1.0703820124828252
-0.08837859429290879,-3.0891422402276976
-0.08837859429290879,1.127004727246417
-0.08837859429290879,-1.019954361553273
-0.10382228258943695,3.1202844262845155
-0.10382228258943695,-1.0981912731660923
-0.10382228258943695,1.0468618219154853
0.0033400631189706917,1.0681207972850757
0.0033400631189706917,3.136560208307831
0.0033400631189706917,-1.0794204606127211
-0.020090851944090285,-3.126991319844281
-0.020090851944090285,-1.0608512748527625
-0.020090851944090285,1.085043538795366
0.017169962644722914,1.0689202147702535
0.017169962644722914,3.135724480461516
0.017169962644722914,-1.0785780358287222
-0.11982118018335185,-1.029101245341255
-0.11982118018335185,1.120807519182968
-0.11982118018335185,-3.0883783086311314
-0.004184124960472566,-1.0726278783155718
-0.004184124960472566,1.0743427180057596
-0.004184124960472566,-3.140746555403305
0.00022271715474466114,1.0735759464960333
0.00022271715474466114,-3.1409581519734493
0.00022271715474466114,-1.072180670913525
-0.011519210320386974,1.0717106753407766
-0.011519210320386974,-1.072209008010758
-0.011519210320386974,-3.141195015854544
-0.017355172989879267,-1.0697283416354706
-0.017355172989879267,-3.1382652604226022
-0.017355172989879267,1.0748657033254594
0.07995479379404935,1.0548601573747134
0.07995479379404935,3.1199619730065176
0.07995479379404935,-1.0916419624064904
-6.089905348800845e-05,1.0724208643910735
-6.089905348800845e-05,-1.0720815975650932
-6.089905348800845e-05,-3.141411191309051
-0.008965451234324935,1.07758137024101
-0.008965451234324935,-3.1378332406645097
-0.008965451234324935,-1.070464149444822
-0.019271801409103135,-1.0660137992817662
-0.019271801409103135,1.0783810014028201
-0.019271801409103135,-3.1346539567372425
0.017790344046414483,1.0661378043984842
0.017790344046414483,3.134963357869675
0.017790344046414483,-1.0810157123766484
0.017346205859784657,1.0830705183264857
0.017346205859784657,-3.135351941134476
0.017346205859784657,-1.0636021519477017
-0.017056345356055012,-3.1340345083630012
-0.017056345356055012,1.082955917466832
-0.017056345356055012,-1.0668311012984568
-0.009483250217174081,1.0706469390387763
-0.009483250217174081,3.138505453523604
-0.009483250217174081,-1.0806939645786793
-0.0012120877108031272,-1.0742267552949627
-0.0012120877108031272,-3.1413502535061997
-0.0012120877108031272,1.0746904876690169
7.251481930109256e-05,1.07434498052505
7.251481930109256e-05,-3.1411271610423785
7.251481930109256e-05,-1.0734017136899656
0.07147371707248112,0.9101083537018756
0.07147371707248112,-1.2630690400472293
0.07147371707248112,2.9218243605974266
-0.04506916977053704,-1.0524414621270264
-0.04506916977053704,-3.1200988589694214
-0.04506916977053704,1.0969926212631442
0.0035247462409781797,1.0720144318996632
0.0035247462409781797,-1.074685284097778
0.0035247462409781797,3.1402560229284253
-0.0020200081340180642,1.0753763390663202
-0.0020200081340180642,-3.14031420488201
-0.0020200081340180642,-1.0726807578523425
0.012673345018849176,3.1362388064381403
0.012673345018849176,1.0675665124303049
0.012673345018849176,-1.080925949411187
-0.10025644587952176,-0.5579007449142475
-0.10025644587952176,-2.5453506167634408
-0.10025644587952176,1.6573992106012698
-0.053807786676981564,-0.4213507355413507
-0.053807786676981564,1.6865394456205374
-0.053807786676981564,-2.491377463268788
0.013393115007842928,1.075327434906083
0.013393115007842928,3.1410583372148513
0.013393115007842928,-1.0764484307127922
-0.032683340344532276,-3.129573514615388
-0.032683340344532276,1.082688186996677
-0.032683340344532276,-1.0613609415532772
0.23418023651371828,-1.1598099409104898
0.23418023651371828,3.051236405641908
0.23418023651371828,0.98945366026668
-0.0028339729693489133,-3.111941247912843
-0.0028339729693489133,1.090657274682743
-0.0028339729693489133,-1.042871157243773
0.021618334505753213,1.0562325080335244
0.021618334505753213,3.1277650670099613
0.021618334505753213,-1.0876085233481385
0.050556131985078745,3.116919256697934
0.050556131985078745,-1.0983289360635355
0.050556131985078745,1.0530212889284523
-0.0022057854125787273,-1.073478832750927
-0.0022057854125787273,-3.1410895644766077
-0.0022057854125787273,1.0747536403206062
-0.05664128140673098,-1.0536847452995457
-0.05664128140673098,3.1054362665786748
-0.05664128140673098,1.1318861822404447
-0.020254744818891793,-1.068342425087265
-0.020254744818891793,1.0783070960765724
-0.020254744818891793,-3.136364465208725
-0.017026673975267,1.1090086137307404
-0.017026673975267,-3.022568124327844
-0.017026673975267,-1.0047394874399287
-0.13134048830228343,-1.0359845750416494
-0.13134048830228343,-3.099238536485981
-0.13134048830228343,1.1154009263176974
0.22023887098855457,-1.1586617552022973
0.22023887098855457,3.04723395609751
0.22023887098855457,0.9886321073302787
-0.03721901817257211,1.0261978215984509
-0.03721901817257211,-1.1158554034613821
-0.03721901817257211,3.0998924447871694
0.01258529820358981,3.1404753181371636
0.01258529820358981,-1.075318410191281
0.01258529820358981,1.0712755392156297
-0.07259481963344483,-1.2554424070274024
-0.07259481963344483,3.074160123650627
-0.07259481963344483,0.9280791102468148
-0.05133789437005409,-3.1170750842432193
-0.05133789437005409,1.0981567496208002
-0.05133789437005409,-1.053225851567519
-0.16723356728523786,3.115213435602523
-0.16723356728523786,-0.6906150108643803
-0.16723356728523786,1.9252843897189744
-0.22905506789335026,1.1568341267506956
-0.22905506789335026,-3.048193949346477
-0.22905506789335026,-0.9901255460719908
-0.028986279688329494,-3.1248581758805227
-0.028986279688329494,1.090277739640835
-0.028986279688329494,-1.0596042157419352
-0.07872260834725865,-1.254304113342277
-0.07872260834725865,0.9290035045089633
-0.07872260834725865,3.075964046700209
-0.048224953211740015,-3.0901989283355253
-0.048224953211740015,1.1158226040565948
-0.048224953211740015,-1.0337705518769593
-0.08696913240592936,1.190326441046181
-0.08696913240592936,-0.9775442582446972
-0.08696913240592936,-2.998331299753398
0.0019437348654651452,1.0722303890294547
0.0019437348654651452,-1.0722207392510463
0.0019437348654651452,3.1415105168532524
-0.1327797574333222,3.1391840093076184
-0.1327797574333222,-1.0760270344061391
-0.1327797574333222,1.0696932432792012
0.05240859642849214,3.134195322779404
0.05240859642849214,-1.0827447743037233
0.05240859642849214,1.0650871134003237
-0.01981981586208994,-1.0634345908064733
-0.01981981586208994,1.0839707782022703
-0.01981981586208994,-3.1346670950340396
0.08852985689239469,-1.079768391554842
0.08852985689239469,1.0661285341315876
0.08852985689239469,3.1301235613986322
-0.02278442994199754,1.0792792645742812
-0.02278442994199754,-1.0632729972701858
-0.02278442994199754,-3.132749132252729
-0.022831339103099892,-3.1327388417234947
-0.022831339103099892,-1.0632908255675522
-0.022831339103099892,1.0792600383687603
0.0006757625874251464,-1.0728619959935204
0.0006757625874251464,3.141483347977824
0.0006757625874251464,1.0727222064107427
-0.012410354664247515,1.077036536177434
-0.012410354664247515,-3.1372927334372096
-0.012410354664247515,-1.0714931490334696
0.09804041754583492,-1.0725780075062223
0.09804041754583492,3.1382039206627397
0.09804041754583492,1.0726739291855938
0.012938517883111813,3.05887548897016
0.012938517883111813,-1.1295597799913477
0.012938517883111813,1.0242320953611526
-0.14529336840491006,1.1995556660330742
-0.14529336840491006,-0.9501699760173651
-0.14529336840491006,-3.0161813378997815
0.04099772412683729,3.1401186067265137
0.04099772412683729,1.0735272421774722
0.04099772412683729,-1.0751805337928757
-0.025021373756219652,3.140856742919534
-0.025021373756219652,-1.0749347485932643
-0.025021373756219652,1.0736186454891001
-0.13551841101896575,-3.0911614556226623
-0.13551841101896575,1.1206104646616768
-0.13551841101896575,-1.0289764124062504
-0.038650866820609434,-1.0775101754832677
-0.038650866820609434,3.137687907793855
-0.038650866820609434,1.0701524534229063
-0.07593630810137784,-1.0511682836815377
-0.07593630810137784,1.0974171015349332
-0.07593630810137784,-3.1161492556487165
0.051721406637779715,-1.092641997198866
0.051721406637779715,3.1213397173086697
0.051721406637779715,1.0529862668319687
-0.11233444269861902,1.0457528763984776
-0.11233444269861902,-1.1008331620534717
-0.11233444269861902,3.1192816402402914
-0.017598075509533576,1.0920220176304625
-0.017598075509533576,-3.1213172074975772
-0.017598075509533576,-1.052679277540693
0.024928680054272494,-1.0942657269989082
0.024928680054272494,1.0536227033781356
0.024928680054272494,3.1201002849559503
0.006443010875919654,1.0646612808462677
0.006443010875919654,3.1316476144948044
0.006443010875919654,-1.08211011277366
0.02537425037327942,3.1301009470958796
0.02537425037327942,-1.0857376194507278
0.02537425037327942,1.065465840652312
0.012049721820025878,-1.083071233547792
0.012049721820025878,3.135291988984062
0.012049721820025878,1.0705876670347594
0.046331792380265795,1.0639604464125467
0.046331792380265795,-1.0826599602771174
0.046331792380265795,3.131110436140063
-0.060623441963543113,1.079340577662388
-0.060623441963543113,-3.1361572068584795
-0.060623441963543113,-1.0721398467393588
-0.0006697744768482866,-1.0725222589850756
-0.0006697744768482866,-3.1407540019392597
-0.0006697744768482866,1.0741764984566964
0.059100136558158226,3.0798212869078676
0.059100136558158226,-1.1314098348912385
0.059100136558158226,1.0118159070000177
0.038803376599623934,-1.0921616894109376
0.038803376599623934,3.1244278273329793
0.038803376599623934,1.0574343427879285
-0.027106984970991673,1.084642763009067
-0.027106984970991673,-3.1298736294135723
-0.027106984970991673,-1.0633040134566503
-0.00547400062755974,1.0799326434240317
-0.00547400062755974,-3.136549391536326
-0.00547400062755974,-1.0697565174899564
0.05499068336958328,-1.0902224595444323
0.05499068336958328,1.0546046283829456
0.05499068336958328,3.1227938713918677
-0.10724776776014966,-3.07954855486307
-0.10724776776014966,-1.014353918861507
-0.10724776776014966,1.1356911526549085
0.15995444697976027,3.101528546434418
0.15995444697976027,1.0377706815512955
0.15995444697976027,-1.1098604721726073
-0.07536096064214357,-3.124443617057625
-0.07536096064214357,1.0866725639951749
-0.07536096064214357,-1.0593717934688867
0.029151182287065612,-1.0873639577697658
0.029151182287065612,3.1285368277358123
0.029151182287065612,1.0641526452152086
0.014228992370577544,3.114800615858047
0.014228992370577544,1.0482375168289855
0.014228992370577544,-1.1031893794051173
-0.23764950457816592,-3.1149669919928216
-0.23764950457816592,-1.0509797458484715
-0.23764950457816592,1.09152271018461
0.06356547970053653,1.0536051133552107
0.06356547970053653,-1.1012505341690075
0.06356547970053653,3.1120790340005335
-0.0009431983443186907,1.0713824791966007
-0.0009431983443186907,3.141477120364651
-0.0009431983443186907,-1.070867572071819
0.03650608473317173,3.118054646089582
0.03650608473317173,1.0549949671835999
0.03650608473317173,-1.0977081731912528
0.025776647691222503,-1.0713700548548433
0.025776647691222503,-3.139656301936466
0.025776647691222503,1.0760103879622736
0.04285373817938065,-1.0925499044124651
0.04285373817938065,3.1196059074996723
0.04285373817938065,1.0495452749905536
-0.05970344839690893,-3.122646982809456
-0.05970344839690893,1.0889426190670692
-0.05970344839690893,-1.0562634124000971
-0.07000428376797695,-1.0413378211177546
-0.07000428376797695,1.1063551770359819
-0.07000428376797695,-3.10695550140752
-0.0019158990835710544,3.1198778775817804
-0.0019158990835710544,-1.0925254886686233
-0.0019158990835710544,1.0535836883317635
0.07212341813644117,1.0345973531948873
0.07212341813644117,-1.1145491694796996
0.07212341813644117,3.098788143314459
-0.15686738294559666,-3.011943684275824
-0.15686738294559666,-0.9471032846694478
-0.15686738294559666,1.1968377768254002
0.14322983542558237,-1.1229800639174694
0.14322983542558237,3.090069009908137
0.14322983542558237,1.026408560878317
0.009259604554653285,-3.135285324921528
0.009259604554653285,-1.066622907913702
0.009259604554653285,1.0783649810190894
0.006399276576730572,-3.123699523163085
0.006399276576730572,1.0886913465710424
0.006399276576730572,-1.0572798049949759
0.022759259305338682,3.1318179968142843
0.022759259305338682,1.062288810757604
0.022759259305338682,-1.0802354849337112
0.023165220344397656,-1.079997152353116
0.023165220344397656,1.0625555972296412
0.023165220344397656,3.1320809747545395
0.07924720447901937,1.042772720625169
0.07924720447901937,3.1092058745216407
0.07924720447901937,-1.103835885897658
0.0001706029099179978,-1.0717086144437091
0.0001706029099179978,-3.141034710968952
0.0001706029099179978,1.07264604108723
-0.0636441475226498,-3.1150066963127814
-0.0636441475226498,1.0994180920678536
-0.0636441475226498,-1.052302283325175
-0.011873625867643017,-3.1202536781938166
-0.011873625867643017,1.0960639695492098
-0.011873625867643017,-1.0532741223431923
0.11846530669737679,1.0104709641664218
0.11846530669737679,-1.1383253779788645
0.11846530669737679,3.0741903897706524
0.046216886090148956,-1.0885933279218745
0.046216886090148956,1.0567160829057731
0.046216886090148956,3.1257940319044386
0.10787923281335217,1.0383647388657635
0.10787923281335217,-1.1093803344494766
0.10787923281335217,3.1019977404247547
-0.015651362994431033,1.0863053198690353
-0.015651362994431033,-3.132186730706782
-0.015651362994431033,-1.0606261100047445
-0.012969441314796402,-3.1331144136051594
-0.012969441314796402,-1.0702164912119443
-0.012969441314796402,1.0804397256292357
-0.17150075853113356,-2.954558696564131
-0.17150075853113356,-0.9742340778819631
-0.17150075853113356,1.3243281648354437
0.06891915993749066,-3.118337337209765
0.06891915993749066,1.0948562668480624
0.06891915993749066,-1.0533331775181207
-0.017353992774267604,1.0494093017312278
-0.017353992774267604,-1.0948164799362046
-0.017353992774267604,3.118978889047838
0.15252754635593843,-1.1134958292455344
0.15252754635593843,3.0948695078348663
0.15252754635593843,1.0348378587503313
0.07759326582128671,-1.0878157191358393
0.07759326582128671,3.1245987168305667
0.07759326582128671,1.057886500649731
-0.007059625082144601,-1.0697861679078662
-0.007059625082144601,1.0743634706724603
-0.007059625082144601,-3.1384063232001593
-0.23567808631000595,1.1565854930395207
-0.23567808631000595,-3.049685357084852
-0.23567808631000595,-0.9927855445527168
-0.12337644282039033,-1.0173151151565114
-0.12337644282039033,-3.080137429881237
-0.12337644282039033,1.129807132329488
0.022942911728992047,3.131659132152461
0.022942911728992047,1.0622174800317943
0.022942911728992047,-1.080318116682307
0.02265562432709855,-1.0800959515260393
0.02265562432709855,1.0624049959022142
0.02265562432709855,3.1319261707632715
-0.04432809811900514,1.0857715931046894
-0.04432809811900514,-3.126380829931128
-0.04432809811900514,-1.0590250218324997
0.04693991971343356,-1.0996416796448363
0.04693991971343356,3.0954833425291275
0.04693991971343356,1.0170118448257843
-0.11698963647451038,-1.0208994327104421
-0.11698963647451038,1.128110380586515
-0.11698963647451038,-3.082249514384059
-0.0399744966459277,-3.1248609841194
-0.0399744966459277,1.0908512522540572
-0.0399744966459277,-1.0574644676419278
-0.02405702159149124,1.086420722350774
-0.02405702159149124,-1.0604530413210456
-0.02405702159149124,-3.1300396925580696
0.10867343154178337,1.0375135416018197
0.10867343154178337,3.098491454578036
0.10867343154178337,-1.1107426059091081
-0.016916880440811785,1.0752767288473852
-0.016916880440811785,-3.1389852131347746
-0.016916880440811785,-1.0745488029510522
0.1473361907051725,-1.0712917226578569
0.1473361907051725,1.075917186135897
0.1473361907051725,3.1384727307541533
0.21188245483500384,1.0039509678832252
0.21188245483500384,3.066368693833485
0.21188245483500384,-1.1417636288031687
0.08094733791487327,1.0587481483880974
0.08094733791487327,-1.0883100900118468
0.08094733791487327,3.120370877642054
0.044662166789903805,3.1141009862520797
0.044662166789903805,1.0477018538894336
0.044662166789903805,-1.098397046280942
0.023187022961240106,-1.079833949711039
0.023187022961240106,1.0627146684744557
0.023187022961240106,3.1321542678544083
0.023158503752908628,3.1321074065961194
0.023158503752908628,1.062655174086881
0.023158503752908628,-1.0798761625287012
-0.8689608131965065,-0.08065833194508916
-0.08485979952034267,1.1887994277529803
-0.08485979952034267,-0.9624440013208336
-0.08485979952034267,-3.0287144383906077
0.08693737126977284,3.1002968169905447
0.08693737126977284,1.0346547645655877
0.08693737126977284,-1.115039833983275
0.11981093138810324,-3.084827205533892
0.11981093138810324,1.134306690876429
0.11981093138810324,-1.0054954114513084
-0.13733865194420158,-3.0940076573579076
-0.13733865194420158,-1.0313878870418394
-0.13733865194420158,1.1167524877598518
-0.03145946353135241,-3.1351944285609785
-0.03145946353135241,-1.0683942074358854
-0.03145946353135241,1.0820021952029335
-0.15057783221813067,1.1258485538256469
-0.15057783221813067,-1.022103868543963
-0.15057783221813067,-3.0803355469999865
0.0025056123602720808,1.0729979417753495
0.0025056123602720808,3.140548443114327
0.0025056123602720808,-1.0748952026233045
-0.0315241045033994,-3.137246739150231
-0.0315241045033994,1.0751898574552647
-0.0315241045033994,-1.0692632725609426
0.02763718361167238,-1.0534766297865639
0.02763718361167238,-3.131298248065313
0.02763718361167238,1.0664317879821277
-0.0026132086178361127,-1.0731313745050763
-0.0026132086178361127,1.0732426129755954
-0.0026132086178361127,-3.1409350672065943
0.0614922155532859,-1.0974388954027994
0.0614922155532859,1.0547799321099967
0.0614922155532859,3.119964972130787
-0.1593612690616931,-2.8554968205597597
-0.1593612690616931,-0.8204216680441043
-0.1593612690616931,1.2685926281946804
-0.02870068276678921,-2.925059144873879
-0.02870068276678921,-0.7955501898318762
-0.02870068276678921,1.3439563671662997
-0.07914501584770824,-3.112742255010563
-0.07914501584770824,1.0984094934444593
-0.07914501584770824,-1.042308260192424
-0.08270830127104101,1.1237757471634595
-0.08270830127104101,-3.0918277277801227
-0.08270830127104101,-1.0267787304282758
-0.007809317576977236,2.986377728026182
-0.007809317576977236,0.7043974317302463
-0.007809317576977236,-0.9771317891095781
0.001947595842217349,-1.0741672108338423
0.001947595842217349,-3.1410204465477927
0.001947595842217349,1.076180626531412
0.09115331794982684,1.0264757045611423
0.09115331794982684,3.0901034422088274
0.09115331794982684,-1.1241677496374987
0.021777673977306164,-1.0862780991354988
0.021777673977306164,3.129570635540088
0.021777673977306164,1.0648289472825894
-0.08029250052643609,-3.1151584403201587
-0.08029250052643609,-1.051165539484288
-0.08029250052643609,1.0976894899202732
0.00045379452386486223,-1.0749370556094144
0.00045379452386486223,3.1412418984533454
0.00045379452386486223,1.0743058263634766
-0.1138484548076649,1.1006965497328347
-0.1138484548076649,-3.113211028318713
-0.1138484548076649,-1.049848503617565
0.00452792595890416,-3.137774193609496
0.00452792595890416,1.0765240306062436
0.00452792595890416,-1.067421525391307
-0.1318807753638605,-0.9777937611780887
-0.1318807753638605,1.1919867685648344
-0.1318807753638605,-2.9498598554704234
-0.10954239702203192,1.106120146147481
-0.10954239702203192,-3.1037734610197125
-0.10954239702203192,-1.0397177657788361
0.11378188214998151,0.027268979259769312
0.11378188214998151,3.1375225527378814
0.1455555746913213,3.118944733949126
0.1455555746913213,-1.0869959774196243
0.1455555746913213,1.0558256137759887
-0.03501780105975951,-1.0650127340360536
-0.03501780105975951,-3.133141151061389
-0.03501780105975951,1.082535676461105
0.15988467192293038,3.129247255075437
0.15988467192293038,-0.9684744234240138
0.15988467192293038,1.2236234980927665
-0.019081155969091528,1.082939788680345
-0.019081155969091528,-3.1325186003597794
-0.019081155969091528,-1.06544427482399
-0.005945821967419041,-3.1364791459315264
-0.005945821967419041,-1.0708745566023459
-0.005945821967419041,1.0804895916767472
-0.041465220095865674,-1.0554421251963457
-0.041465220095865674,-3.1198922786194916
-0.041465220095865674,1.0984404903228109
-0.3443469742688963,1.1597190808881594
-0.3443469742688963,-2.991993296493206
-0.3443469742688963,-0.9905734457963488
0.023686572201193714,0.9718318921683639
0.023686572201193714,-1.1704487740519767
0.023686572201193714,3.068605880541721
-0.02315296457247442,-1.0738652915703608
-0.02315296457247442,1.08034376960816
-0.02315296457247442,-3.1393424126667098
0.07662947044779628,1.0408299301242359
0.07662947044779628,3.104565296140878
0.07662947044779628,-1.1111880412782402
0.0972285539394086,1.0424896791000298
0.0972285539394086,-1.1060308471384117
0.0972285539394086,3.0956175454880572
0.02253343760291423,3.1295175509322024
0.02253343760291423,-1.0855686360021124
0.02253343760291423,1.0583814761640036
-0.18365408588149174,-3.0766127403173504
-0.18365408588149174,-1.0136674059216426
-0.18365408588149174,1.1321141828210877
-0.0043961806951959845,1.0780250100308806
-0.0043961806951959845,-3.1394808807792094
-0.0043961806951959845,-1.0742873948095715
-0.019735281984507327,-3.127658607469276
-0.019735281984507327,1.088670110878554
-0.019735281984507327,-1.0597754628016585
-0.01901597721059459,-3.1297391223201707
-0.01901597721059459,1.0849061916629186
-0.01901597721059459,-1.0605557951458378
-0.015140670802882577,1.0936953216508922
-0.015140670802882577,-3.122649606338993
-0.015140670802882577,-1.0574370203543357
-0.10560982504978483,1.1153700104396476
-0.10560982504978483,-3.0920979614944457
-0.10560982504978483,-1.0310010672896843
-0.05681706230127526,1.0894571838325475
-0.05681706230127526,-3.1229161976041837
-0.05681706230127526,-1.05712294547261
0.055645331513016656,3.097736784638128
0.055645331513016656,-1.113484717218246
0.055645331513016656,1.0321066621583552
0.13493729686406472,3.085252588089959
0.13493729686406472,-1.123187926883819
0.13493729686406472,1.0213562625547936
-0.012847608109300074,-3.137284335958176
-0.012847608109300074,1.0772236711107341
-0.012847608109300074,-1.0733877102801965
0.033437564673617214,-3.1284616514882195
0.033437564673617214,-1.0596197729334031
0.033437564673617214,1.0915900252168131
-0.02811543618063621,-3.128944654280361
-0.02811543618063621,-1.0630882839909286
-0.02811543618063621,1.0866176803993908
0.05763343965381968,1.0632854612926423
0.05763343965381968,3.128030361108416
0.05763343965381968,-1.0862439608806105
-0.1366056364413689,1.1182477616875601
-0.1366056364413689,-1.0299495725697188
-0.1366056364413689,-3.09259209559983
0.019763755155315563,1.0675709989646553
0.019763755155315563,-1.0811095760999014
0.019763755155315563,3.1396671845230353
-0.06085858992544212,-1.0508078475074143
-0.06085858992544212,-3.1181404518233315
-0.06085858992544212,1.0937875680765776
-0.076743787767308,-3.1211771951142873
-0.076743787767308,1.0903813888688958
-0.076743787767308,-1.056213125070231
0.033766563758699804,1.0604479344864257
0.033766563758699804,3.1274745088854763
0.033766563758699804,-1.0824868127476492
0.03355236623690401,-1.0814351976836234
0.03355236623690401,1.0627059386653703
0.03355236623690401,3.1335845661105775
0.11737458666899442,3.0822330030654124
0.11737458666899442,-1.1281048179663706
0.11737458666899442,1.020943927328675
-0.06695467580967515,-3.111136963006829
-0.06695467580967515,-1.0473874363774387
-0.06695467580967515,1.101249198557989
-0.15778521029883305,-1.0463250531552954
-0.15778521029883305,-3.108086465917886
-0.15778521029883305,1.0990205491061105
0.03628924389353403,-1.0927803873273938
0.03628924389353403,3.124039576216319
0.03628924389353403,1.0572864323250803
0.06190806112320783,3.1274637749779184
0.06190806112320783,-1.0844325467288833
0.06190806112320783,1.061515000525164
0.06823008363710814,1.0463351454058742
0.06823008363710814,3.114530987517524
0.06823008363710814,-1.1041800989606985
0.02182900622686758,1.0734305475469823
0.02182900622686758,-1.0744994489478372
0.02182900622686758,3.1412068414298786
0.013749204759156326,-0.9692102989519492
0.013749204759156326,-3.043142383915951
0.013749204759156326,1.1772919320281099
-0.0008748758291093686,-1.1310787366636972
-0.0008748758291093686,0.9164862949705483
-0.0008748758291093686,3.057351400565489
0.04842232273788159,-1.0948124265512758
0.04842232273788159,1.0525047208506957
0.04842232273788159,3.120314553020393
-0.1534505584263996,-1.5264500854900322
-0.1534505584263996,2.812402587462114
-0.1534505584263996,0.6502553313903843
-0.0066274440890289055,-3.0757351930375787
-0.0066274440890289055,1.0989246507649544
-0.0066274440890289055,-1.0366828834213064
-0.15474122368073318,1.123788835713375
-0.15474122368073318,-1.0220350803714358
-0.15474122368073318,-3.084309082030566
-0.09372350398639068,-3.1271063241043056
-0.09372350398639068,1.0857775955311804
-0.09372350398639068,-1.0645540221998515
0.044125757704045476,3.1309179579326605
0.044125757704045476,-1.0820601824437497
0.044125757704045476,1.0639041787761134
0.08284632525519676,-1.0245673675351346
0.08284632525519676,-3.0709530704972097
0.08284632525519676,1.197694565136174
0.15361044317459865,3.084155118726854
0.15361044317459865,1.021857930818151
0.15361044317459865,-1.123989044328377
-0.010027627112667744,1.0654850219520688
-0.010027627112667744,-1.0868237350789713
-0.010027627112667744,3.1322442555233256
0.03864001229376628,1.0557764667051464
0.03864001229376628,-1.0913527466997022
0.03864001229376628,3.1267821282205697
0.07304428445637334,3.0990233570904144
0.07304428445637334,-1.1142771071468693
0.07304428445637334,1.0348925593217415
-0.22733276182048717,1.1939725018178589
-0.22733276182048717,-3.01921443340108
-0.22733276182048717,-0.9561887813147225
0.02093235003012497,1.0613888932420625
0.02093235003012497,-1.083427457996251
0.02093235003012497,3.1303511021884183
-0.0003252971634225401,-1.0727960302330084
-0.0003252971634225401,-3.1412354926369748
-0.0003252971634225401,1.0734087786897468
-0.07509895856624653,1.124151100488685
-0.07509895856624653,-1.0261605029669885
-0.07509895856624653,-3.092443847768436
-0.01784666903423112,-1.06032899950674
-0.01784666903423112,1.0848349407477746
-0.01784666903423112,-3.129316933159345
0.13821579834620534,1.0316427202112268
0.13821579834620534,-1.1189012351359953
0.13821579834620534,3.0943803960965233
-0.0037473697349372642,2.827187436069832
-0.0037473697349372642,-1.2267094859894214
-0.0037473697349372642,1.1191801913347434
-0.042906781389142175,-1.063576131242043
-0.042906781389142175,-3.132451330052804
-0.042906781389142175,1.0832430519832044
0.0019371139108473447,-1.074164118427999
0.0019371139108473447,1.0750474183563263
0.0019371139108473447,-3.1410901553471273
0.002983907088231171,1.072806504316995
0.002983907088231171,-3.14088713278254
0.002983907088231171,-1.071602245795498
-0.044291832240561255,-3.1131462185225707
-0.044291832240561255,-1.0467895119582724
-0.044291832240561255,1.0994084549382173
0.051108200491370055,1.0665482010798466
0.051108200491370055,-1.084684049609303
0.051108200491370055,3.128237780048668
0.152623856384764,-1.1312321406041
0.152623856384764,3.080472880276755
0.152623856384764,1.0173476305533145
-0.2433182140422309,1.174732454618126
-0.2433182140422309,-3.0368960381051826
-0.2433182140422309,-0.9741704167975466
0.02877423598506079,3.0554545834163505
0.02877423598506079,-1.1537259827707846
0.02877423598506079,0.9922347624792521
-0.023912135829516536,-3.1411277816132013
-0.023912135829516536,1.0740201543783332
-0.023912135829516536,-1.0729818141164424
-0.029908571468399744,2.818314880590859
-0.029908571468399744,-1.2391795270970816
-0.029908571468399744,1.0975096812947134
0.015512178867360907,-1.0722039569656971
0.015512178867360907,-3.1409120935481982
0.015512178867360907,1.076926937215668
0.0006846806770184672,-1.076548484334632
0.0006846806770184672,3.139419444059014
0.0006846806770184672,1.0722795242344183
-0.14638375919303223,-2.980102576622761
-0.14638375919303223,-0.9123103109105698
-0.14638375919303223,1.2328105416160116
-0.03173270220609278,-1.0660063469724879
-0.03173270220609278,1.0831340034003423
-0.03173270220609278,-3.1298333822472406
-6.232893516187137e-05,1.0709460798670485
-6.232893516187137e-05,3.1376147383404946
-6.232893516187137e-05,-1.079322136995402
0.03336004332237083,-1.0850436796189007
0.03336004332237083,3.1297883079808964
0.03336004332237083,1.0626355089406783
-0.18155320865517574,-0.9721362591801476
-0.18155320865517574,1.1815397173662574
-0.18155320865517574,-3.0327915966173964
-0.02143463263756187,3.1289875844018895
-0.02143463263756187,1.061077473961418
-0.02143463263756187,-1.0864604359802863
0.05457557221661297,-1.169299645835265
0.05457557221661297,0.980499573964445
0.05457557221661297,3.04892843769484
-0.0795018397963591,1.0930450941614926
-0.0795018397963591,-3.1190786259167735
-0.0795018397963591,-1.053745344947994
0.04134277870645288,-1.0931257013331968
0.04134277870645288,3.1233785966875325
0.04134277870645288,1.0562800874984528
0.002213855450969723,-3.1365487944805173
0.002213855450969723,1.0776913286525098
0.002213855450969723,-1.0662963879540823
-0.020336009339679287,-3.1364640535166033
-0.020336009339679287,-1.0696023768325833
-0.020336009339679287,1.0797342688422775
0.015801141275926935,3.138075766482987
0.015801141275926935,-1.0786672916270623
0.015801141275926935,1.0715534346680253
0.08559164638656437,-0.5931922488713344
0.08559164638656437,-2.612691256251513
0.08559164638656437,1.5598221986723733
-0.011347679529357687,-3.1407283925947387
-0.011347679529357687,1.0766303938348263
-0.011347679529357687,-1.0749628736399957
0.02245241251987661,3.1342485338595787
0.02245241251987661,-1.081168942385424
0.02245241251987661,1.0653145513137494
-0.024235768736122806,-3.1325653286856494
-0.024235768736122806,1.08256130216872
-0.024235768736122806,-1.064068066458506
0.04314841435118095,1.048522843717776
0.04314841435118095,3.1138457809404403
0.04314841435118095,-1.1031888717781313
-0.00017889891755642213,-1.0745443147493028
-0.00017889891755642213,3.141291021834325
-0.00017889891755642213,1.0738180384936278
0.1206040141083582,1.0392463546317667
0.1206040141083582,-1.1133364906176346
0.1206040141083582,3.1027356434222164
0.010396864532912291,-1.0852555098753263
0.010396864532912291,-3.0098668302021894
0.010396864532912291,1.1283908374339737
-0.021199970575850432,-3.0912672608406453
-0.021199970575850432,1.1215796396040896
-0.021199970575850432,-1.0235404543573332
0.12489731564302567,3.0708412602117523
0.12489731564302567,-1.1446479474475841
0.12489731564302567,1.0048408928235957
-0.101432509168911,-3.096519641634258
-0.101432509168911,1.1147384442856518
-0.101432509168911,-1.0346104550048094
0.0005387481556846022,-1.0830462190957737
0.0005387481556846022,3.1349362361697097
0.0005387481556846022,1.0702138481664591
-0.032820060791557096,-1.0586919313640044
-0.032820060791557096,1.0861345527203927
-0.032820060791557096,-3.127362767033152
0.054350286390202104,1.050315001734047
0.054350286390202104,-1.0933686718237492
0.054350286390202104,3.118766329525137
0.09634949591493949,3.096085412418971
0.09634949591493949,1.033727848096793
0.09634949591493949,-1.1132282651132586
-0.14183179268785373,1.12127196144281
-0.14183179268785373,-1.0264069163357399
-0.14183179268785373,-3.0884494226115966
0.10754570267177174,3.0568851251417724
0.10754570267177174,0.991419435282516
0.10754570267177174,-1.1576195105451175
0.011859705142580822,-3.04510525319268
0.011859705142580822,-0.7790044797974661
0.011859705142580822,0.9076166054354283
-0.20155235153024925,0.7806180739723488
-0.20155235153024925,2.9304987816954737
-0.20155235153024925,-1.3599128514969783
0.0965702216739571,1.043025047982702
0.0965702216739571,-1.0993897127814136
0.0965702216739571,3.109887609467312
-0.02380433496336829,-3.1311633547859667
-0.02380433496336829,-1.061741469586398
-0.02380433496336829,1.0807657641766626
-0.02333921899044259,1.0810848377667857
-0.02333921899044259,-1.061387132503442
-0.02333921899044259,-3.130892800536706
0.014218053650804568,3.128838707295417
0.014218053650804568,-1.0852440116008908
0.014218053650804568,1.0598447178055146
0.14391121258849876,3.0463822238823672
0.14391121258849876,-1.1657576298263552
0.14391121258849876,0.9878475715791041
0.01710870573356897,-1.031582277037512
0.01710870573356897,1.1127702004748155
0.01710870573356897,-3.104271365248941
-0.04423476667342972,-1.0624741971902314
-0.04423476667342972,1.0838693245665787
-0.04423476667342972,-3.1259621225177576
0.013637786652403266,1.072931918230702
0.013637786652403266,-1.076070810265894
0.013637786652403266,3.1394695570397664
-0.05391495886250837,1.0727473212575687
-0.05391495886250837,3.1415017083961327
-0.05391495886250837,-1.077186743499945
0.08290901156485612,-0.5415141758683343
0.08290901156485612,1.6681279918782947
0.08290901156485612,-2.6988716973264575
-0.07877618374218692,1.103027545306167
-0.07877618374218692,-3.1077835597018146
-0.07877618374218692,-1.0423018945851532
-0.19403763626673176,-0.7689820743202199
-0.19403763626673176,2.4957328881909815
-0.0019436142686997122,3.139613016273792
-0.0019436142686997122,-1.0768481314504903
-0.0019436142686997122,1.0722229921330277
-0.023867932498676043,1.0783558688681658
-0.023867932498676043,-1.0726457283226087
-0.023867932498676043,-3.138445863615124
-0.06276064837238904,1.1103034866437225
-0.06276064837238904,-3.1064789829557555
-0.06276064837238904,-1.0399965611809052
0.021959874252852583,1.063750862449037
0.021959874252852583,3.1323948938211132
0.021959874252852583,-1.084507852297191
0.02305089923839779,-1.0807643052458247
0.02305089923839779,1.0617752818892492
0.02305089923839779,3.131312046482023
0.022721938234558828,3.1316467694316747
0.022721938234558828,1.062082166069045
0.022721938234558828,-1.0804217161540208
0.0048614901722161576,-3.0547557819416626
0.0048614901722161576,-0.9846684422199844
0.0048614901722161576,1.1614102443674854
0.0043416803518598595,1.0538255835034596
0.0043416803518598595,-1.09260697955087
0.0043416803518598595,3.1195026873633487
-0.058259214296719306,1.0855037302030528
-0.058259214296719306,-3.124486139850111
-0.058259214296719306,-1.0588499327569212
-0.07265279127740425,1.1049691978857656
-0.07265279127740425,-1.0398926356204115
-0.07265279127740425,-3.1077942613049165
-0.0006816541864680615,1.0716723384796558
-0.0006816541864680615,3.141338049493966
-0.0006816541864680615,-1.0721561621150661
0.039642409938546015,3.1274528921499156
0.039642409938546015,-1.084528579695012
0.039642409938546015,1.0622326401680497
-0.01509361870923049,-1.0688933984574385
-0.01509361870923049,-3.136936284706738
-0.01509361870923049,1.0799495190349917
0.13411176175925674,0.9452612735744841
0.13411176175925674,-1.2029161215605089
0.13411176175925674,3.0081947075428506
-0.03357290822333308,-1.0629261113027284
-0.03357290822333308,1.08777089047652
-0.03357290822333308,-3.1304134737449347
0.02555938707937945,3.1292713357123567
0.02555938707937945,-1.0864768161253375
0.02555938707937945,1.0647281675044886
-0.046022344986284276,-3.123212432210635
-0.046022344986284276,1.0865293073925637
-0.046022344986284276,-1.060147701395935
-0.00025187027644302435,1.0727193254598826
-0.00025187027644302435,-1.0738482418976147
-0.00025187027644302435,3.1409090656906082
0.13436240781788045,-1.1911597713018331
0.13436240781788045,1.0448073810992282
0.13436240781788045,2.746516310833451
-0.10342073653006299,-3.1001498208816503
-0.10342073653006299,1.1345111369881873
-0.10342073653006299,-1.0799514016805063
-0.023411692639653293,-1.0129472665829098
-0.023411692639653293,-3.133760295473576
-0.023411692639653293,1.0270494247474538
0.0037833821223909035,1.0714465458291023
0.0037833821223909035,3.1399638717271032
0.0037833821223909035,-1.0747532842562788
0.07355059305820967,0.9216403967897161
0.07355059305820967,2.925166302228985
0.07355059305820967,-1.2864433628789171
0.020932659645900208,2.357097481871421
0.020932659645900208,-1.8067700422699802
0.020932659645900208,0.28199044626285685
0.013942420031942281,-1.1335898182461077
0.013942420031942281,2.976237009036176
0.013942420031942281,1.0773548056050193
0.020262001408703875,2.3238533481568973
0.020262001408703875,0.2486463764121882
0.020262001408703875,-1.8498221233897933
0.056349231024474394,-1.1960393936241531
0.056349231024474394,1.0057541211191232
0.056349231024474394,2.954107937275905
0.014141225087609097,1.0773078996917471
0.014141225087609097,2.9762068267823256
0.014141225087609097,-1.133635760270217
8.21690393052025e-05,1.1231972674513553
8.21690393052025e-05,-1.1333396945808338
8.21690393052025e-05,3.131728502805892
-0.032391688798961454,-1.0433434767175664
-0.032391688798961454,-3.115757670492403
-0.032391688798961454,1.1164693551550633
0.1191863511825896,1.0387016003759313
0.1191863511825896,3.081410319212101
0.1191863511825896,-1.029301617134169
0.05125598834064297,-3.0342001790508784
0.05125598834064297,-1.3078586640454894
0.05125598834064297,0.9845663800005128
5.9097656253361415e-06,1.065061272127971
5.9097656253361415e-06,3.1415285370730586
5.9097656253361415e-06,-1.0649161763379638
-0.006346800703389426,3.0417802585283367
-0.006346800703389426,0.8787815518674966
-0.006346800703389426,-0.8960746852745757
0.026908765481636614,2.9376557900580447
0.026908765481636614,0.8392533978886354
0.026908765481636614,-1.1465790357953936
-0.026939324754247006,-3.0285160644831177
-0.026939324754247006,0.9559608416497142
-0.026939324754247006,-0.8593199124752247
0.09057459990574757,-1.1447919363698813
0.09057459990574757,1.1053106558438044
0.09057459990574757,2.847703146437308
0.00010239313887528027,1.1262200079679832
0.00010239313887528027,-1.1790032090634792
0.00010239313887528027,3.0972175445295242
0.03473349273916255,-1.0417266849137468
0.03473349273916255,1.240456988673548
0.03473349273916255,-2.8288439781814185
-0.04410144975856139,-1.0626295500971843
-0.04410144975856139,1.075856629711921
-0.04410144975856139,3.0794406256209528
0.020010931678145192,1.1271154285106006
0.020010931678145192,-2.9987346509312514
0.020010931678145192,-0.9529937362101548
0.026908765481636614,2.9376557900580447
0.026908765481636614,0.8392533978886354
0.026908765481636614,-1.1465790357953936
-8.338669474827199e-06,3.141434127443866
-8.338669474827199e-06,1.0914776485307882
-8.338669474827199e-06,-1.0917684649261725
