Torsion_1 Torsion_2
-0.748061948603687 2.55323026976884
-0.748061948603687 -0.7112457551659996
-2.820807274370107 -2.564133216569059
-2.820807274370107 0.69257703827612
2.6735290269522123 2.55323026976884
2.6735290269522123 -0.7112457551659996
0.6007837011857928 -2.564133216569059
0.6007837011857928 0.69257703827612
-1.5151174598479473 -1.5415328412026537
-1.5151174598479473 1.4771764410420933
1.5113575924864602 -1.5415328412026537
1.5113575924864602 1.4771764410420933
-2.247993885428908 -2.355402524720408
-2.247993885428908 0.7328854221776524
0.8186776116631364 -2.355402524720408
0.8186776116631364 0.7328854221776524
-2.5836702629653843 0.7814730729272121
-2.5836702629653843 -2.41793976416101
-2.5836702629653843 0.7814730729272121
-2.5836702629653843 -2.41793976416101
0.6086303559733202 0.7814730729272121
0.6086303559733202 -2.41793976416101
0.6086303559733202 0.7814730729272121
0.6086303559733202 -2.41793976416101
0.4713366282222575 -2.2794985561437757
0.4713366282222575 0.8990402313287382
0.4713366282222575 -2.2794985561437757
0.4713366282222575 0.8990402313287382
-2.7365703564385124 -2.2794985561437757
-2.7365703564385124 0.8990402313287382
-2.7365703564385124 -2.2794985561437757
-2.7365703564385124 0.8990402313287382
-0.6117947228914207 2.0007703587515406
-0.6117947228914207 -1.1269761157234048
2.5832185120593025 2.0007703587515406
2.5832185120593025 -1.1269761157234048
0.4677983665210334 0.8402673550835639
0.4677983665210334 -2.3963921444746084
-2.7842726045969046 0.8402673550835639
-2.7842726045969046 -2.3963921444746084
0.9313318299260319 1.427029157507504
0.9313318299260319 -1.6844119019611115
-2.201778239780603 1.427029157507504
-2.201778239780603 -1.6844119019611115
-2.3967174839036103 -2.4892899946577987
-2.3967174839036103 0.7230572650676279
0.7969376336530692 -2.4892899946577987
0.7969376336530692 0.7230572650676279
-1.1536868133577463 1.655614584598933
-1.1536868133577463 -1.4499724534514717
1.9974633765147332 1.655614584598933
1.9974633765147332 -1.4499724534514717
-0.6112350651098384 2.603888685656903
-0.6112350651098384 -0.6812372023485954
1.5376891744734071 -1.5706247676837992
1.5376891744734071 1.422550978557592
2.664914206221331 2.603888685656903
2.664914206221331 -0.6812372023485954
-1.4693468613750096 -1.5706247676837992
-1.4693468613750096 1.422550978557592
-2.6721035410729996 0.5551327106997904
-2.6721035410729996 -2.734876850238405
0.613022346932499 0.5551327106997904
0.613022346932499 -2.734876850238405
2.175269959499208 -1.1012749096923264
2.175269959499208 2.0516994977457843
-0.966284037951382 -1.1012749096923264
-0.966284037951382 2.0516994977457843
-2.247077419709959 -2.265583875388668
-2.247077419709959 0.9028743547017566
0.9010980552209931 -2.265583875388668
0.9010980552209931 0.9028743547017566
-2.2457903339828653 -2.265903266865561
-2.2457903339828653 0.9028638938695908
0.9020225239666763 -2.265903266865561
0.9020225239666763 0.9028638938695908
2.514032916953779 -0.8729511215358954
2.514032916953779 2.3151227966495576
-0.6874216563290118 -0.8729511215358954
-0.6874216563290118 2.3151227966495576
-2.528661695265497 0.8501340227972396
-2.528661695265497 -2.3579262449437857
0.6815766468209112 0.8501340227972396
0.6815766468209112 -2.3579262449437857
1.1764800070301298 -2.380269066872624
1.1764800070301298 0.7968058427491959
-1.968558024253619 -2.380269066872624
-1.968558024253619 0.7968058427491959
-2.3320549189920525 -2.3154579099746355
-2.3320549189920525 0.8535543108901281
0.867759522829672 -2.3154579099746355
0.867759522829672 0.8535543108901281
-1.7139736542816375 -1.6254507723680214
-1.7139736542816375 1.4717391154671566
1.3733317196972499 -1.6254507723680214
1.3733317196972499 1.4717391154671566
0.6187255197404805 -2.4255135202450075
0.6187255197404805 0.7763359827893651
0.6187255197404805 -2.4255135202450075
0.6187255197404805 0.7763359827893651
-2.575890975093069 -2.4255135202450075
-2.575890975093069 0.7763359827893651
-2.575890975093069 -2.4255135202450075
-2.575890975093069 0.7763359827893651
-2.5228510218376003 -2.599204806214561
-2.5228510218376003 0.6376679634142178
0.6920729667820228 -2.599204806214561
0.6920729667820228 0.6376679634142178
0.3796354808169223 0.9573781963841718
0.3796354808169223 -2.2479766761663376
-2.8302698927665673 0.9573781963841718
-2.8302698927665673 -2.2479766761663376
-2.2246858926822055 1.0485262993400961
-2.2246858926822055 -2.133865619576537
0.9203768819804913 1.0485262993400961
0.9203768819804913 -2.133865619576537
0.7486318515498623 0.7455894147302267
0.7486318515498623 -2.4513498845322017
0.7486318515498623 0.7455894147302267
0.7486318515498623 -2.4513498845322017
-2.447379967578366 0.7455894147302267
-2.447379967578366 -2.4513498845322017
-2.447379967578366 0.7455894147302267
-2.447379967578366 -2.4513498845322017
2.5782396821699116 2.421340744531788
2.5782396821699116 -0.7816662234937557
2.5782396821699116 2.421340744531788
2.5782396821699116 -0.7816662234937557
-0.6157122044182182 2.421340744531788
-0.6157122044182182 -0.7816662234937557
-0.6157122044182182 2.421340744531788
-0.6157122044182182 -0.7816662234937557
2.1415727718018203 3.0087267215423705
2.1415727718018203 -0.14983105183819673
2.1415727718018203 3.0087267215423705
2.1415727718018203 -0.14983105183819673
-1.0712214839717016 3.0087267215423705
-1.0712214839717016 -0.14983105183819673
-1.0712214839717016 3.0087267215423705
-1.0712214839717016 -0.14983105183819673
0.5753089315888558 -2.4411046565038865
0.5753089315888558 0.6164644317298861
-2.485746935613812 -2.4411046565038865
-2.485746935613812 0.6164644317298861
2.2517212606191594 -0.5591643244159673
2.2517212606191594 2.649847843305414
2.2517212606191594 -0.5591643244159673
2.2517212606191594 2.649847843305414
-0.9290898748290846 -0.5591643244159673
-0.9290898748290846 2.649847843305414
-0.9290898748290846 -0.5591643244159673
-0.9290898748290846 2.649847843305414
0.39222821657438206 -2.3237213016280975
0.39222821657438206 0.8805669580229313
-2.806299170380911 -2.3237213016280975
-2.806299170380911 0.8805669580229313
-2.27392736740041 0.2393902648762837
-2.27392736740041 -2.94013427340459
-2.27392736740041 0.2393902648762837
-2.27392736740041 -2.94013427340459
0.9360823477004315 0.2393902648762837
0.9360823477004315 -2.94013427340459
0.9360823477004315 0.2393902648762837
0.9360823477004315 -2.94013427340459
2.8202662822323417 -0.6915702034364634
2.8202662822323417 2.565090565007118
0.7473313905434827 0.7123613342939752
0.7473313905434827 -2.5522403413106387
-0.6011205921744214 -0.6915702034364634
-0.6011205921744214 2.565090565007118
-2.674055483863281 0.7123613342939752
-2.674055483863281 -2.5522403413106387
1.5423336282857831 1.5163144474618209
1.5423336282857831 -1.5102100912741843
-1.4762500032891896 1.5163144474618209
-1.4762500032891896 -1.5102100912741843
0.8677978800041148 -2.5156248825981313
0.8677978800041148 0.6871588482075388
-2.321188608294561 -2.5156248825981313
-2.321188608294561 0.6871588482075388
0.11210600169977167 0.9558331996820861
0.11210600169977167 -2.190778089107286
-3.065858933967302 0.9558331996820861
-3.065858933967302 -2.190778089107286
-2.996826338405288 -2.226546554501115
-2.996826338405288 0.9333817998664572
0.1961125463760557 -2.226546554501115
0.1961125463760557 0.9333817998664572
1.6632145366773727 1.4992314248931422
1.6632145366773727 -1.5625342602684082
-2.4840074129015774 -2.6927263900733385
-2.4840074129015774 0.5680733336115593
-1.4038494931136731 1.4992314248931422
-1.4038494931136731 -1.5625342602684082
0.732113864486963 -2.6927263900733385
0.732113864486963 0.5680733336115593
-0.64082221208462 -0.6468249189632025
-0.64082221208462 2.613974804721695
2.5805974099334166 -0.6468249189632025
2.5805974099334166 2.613974804721695
0.672976417531677 1.0441037481360649
0.672976417531677 -2.1677671363039672
-2.529798198447962 1.0441037481360649
-2.529798198447962 -2.1677671363039672
0.6724749232053389 -2.1678324988516278
0.6724749232053389 1.0438218648689637
-2.5302514015284716 -2.1678324988516278
-2.5302514015284716 1.0438218648689637
0.5780829565274139 -2.0531796544863488
0.5780829565274139 1.0851778903752485
-2.6250735223173636 -2.0531796544863488
-2.6250735223173636 1.0851778903752485
2.6136078990553058 -0.872499005236911
2.6136078990553058 2.3172148977179647
2.6136078990553058 -0.872499005236911
2.6136078990553058 2.3172148977179647
-0.6002246335612612 -0.872499005236911
-0.6002246335612612 2.3172148977179647
-0.6002246335612612 -0.872499005236911
-0.6002246335612612 2.3172148977179647
-0.627384820658324 2.4252487223206436
-0.627384820658324 -0.7761609737941783
-0.627384820658324 2.4252487223206436
-0.627384820658324 -0.7761609737941783
2.565791079086777 2.4252487223206436
2.565791079086777 -0.7761609737941783
2.565791079086777 2.4252487223206436
2.565791079086777 -0.7761609737941783
-1.034673017521652 2.8143661905232817
-1.034673017521652 -0.33999876142020324
2.1206677204819915 2.8143661905232817
2.1206677204819915 -0.33999876142020324
2.5136846235405685 2.064992606494164
2.5136846235405685 -1.0788002953990905
-0.6853525199182365 2.064992606494164
-0.6853525199182365 -1.0788002953990905
-2.486937876548828 0.5800950852695215
-2.486937876548828 -2.6769169881775414
1.611405816709788 1.4599983127256047
1.611405816709788 -1.608884158144837
0.7271313865279486 0.5800950852695215
0.7271313865279486 -2.6769169881775414
-1.4577102273930223 1.4599983127256047
-1.4577102273930223 -1.608884158144837
2.4895969789923487 2.6757581531392804
2.4895969789923487 -0.5812539203077826
-0.724705857316796 2.6757581531392804
-0.724705857316796 -0.5812539203077826
0.7278506722313206 -2.5394245063147056
0.7278506722313206 0.6797234071743743
0.7278506722313206 -2.5394245063147056
0.7278506722313206 0.6797234071743743
-2.4811476398311987 -2.5394245063147056
-2.4811476398311987 0.6797234071743743
-2.4811476398311987 -2.5394245063147056
-2.4811476398311987 0.6797234071743743
2.437682623161312 -0.8198301571267639
2.437682623161312 2.3870473687425084
-0.7720225189394408 -0.8198301571267639
-0.7720225189394408 2.3870473687425084
2.4410537147919737 -0.8218728699985228
2.4410537147919737 2.384431269329759
-0.7685266002753938 -0.8218728699985228
-0.7685266002753938 2.384431269329759
0.5793703583417419 -2.4490151650608314
0.5793703583417419 0.6122680643101508
-2.483525431285239 -2.4490151650608314
-2.483525431285239 0.6122680643101508
2.1202684417009214 -0.7474750546677149
2.1202684417009214 2.4355548189296234
-1.02572541174779 -0.7474750546677149
-1.02572541174779 2.4355548189296234
2.2473034882435527 -0.9037310785079586
2.2473034882435527 2.2649356445437037
-0.9009734384403209 -0.9037310785079586
-0.9009734384403209 2.2649356445437037
-0.9029409095358815 -0.9024436185353288
-0.9029409095358815 2.2664661232007632
2.2447096461941323 -0.9024436185353288
2.2447096461941323 2.2664661232007632
-2.181696671676825 -2.2111683578584476
-2.181696671676825 0.9053498676141751
-0.07053185711071233 -2.227942653694255
-0.07053185711071233 0.9825793877131632
0.9248930254074964 -2.2111683578584476
0.9248930254074964 0.9053498676141751
3.036057839973609 -2.227942653694255
3.036057839973609 0.9825793877131632
3.0415276071959223 1.97946872570945
3.0415276071959223 -1.187198355997514
-0.16899443421149574 1.97946872570945
-0.16899443421149574 -1.187198355997514
2.231037764939137 -0.20496983693553983
2.231037764939137 2.9901770502646903
-0.9297299985893375 -0.20496983693553983
-0.9297299985893375 2.9901770502646903
-0.9529283505690781 3.0632594360847993
-0.9529283505690781 -0.11575251731838371
2.1941200265814764 3.0632594360847993
2.1941200265814764 -0.11575251731838371
-0.9943821503946944 2.3561480311998406
-0.9943821503946944 -0.8158325022324213
2.2563248178088506 2.3561480311998406
2.2563248178088506 -0.8158325022324213
0.7484369506077432 -2.5533551904441696
0.7484369506077432 0.7111804405597845
2.8212501228759703 2.5631165616561837
2.8212501228759703 -0.6934547229361379
-2.6734045491001943 -2.5533551904441696
-2.6734045491001943 0.7111804405597845
-0.6005913768319672 2.5631165616561837
-0.6005913768319672 -0.6934547229361379
1.541396905042752 -1.5122139442275333
1.541396905042752 1.514400078359732
-1.4772527711328802 -1.5122139442275333
-1.4772527711328802 1.514400078359732
-1.4650472021512726 3.003170501323645
-1.4650472021512726 -0.13521230281436614
-1.4650472021512726 3.003170501323645
-1.4650472021512726 -0.13521230281436614
1.6658432533567396 3.003170501323645
1.6658432533567396 -0.13521230281436614
1.6658432533567396 3.003170501323645
1.6658432533567396 -0.13521230281436614
2.3019388493040913 -0.9458979793472472
2.3019388493040913 2.250643120508816
-0.8590440239350924 -0.9458979793472472
-0.8590440239350924 2.250643120508816
2.5003427655653305 2.0225167192077924
2.5003427655653305 -1.1128086440475828
-0.6907626750329878 2.0225167192077924
-0.6907626750329878 -1.1128086440475828
0.8344540902495939 0.7867459668062463
0.8344540902495939 -2.4110985530180247
0.8344540902495939 0.7867459668062463
0.8344540902495939 -2.4110985530180247
-2.3637022967764465 0.7867459668062463
-2.3637022967764465 -2.4110985530180247
-2.3637022967764465 0.7867459668062463
-2.3637022967764465 -2.4110985530180247
-2.5219007159797844 0.8422172854575928
-2.5219007159797844 -2.282144919984525
0.6751890478409376 0.8422172854575928
0.6751890478409376 -2.282144919984525
-0.9328419540248033 -0.9095417694628605
-0.9328419540248033 2.261465780108884
-0.9328419540248033 -0.9095417694628605
-0.9328419540248033 2.261465780108884
2.2343223657780857 -0.9095417694628605
2.2343223657780857 2.261465780108884
2.2343223657780857 -0.9095417694628605
2.2343223657780857 2.261465780108884
1.3523453946269106 1.31262727019395
1.3523453946269106 -1.8051654865506397
-1.7600936690772944 1.31262727019395
-1.7600936690772944 -1.8051654865506397
-0.8248896612659146 -0.2930598171662241
-0.8248896612659146 2.8680797911199574
2.3664987306676 -0.2930598171662241
2.3664987306676 2.8680797911199574
-0.2935909510558994 -0.8248211215269577
-0.2935909510558994 2.36614923682809
2.867330481879541 -0.8248211215269577
2.867330481879541 2.36614923682809
-0.881586745350041 2.5765395506427944
-0.881586745350041 -0.5837400596071212
2.27628776707581 2.5765395506427944
2.27628776707581 -0.5837400596071212
-1.6368281939354248 -1.552435280244356
-1.6368281939354248 1.5406051897604052
1.462519600091819 -1.552435280244356
1.462519600091819 1.5406051897604052
-0.7014047349310013 2.30690383183141
-0.7014047349310013 -0.8767194790573927
2.506436331335898 2.30690383183141
2.506436331335898 -0.8767194790573927
0.8115438917950506 0.7865209525714918
0.8115438917950506 -2.4399404028454663
-2.4005785455655126 0.7865209525714918
-2.4005785455655126 -2.4399404028454663
0.21542582416102818 -1.8895710453525507
0.21542582416102818 1.2261541474302067
-2.956456458277897 -1.8895710453525507
-2.956456458277897 1.2261541474302067
2.903199476636112 2.275957665345383
2.903199476636112 -0.9214250804202724
-0.33102906209709926 2.275957665345383
-0.33102906209709926 -0.9214250804202724
0.5997787680592243 -2.6604046419730136
0.5997787680592243 0.6047011737730618
0.5997787680592243 -2.6604046419730136
0.5997787680592243 0.6047011737730618
-2.6105662908005547 -2.6604046419730136
-2.6105662908005547 0.6047011737730618
-2.6105662908005547 -2.6604046419730136
-2.6105662908005547 0.6047011737730618
-0.825477660967861 2.012822562427725
-0.825477660967861 -1.14469070525278
2.344827725423177 2.012822562427725
2.344827725423177 -1.14469070525278
-2.7469609023880794 0.8998893866008773
-2.7469609023880794 -2.28991579102801
0.4564123399756204 0.8998893866008773
0.4564123399756204 -2.28991579102801
1.681230887781359 1.6969929331394475
1.681230887781359 -1.4224047308916663
1.681230887781359 1.6969929331394475
1.681230887781359 -1.4224047308916663
-1.4568845701969326 1.6969929331394475
-1.4568845701969326 -1.4224047308916663
-1.4568845701969326 1.6969929331394475
-1.4568845701969326 -1.4224047308916663
0.8662373268339755 -2.6232474226968283
0.8662373268339755 0.6018013194880641
-2.366015543208899 -2.6232474226968283
-2.366015543208899 0.6018013194880641
-0.40303263446991816 -1.3142680995534428
-0.40303263446991816 1.8176564940275002
1.7023721189165828 2.9305538368439445
1.7023721189165828 -0.20271028459130977
2.744452953398628 -1.3142680995534428
2.744452953398628 1.8176564940275002
-1.4333276003944575 2.9305538368439445
-1.4333276003944575 -0.20271028459130977
-0.28937889692763147 -1.2576002959251535
-0.28937889692763147 1.8923208898191788
2.861881816671012 -1.2576002959251535
2.861881816671012 1.8923208898191788
-1.9464318077660134 -1.743773886369069
-1.9464318077660134 1.360978206881515
-1.9464318077660134 -1.743773886369069
-1.9464318077660134 1.360978206881515
1.1724301219259101 -1.743773886369069
1.1724301219259101 1.360978206881515
1.1724301219259101 -1.743773886369069
1.1724301219259101 1.360978206881515
-0.7962571640193051 -0.814837383012929
-0.7962571640193051 2.2479091729300062
2.2658952439962134 -0.814837383012929
2.2658952439962134 2.2479091729300062
2.3072228787248537 -0.4665934906613546
2.3072228787248537 2.7442485200546316
-0.8725553425798673 -0.4665934906613546
-0.8725553425798673 2.7442485200546316
-1.366911866165118 -2.9006765292686305
-1.366911866165118 0.23617236066074784
1.742918971460263 -2.9006765292686305
1.742918971460263 0.23617236066074784
-2.6729308796244124 0.7268574287826967
-2.6729308796244124 -2.475878282018824
-0.6108754258085973 -0.7235104349674044
-0.6108754258085973 2.479622599851222
0.6112979787766254 0.7268574287826967
0.6112979787766254 -2.475878282018824
2.6733534325924406 -0.7235104349674044
2.6733534325924406 2.479622599851222
1.6600501492620732 1.423257425026022
1.6600501492620732 -1.6567948473349383
-1.4203994471159926 1.423257425026022
-1.4203994471159926 -1.6567948473349383
1.0850893847500773 -2.9079447287566342
1.0850893847500773 0.30015023262010776
-2.08302881619953 -2.9079447287566342
-2.08302881619953 0.30015023262010776
-1.940084947009731 -2.236362309888629
-1.940084947009731 0.9187519814049692
1.1996293797023498 -2.236362309888629
1.1996293797023498 0.9187519814049692
-0.33663543561696335 2.3188615423166246
-0.33663543561696335 -0.8893491447711454
-0.33663543561696335 2.3188615423166246
-0.33663543561696335 -0.8893491447711454
2.8463764637405826 2.3188615423166246
2.8463764637405826 -0.8893491447711454
2.8463764637405826 2.3188615423166246
2.8463764637405826 -0.8893491447711454
2.3889813050606743 -0.8852354445005516
2.3889813050606743 2.2895104368569443
2.3889813050606743 -0.8852354445005516
2.3889813050606743 2.2895104368569443
-0.8075588976378822 -0.8852354445005516
-0.8075588976378822 2.2895104368569443
-0.8075588976378822 -0.8852354445005516
-0.8075588976378822 2.2895104368569443
-0.7795772157759402 2.75091908653316
-0.7795772157759402 -0.434486715694425
2.365813786679336 2.75091908653316
2.365813786679336 -0.434486715694425
-2.8787731091567856 0.8658321050035906
-2.8787731091567856 -2.3332532134951918
0.3373482726194669 0.8658321050035906
0.3373482726194669 -2.3332532134951918
2.296930205049636 1.3073120081640397
2.296930205049636 -1.7649366215988715
-0.898282638939545 1.3073120081640397
-0.898282638939545 -1.7649366215988715
-1.1285595490995974 -1.1423146786876164
-1.1285595490995974 1.9534357032402823
2.0008527938682215 -1.1423146786876164
2.0008527938682215 1.9534357032402823
-0.6263649048441792 -0.6637210607788901
-0.6263649048441792 2.5335356387550054
2.6378421072658185 -0.6637210607788901
2.6378421072658185 2.5335356387550054
0.7551675625602905 0.9025963830292835
0.7551675625602905 -2.2706541187309264
0.7551675625602905 0.9025963830292835
0.7551675625602905 -2.2706541187309264
-2.456587918942765 0.9025963830292835
-2.456587918942765 -2.2706541187309264
-2.456587918942765 0.9025963830292835
-2.456587918942765 -2.2706541187309264
-0.9858958078119234 2.23215679211917
-0.9858958078119234 -0.9341936148044586
2.1849705336300707 2.23215679211917
2.1849705336300707 -0.9341936148044586
0.7174237962409171 -2.333101351336836
0.7174237962409171 0.8434902151399619
-2.504572306918153 -2.333101351336836
-2.504572306918153 0.8434902151399619
-2.47913946636883 0.6121029304197763
-2.47913946636883 -2.672547951748098
1.6567425558535778 -1.658177260280954
1.6567425558535778 1.422098904449842
0.7240107484603983 0.6121029304197763
0.7240107484603983 -2.672547951748098
-1.4232925364967803 -1.658177260280954
-1.4232925364967803 1.422098904449842
-0.7252692434081818 2.6743980018349047
-0.7252692434081818 -0.6102528803329695
2.4776398990406086 2.6743980018349047
2.4776398990406086 -0.6102528803329695
-2.3569872078468754 0.5500694992998445
-2.3569872078468754 -2.662932046125609
0.8543538381981107 0.5500694992998445
0.8543538381981107 -2.662932046125609
2.2810455873870557 -1.2100412434961143
2.2810455873870557 1.9313753914600853
2.2810455873870557 -1.2100412434961143
2.2810455873870557 1.9313753914600853
-0.8502316717565569 -1.2100412434961143
-0.8502316717565569 1.9313753914600853
-0.8502316717565569 -1.2100412434961143
-0.8502316717565569 1.9313753914600853
-1.149966225422425 2.889558638941194
-1.149966225422425 -0.2934738220784431
2.016901836919259 2.889558638941194
2.016901836919259 -0.2934738220784431
-2.474173510077005 0.6003757954603779
-2.474173510077005 -2.683102893426549
1.6641243162988264 -1.6453886338131716
1.6641243162988264 1.434690592497003
0.7335919079278741 0.6003757954603779
0.7335919079278741 -2.683102893426549
-1.4112955728758814 -1.6453886338131716
-1.4112955728758814 1.434690592497003
-0.710750323773297 2.6571963457498224
-0.710750323773297 -0.6262823431371042
2.492355757096115 2.6571963457498224
2.492355757096115 -0.6262823431371042
-0.570411876460629 2.1726918166823674
-0.570411876460629 -0.9376912452251135
-0.570411876460629 2.1726918166823674
-0.570411876460629 -0.9376912452251135
2.63352425827847 2.1726918166823674
2.63352425827847 -0.9376912452251135
2.63352425827847 2.1726918166823674
2.63352425827847 -0.9376912452251135
0.7364632624992714 -2.619475936777749
0.7364632624992714 0.584710855592768
-2.4657831036650624 -2.619475936777749
-2.4657831036650624 0.584710855592768
-3.0006312613813826 0.9194360682291249
-3.0006312613813826 -2.307250470554978
-3.0006312613813826 0.9194360682291249
-3.0006312613813826 -2.307250470554978
0.1407197408502521 0.9194360682291249
0.1407197408502521 -2.307250470554978
0.1407197408502521 0.9194360682291249
0.1407197408502521 -2.307250470554978
1.9276264717187535 2.231298734065308
1.9276264717187535 -0.8946545718062722
1.9276264717187535 2.231298734065308
1.9276264717187535 -0.8946545718062722
-1.221044408022817 2.231298734065308
-1.221044408022817 -0.8946545718062722
-1.221044408022817 2.231298734065308
-1.221044408022817 -0.8946545718062722
2.4582526000081075 -0.46988175149441075
2.4582526000081075 2.7607350368359
0.38323018830995464 1.0506514090130026
0.38323018830995464 -2.1412243488230605
-0.7648717015537785 -0.46988175149441075
-0.7648717015537785 2.7607350368359
-2.839894113251931 1.0506514090130026
-2.839894113251931 -2.1412243488230605
-1.381026527912441 -1.1129574188281077
-1.381026527912441 1.9783521305154157
1.6715419909368345 -1.1129574188281077
1.6715419909368345 1.9783521305154157
2.2726819225647543 2.441857967133448
2.2726819225647543 -0.7585545776347856
2.2726819225647543 2.441857967133448
2.2726819225647543 -0.7585545776347856
-0.9054806828060373 2.441857967133448
-0.9054806828060373 -0.7585545776347856
-0.9054806828060373 2.441857967133448
-0.9054806828060373 -0.7585545776347856
-0.830641312682898 2.564293559876596
-0.830641312682898 -0.6652235252352616
2.356204185214967 2.564293559876596
2.356204185214967 -0.6652235252352616
3.0286682788269603 1.1948801564180056
3.0286682788269603 -2.0044316131542845
-0.07721562507805949 1.1948801564180056
-0.07721562507805949 -2.0044316131542845
-1.5830695779460557 -0.4311963625925809
-1.5830695779460557 2.7318382126530696
1.5205497572065323 -0.4311963625925809
1.5205497572065323 2.7318382126530696
-2.1377204923108573 0.3817177658656596
-2.1377204923108573 -2.8410700982230144
1.9818791875859694 -1.3802199330884224
1.9818791875859694 1.6728352893965386
1.0535240868557398 0.3817177658656596
1.0535240868557398 -2.8410700982230144
-1.1100615404270198 -1.3802199330884224
-1.1100615404270198 1.6728352893965386
2.7617059554155845 2.457001630508229
2.7617059554155845 -0.7657862335804444
-0.468424129279041 2.457001630508229
-0.468424129279041 -0.7657862335804444
-2.25893517878467 1.2152294294645516
-2.25893517878467 -1.9356243083143307
-2.25893517878467 1.2152294294645516
-2.25893517878467 -1.9356243083143307
0.8702038210064937 1.2152294294645516
0.8702038210064937 -1.9356243083143307
0.8702038210064937 1.2152294294645516
0.8702038210064937 -1.9356243083143307
1.635201402477944 2.2509035104178623
1.635201402477944 -0.8844157010419961
-1.4599656237018592 2.2509035104178623
-1.4599656237018592 -0.8844157010419961
2.500101473934475 -0.7526322427300544
2.500101473934475 2.4675294798208895
2.500101473934475 -0.7526322427300544
2.500101473934475 2.4675294798208895
-0.7068150164057573 -0.7526322427300544
-0.7068150164057573 2.4675294798208895
-0.7068150164057573 -0.7526322427300544
-0.7068150164057573 2.4675294798208895
2.6496340219186667 -1.04258432054129
2.6496340219186667 2.1192651703777265
2.6496340219186667 -1.04258432054129
2.6496340219186667 2.1192651703777265
-0.5468441537253027 -1.04258432054129
-0.5468441537253027 2.1192651703777265
-0.5468441537253027 -1.04258432054129
-0.5468441537253027 2.1192651703777265
2.861784699798466 -0.804887550969717
2.861784699798466 2.440433730318913
0.8478158977437256 0.5059713790026287
0.8478158977437256 -2.7109326745161066
-0.39272621471182784 -0.804887550969717
-0.39272621471182784 2.440433730318913
-2.406695016766569 0.5059713790026287
-2.406695016766569 -2.7109326745161066
1.4370480427701613 1.3063179523474202
1.4370480427701613 -1.731546073543536
-1.62923321089069 1.3063179523474202
-1.62923321089069 -1.731546073543536
1.3343097507380521 1.0700582812882726
1.3343097507380521 -2.0330218094199095
-2.8120091737778528 -2.3737293701239683
-2.8120091737778528 0.8852216971349163
-1.7065332123352948 1.0700582812882726
-1.7065332123352948 -2.0330218094199095
0.43033317032838714 -2.3737293701239683
0.43033317032838714 0.8852216971349163
-0.3075667239233721 -1.0701870412171395
-0.3075667239233721 2.1099181752542653
2.9513843433355125 -1.0701870412171395
2.9513843433355125 2.1099181752542653
-2.4508496359194107 -2.3564230321054773
-2.4508496359194107 0.8477631720657117
-2.4508496359194107 -2.3564230321054773
-2.4508496359194107 0.8477631720657117
0.7497175515665708 -2.3564230321054773
0.7497175515665708 0.8477631720657117
0.7497175515665708 -2.3564230321054773
0.7497175515665708 0.8477631720657117
2.325096996015376 -0.7703733150991225
2.325096996015376 2.4281561271753818
-0.842352415215411 -0.7703733150991225
-0.842352415215411 2.4281561271753818
2.6080763796016733 -0.7024446988057079
2.6080763796016733 2.5876902053854036
-1.5115612385304356 -1.350324429061698
-1.5115612385304356 1.7237502597155236
-0.6114272156768452 -0.7024446988057079
-0.6114272156768452 2.5876902053854036
1.5521204733706326 -1.350324429061698
1.5521204733706326 1.7237502597155236
0.8105527531885424 -2.77789735634708
0.8105527531885424 0.5122375478440314
-2.3985578652138226 -2.77789735634708
-2.3985578652138226 0.5122375478440314
2.810236905129733 2.3595771473086242
2.810236905129733 -0.8836554977005598
-1.2965437570755727 -1.2358730060304537
-1.2965437570755727 1.8101179637095672
-0.4179518387594987 2.3595771473086242
-0.4179518387594987 -0.8836554977005598
1.7584528062147826 -1.2358730060304537
1.7584528062147826 1.8101179637095672
-2.9547462845204007 0.9233394522728265
-2.9547462845204007 -2.313854885166739
0.2884863604887834 0.9233394522728265
0.2884863604887834 -2.313854885166739
1.7058802750983644 -3.126051769402249
1.7058802750983644 -0.004713297513841373
-1.4236004641309474 -3.126051769402249
-1.4236004641309474 -0.004713297513841373
-0.6399308049860102 -1.2966280861876567
-0.6399308049860102 1.860720562057563
2.5479232076227665 -1.2966280861876567
2.5479232076227665 1.860720562057563
1.0898835211036062 -2.812509451943313
1.0898835211036062 0.47356871728093475
-2.0798201758587918 -2.812509451943313
-2.0798201758587918 0.47356871728093475
-2.6414618688561897 0.9789195255904762
-2.6414618688561897 -2.22472565432823
0.5429494807279034 0.9789195255904762
0.5429494807279034 -2.22472565432823
2.7070209852042635 2.465477175861451
2.7070209852042635 -0.7664803599063393
0.6733778315699398 -2.7024959382073965
0.6733778315699398 0.547159934492071
-0.5507420347983872 2.465477175861451
-0.5507420347983872 -0.7664803599063393
-2.584385188432711 -2.7024959382073965
-2.584385188432711 0.547159934492071
1.4441374643642764 -1.665753935314973
1.4441374643642764 1.3854738360968228
-1.5893919701158432 -1.665753935314973
-1.5893919701158432 1.3854738360968228
0.10175853254645559 1.2014321869122702
0.10175853254645559 -1.9763035414163264
0.10175853254645559 1.2014321869122702
0.10175853254645559 -1.9763035414163264
-3.030030283951605 1.2014321869122702
-3.030030283951605 -1.9763035414163264
-3.030030283951605 1.2014321869122702
-3.030030283951605 -1.9763035414163264
0.6164366975176342 0.5762632699757164
0.6164366975176342 -2.484947438515771
-2.440887148546663 0.5762632699757164
-2.440887148546663 -2.484947438515771
0.5658298680296889 1.015785739450989
0.5658298680296889 -2.15853370081693
0.5658298680296889 1.015785739450989
0.5658298680296889 -2.15853370081693
-2.636385932730293 1.015785739450989
-2.636385932730293 -2.15853370081693
-2.636385932730293 1.015785739450989
-2.636385932730293 -2.15853370081693
-2.094034345332014 0.44757195979413966
-2.094034345332014 -2.740625586878525
1.0937030633409452 0.44757195979413966
1.0937030633409452 -2.740625586878525
-0.8941962112107873 3.000427984265061
-0.8941962112107873 -0.22349215792942587
1.2520955724680791 -1.8466734755134384
1.2520955724680791 1.1923430010279856
2.36875269652084 3.000427984265061
2.36875269652084 -0.22349215792942587
-1.7681408269798804 -1.8466734755134384
-1.7681408269798804 1.1923430010279856
0.97102093101955 0.31772762287320044
0.97102093101955 -2.926441207764962
-2.2528992111749373 0.31772762287320044
-2.2528992111749373 -2.926441207764962
1.1046679510339914 0.37219929011506836
1.1046679510339914 -2.799928979134205
-3.065032984985496 -1.6465763770520496
-3.065032984985496 1.4569437484700438
-2.0404539524290706 0.37219929011506836
-2.0404539524290706 -2.799928979134205
0.07303041873102854 -1.6465763770520496
0.07303041873102854 1.4569437484700438
0.4831994457858858 -1.7608642059140645
0.4831994457858858 1.3501928320162486
-2.6964657358716075 -1.7608642059140645
-2.6964657358716075 1.3501928320162486
-2.043356493365199 -1.8733271436222358
-2.043356493365199 1.2566211144895454
-2.043356493365199 -1.8733271436222358
-2.043356493365199 1.2566211144895454
1.0317728977025094 -1.8733271436222358
1.0317728977025094 1.2566211144895454
1.0317728977025094 -1.8733271436222358
1.0317728977025094 1.2566211144895454
-1.4444052717696636 2.2240348641898544
-1.4444052717696636 -0.9240302592090543
1.663823669512307 2.2240348641898544
1.663823669512307 -0.9240302592090543
2.0892249490134507 2.8111744453465533
2.0892249490134507 -0.4745758268955827
-1.08196820079744 2.8111744453465533
-1.08196820079744 -0.4745758268955827
-0.8235686485633036 -0.432885821920481
-0.8235686485633036 2.8368475291489643
-2.8505274953067556 0.7782898784524931
-2.8505274953067556 -2.476581824505466
2.4848249646536886 -0.432885821920481
2.4848249646536886 2.8368475291489643
0.4578661179102361 0.7782898784524931
0.4578661179102361 -2.476581824505466
1.7210296943011953 -1.3766240326935169
1.7210296943011953 1.6516895715281108
-1.2924222618089458 -1.3766240326935169
-1.2924222618089458 1.6516895715281108
-1.475835573062579 2.0547741673292794
-1.475835573062579 -1.023616056308896
1.633275431821975 2.0547741673292794
1.633275431821975 -1.023616056308896
0.34156487229975735 -2.4459783167197235
0.34156487229975735 0.7895847782800378
0.34156487229975735 -2.4459783167197235
0.34156487229975735 0.7895847782800378
-2.839142609803492 -2.4459783167197235
-2.839142609803492 0.7895847782800378
-2.839142609803492 -2.4459783167197235
-2.839142609803492 0.7895847782800378
-0.22431802168259632 1.2138816448496033
-0.22431802168259632 -1.958013640762944
2.959985855730528 1.2138816448496033
2.959985855730528 -1.958013640762944
-0.1720684137186043 2.1139829919767053
-0.1720684137186043 -1.0411925979417456
3.0088916128385317 2.1139829919767053
3.0088916128385317 -1.0411925979417456
2.8116734233896965 -1.0957416832383657
2.8116734233896965 2.0726111640016387
-0.47381195136065474 -1.0957416832383657
-0.47381195136065474 2.0726111640016387
-3.1385526912230435 1.554174368639558
-3.1385526912230435 -1.559564178368668
-3.1385526912230435 1.554174368639558
-3.1385526912230435 -1.559564178368668
0.0035554685707823858 1.554174368639558
0.0035554685707823858 -1.559564178368668
0.0035554685707823858 1.554174368639558
0.0035554685707823858 -1.559564178368668
0.9035250915053652 -2.994000163253025
0.9035250915053652 0.23330546746042696
-1.2450079286287872 1.8603319382619636
-1.2450079286287872 -1.1820758637342987
-2.358935875039092 -2.994000163253025
-2.358935875039092 0.23330546746042696
1.7757164120063422 1.8603319382619636
1.7757164120063422 -1.1820758637342987
-0.9672412176950722 -0.29985683357027915
-0.9672412176950722 2.9409206716130454
2.26006441301838 -0.29985683357027915
2.26006441301838 2.9409206716130454
-1.9947205039026905 0.973993485965685
-1.9947205039026905 -2.1760232817661405
1.1182247657540052 0.973993485965685
1.1182247657540052 -2.1760232817661405
-0.8755728879185366 -0.43045703238422406
-0.8755728879185366 2.7642865655986135
2.3114858672581122 -0.43045703238422406
2.3114858672581122 2.7642865655986135
0.6166480245631626 0.5767105278030372
0.6166480245631626 -2.4844951296638613
-2.4408609058687936 0.5767105278030372
-2.4408609058687936 -2.4844951296638613
0.47476825947653367 -2.085025396693114
0.47476825947653367 1.0857378529115311
-2.8108711599887912 -2.085025396693114
-2.8108711599887912 1.0857378529115311
1.8564892811789027 -0.034288237876970114
1.8564892811789027 3.0994115595461174
-1.2887223635775604 -0.034288237876970114
-1.2887223635775604 3.0994115595461174
0.17637207051985823 1.0380381134045489
0.17637207051985823 -2.1174205958672925
-3.0046296321066532 1.0380381134045489
-3.0046296321066532 -2.1174205958672925
3.0313113828403044 2.0941552437597832
3.0313113828403044 -1.0590152103691641
-0.14522405260855298 2.0941552437597832
-0.14522405260855298 -1.0590152103691641
0.3249226503224559 -1.968905431972499
0.3249226503224559 1.187228315271344
-1.7970889716094616 0.7564506095743043
-1.7970889716094616 -2.407228660034259
-2.8505628127935236 -1.968905431972499
-2.8505628127935236 1.187228315271344
1.3106108724541454 0.7564506095743043
1.3106108724541454 -2.407228660034259
-3.0177594496444824 -1.3546251077055564
-3.0177594496444824 1.7648809298654675
0.10929211029126097 -1.3546251077055564
0.10929211029126097 1.7648809298654675
0.17794196034795148 -2.119560739162421
0.17794196034795148 1.0361938534717032
-3.004046390292964 -2.119560739162421
-3.004046390292964 1.0361938534717032
-1.5313006382541443 -1.95497218041976
-1.5313006382541443 1.151157730988125
0.5606897935617399 -2.453224607714452
0.5606897935617399 0.7784127586103655
1.5511504058171095 -1.95497218041976
1.5511504058171095 1.151157730988125
-2.6400444695465928 -2.453224607714452
-2.6400444695465928 0.7784127586103655
2.215167691719999 -0.41319746725119594
2.215167691719999 2.818439899073622
-0.961887704051703 -0.41319746725119594
-0.961887704051703 2.818439899073622
1.8019312121554336 -1.267058229728585
1.8019312121554336 1.7230963521363056
-0.3749847415637647 2.1913601661468274
-0.3749847415637647 -0.9796434622629453
-1.2500057850044501 -1.267058229728585
-1.2500057850044501 1.7230963521363056
2.856263568455938 2.1913601661468274
2.856263568455938 -0.9796434622629453
-2.9973831211265916 0.8385230006879821
-2.9973831211265916 -2.4545077246267137
0.17362050728318112 0.8385230006879821
0.17362050728318112 -2.4545077246267137
-2.81183519798503 1.092246253545948
-2.81183519798503 -2.0779184099574697
0.4731706212098191 1.092246253545948
0.4731706212098191 -2.0779184099574697
-0.6074397383679764 2.418511103675934
-0.6074397383679764 -0.8157317704484708
2.6012487286948733 2.418511103675934
2.6012487286948733 -0.8157317704484708
-0.6073293552166661 -0.8176454804373393
-0.6073293552166661 2.416482656079767
2.60116266393476 -0.8176454804373393
2.60116266393476 2.416482656079767
-2.2104380954761997 1.1374204931353094
-2.2104380954761997 -2.012939237032203
-2.2104380954761997 1.1374204931353094
-2.2104380954761997 -2.012939237032203
0.9507967066914372 1.1374204931353094
0.9507967066914372 -2.012939237032203
0.9507967066914372 1.1374204931353094
0.9507967066914372 -2.012939237032203
0.39398330833880374 0.8124154204660947
0.39398330833880374 -2.3933918666006417
-2.816855399971152 0.8124154204660947
-2.816855399971152 -2.3933918666006417
0.9646180931417687 1.281811892691441
0.9646180931417687 -1.8023486678543608
-2.1276843933412724 1.281811892691441
-2.1276843933412724 -1.8023486678543608
1.6399009750417453 0.7027711962127245
1.6399009750417453 -2.4733619956094013
-1.46819246470989 0.7027711962127245
-1.46819246470989 -2.4733619956094013
-0.7673350119433958 -0.877614607198015
-0.7673350119433958 2.3095336391364545
2.4220691355041817 -0.877614607198015
2.4220691355041817 2.3095336391364545
1.6346469784092812 -1.3898885495546562
1.6346469784092812 1.626174895872042
-0.5414366043461579 2.4368241582193013
-0.5414366043461579 -0.7908538053196745
-1.413181089611187 -1.3898885495546562
-1.413181089611187 1.626174895872042
2.6939206348129607 2.4368241582193013
2.6939206348129607 -0.7908538053196745
0.7547956232779047 0.38249925136376756
0.7547956232779047 -2.8451787121752083
-2.5123262384749836 0.38249925136376756
-2.5123262384749836 -2.8451787121752083
1.0570703648292454 0.1492329656744985
1.0570703648292454 -3.028108253699596
-2.0959770371021516 0.1492329656744985
-2.0959770371021516 -3.028108253699596
0.8202180707873367 -2.1427342269943925
0.8202180707873367 1.0068627706075173
-2.3544620554907407 -2.1427342269943925
-2.3544620554907407 1.0068627706075173
-1.0726944493293824 -0.1173329992604937
-1.0726944493293824 3.054402682546988
2.079512217729404 -0.1173329992604937
2.079512217729404 3.054402682546988
-0.3568988743801715 -1.0270678589019893
-0.3568988743801715 2.1632991161194126
1.766947344526155 -0.8069034934767807
1.766947344526155 2.350010474593502
2.8279790897000128 -1.0270678589019893
2.8279790897000128 2.1632991161194126
-1.3313599985732472 -0.8069034934767807
-1.3313599985732472 2.350010474593502
1.318463272810779 -3.1032723544462
1.318463272810779 0.08709462057520179
-1.8078080662985254 -3.1032723544462
-1.8078080662985254 0.08709462057520179
2.5508190254676077 -0.8407461428352018
2.5508190254676077 2.3749774903148317
-0.6584689038768508 -0.8407461428352018
-0.6584689038768508 2.3749774903148317
2.1664818341259933 -0.7899022782261945
2.1664818341259933 2.3869547051572573
-1.0050397818177266 -0.7899022782261945
-1.0050397818177266 2.3869547051572573
1.1093104182517766 -2.839540984611632
1.1093104182517766 0.3412545079651154
1.1093104182517766 -2.839540984611632
1.1093104182517766 0.3412545079651154
-2.037419749335187 -2.839540984611632
-2.037419749335187 0.3412545079651154
-2.037419749335187 -2.839540984611632
-2.037419749335187 0.3412545079651154
0.929611996960691 0.8902348590273222
0.929611996960691 -2.268405260898284
-2.211042651946263 0.8902348590273222
-2.211042651946263 -2.268405260898284
-2.164239385654932 -2.2081265863519333
-2.164239385654932 0.852652700801359
0.9079302122592426 -2.2081265863519333
0.9079302122592426 0.852652700801359
-0.8228797263208298 2.0677888200078165
-0.8228797263208298 -1.0926172517143937
2.3493338984043413 2.0677888200078165
2.3493338984043413 -1.0926172517143937
0.7699029237284699 -2.5292623356340913
0.7699029237284699 0.6866325836236787
0.7699029237284699 -2.5292623356340913
0.7699029237284699 0.6866325836236787
-2.440575842163213 -2.5292623356340913
-2.440575842163213 0.6866325836236787
-2.440575842163213 -2.5292623356340913
-2.440575842163213 0.6866325836236787
-0.9366056549235391 -0.42378474675127914
-0.9366056549235391 2.789491359549915
2.2786436773704204 -0.42378474675127914
2.2786436773704204 2.789491359549915
1.0455548573456435 -1.662815629298629
1.0455548573456435 1.4499382790728936
-2.1036425090263595 -1.662815629298629
-2.1036425090263595 1.4499382790728936
-0.7986138913487241 2.3122108966776747
-0.7986138913487241 -0.8684993486780282
-0.7986138913487241 2.3122108966776747
-0.7986138913487241 -0.8684993486780282
2.3992041348959114 2.3122108966776747
2.3992041348959114 -0.8684993486780282
2.3992041348959114 2.3122108966776747
2.3992041348959114 -0.8684993486780282
-0.941092765399077 2.588000192262625
-0.941092765399077 -0.6147460562648629
2.1721768746801624 2.588000192262625
2.1721768746801624 -0.6147460562648629
-0.9289516502694528 2.175586452408272
-0.9289516502694528 -0.9290394373579298
2.1755472856596554 2.175586452408272
2.1755472856596554 -0.9290394373579298
-0.911697816450525 2.519451108648012
-0.911697816450525 -0.6817509388226972
-0.911697816450525 2.519451108648012
-0.911697816450525 -0.6817509388226972
2.273650513645379 2.519451108648012
2.273650513645379 -0.6817509388226972
2.273650513645379 2.519451108648012
2.273650513645379 -0.6817509388226972
-0.1516896385805323 1.7334067267419013
-0.1516896385805323 -1.3651258340502805
3.0453921233581407 1.7334067267419013
3.0453921233581407 -1.3651258340502805
-2.999325411459315 1.8095764705045985
-2.999325411459315 -1.4161637691758475
0.26271863445193033 1.8095764705045985
0.26271863445193033 -1.4161637691758475
1.4841182696925959 -1.6453098301237596
1.4841182696925959 1.4431531816981484
1.4841182696925959 -1.6453098301237596
1.4841182696925959 1.4431531816981484
-1.6071015245652143 -1.6453098301237596
-1.6071015245652143 1.4431531816981484
-1.6071015245652143 -1.6453098301237596
-1.6071015245652143 1.4431531816981484
-2.4217672961895054 0.6082945362800303
-2.4217672961895054 -2.5925838950217623
0.8041388390417542 0.6082945362800303
0.8041388390417542 -2.5925838950217623
-2.3791699547123124 -2.1701958102580905
-2.3791699547123124 1.0077549128255983
0.7968710024376694 -2.1701958102580905
0.7968710024376694 1.0077549128255983
-0.6072532299515403 2.3661403093370006
-0.6072532299515403 -0.8202131728014899
2.613759528490343 2.3661403093370006
2.613759528490343 -0.8202131728014899
1.0877268436671002 -2.9212765454337073
1.0877268436671002 0.2823116380118331
-2.079563937405646 -2.9212765454337073
-2.079563937405646 0.2823116380118331
-1.592812959892476 -2.3806679571171245
-1.592812959892476 0.8046631252591597
-1.592812959892476 -2.3806679571171245
-1.592812959892476 0.8046631252591597
1.520010539247682 -2.3806679571171245
1.520010539247682 0.8046631252591597
1.520010539247682 -2.3806679571171245
1.520010539247682 0.8046631252591597
2.9303273975943367 1.904852968819177
2.9303273975943367 -1.211843216403463
2.9303273975943367 1.904852968819177
2.9303273975943367 -1.211843216403463
-0.24519726795456254 1.904852968819177
-0.24519726795456254 -1.211843216403463
-0.24519726795456254 1.904852968819177
-0.24519726795456254 -1.211843216403463
2.426860926899178 2.0621343171798783
2.426860926899178 -1.1090465782764911
-0.7533646189785161 2.0621343171798783
-0.7533646189785161 -1.1090465782764911
2.7887761577640964 -0.6515093099026613
2.7887761577640964 2.519652394283609
-0.38659801812847994 -0.6515093099026613
-0.38659801812847994 2.519652394283609
-2.3580212860122596 1.085923649356358
-2.3580212860122596 -2.0749874113014974
0.8151307130283036 1.085923649356358
0.8151307130283036 -2.0749874113014974
0.45063388423541134 1.0390071290646234
0.45063388423541134 -2.1598878734715137
-2.7279387947880287 1.0390071290646234
-2.7279387947880287 -2.1598878734715137
-2.2722271832975602 0.7899605817332308
-2.2722271832975602 -2.2735729299384584
0.7917309151319905 0.7899605817332308
0.7917309151319905 -2.2735729299384584
3.139053245760511 -1.5521193473162351
3.139053245760511 1.5494703348078365
3.139053245760511 -1.5521193473162351
3.139053245760511 1.5494703348078365
-0.0033743537921645385 -1.5521193473162351
-0.0033743537921645385 1.5494703348078365
-0.0033743537921645385 -1.5521193473162351
-0.0033743537921645385 1.5494703348078365
2.2846083568369746 2.533924255242453
2.2846083568369746 -0.6670061852957035
2.2846083568369746 2.533924255242453
2.2846083568369746 -0.6670061852957035
-0.8931805522434605 2.533924255242453
-0.8931805522434605 -0.6670061852957035
-0.8931805522434605 2.533924255242453
-0.8931805522434605 -0.6670061852957035
-0.6178983885328668 2.1762186177065757
-0.6178983885328668 -0.9369579460923197
2.5832098753806174 2.1762186177065757
2.5832098753806174 -0.9369579460923197
-0.675692043953219 2.3700692780147947
-0.675692043953219 -0.8105827029751825
2.5500682013947196 2.3700692780147947
2.5500682013947196 -0.8105827029751825
-1.947507974532533 0.349311723103805
-1.947507974532533 -2.848520800850488
1.1690490981198887 0.349311723103805
1.1690490981198887 -2.848520800850488
2.066468844104747 2.904040630618351
2.066468844104747 -0.2759554137816977
-1.0978560363025467 2.904040630618351
-1.0978560363025467 -0.2759554137816977
-0.886097485102059 2.4490517798533786
-0.886097485102059 -0.7503804048268946
-0.886097485102059 2.4490517798533786
-0.886097485102059 -0.7503804048268946
2.2943905787762486 2.4490517798533786
2.2943905787762486 -0.7503804048268946
2.2943905787762486 2.4490517798533786
2.2943905787762486 -0.7503804048268946
-2.3421434984813723 0.6484258829692101
-2.3421434984813723 -2.559261646406429
0.8611415205835037 0.6484258829692101
0.8611415205835037 -2.559261646406429
-2.4672304193751775 0.5794245936708651
-2.4672304193751775 -2.4872077381482844
0.5945186926828628 0.5794245936708651
0.5945186926828628 -2.4872077381482844
-0.35279138064576265 -1.0450664432044101
-0.35279138064576265 2.1348508024513793
-0.35279138064576265 -1.0450664432044101
-0.35279138064576265 2.1348508024513793
2.848636120045541 -1.0450664432044101
2.848636120045541 2.1348508024513793
2.848636120045541 -1.0450664432044101
2.848636120045541 2.1348508024513793
2.9261605558470176 2.090218987560078
2.9261605558470176 -1.0612346836367759
-0.2515161637584594 2.090218987560078
-0.2515161637584594 -1.0612346836367759
-2.0972750850287327 -2.332326842702492
-2.0972750850287327 0.8354398299108752
1.0697601801146623 -2.332326842702492
1.0697601801146623 0.8354398299108752
-0.5149939749399961 -0.9962418040874418
-0.5149939749399961 2.1584910743425447
2.6996597203948114 -0.9962418040874418
2.6996597203948114 2.1584910743425447
0.6678549186153511 -2.409520960857871
0.6678549186153511 0.8004435649897976
0.6678549186153511 -2.409520960857871
0.6678549186153511 0.8004435649897976
-2.5494100483368816 -2.409520960857871
-2.5494100483368816 0.8004435649897976
-2.5494100483368816 -2.409520960857871
-2.5494100483368816 0.8004435649897976
2.647513429079268 -0.5265766985470333
2.647513429079268 2.6468340198655196
-0.5264797731465343 -0.5265766985470333
-0.5264797731465343 2.6468340198655196
-1.0597442739915273 -0.8121843508358201
-1.0597442739915273 2.360858893569412
2.108042150515493 -0.8121843508358201
2.108042150515493 2.360858893569412
-1.0986902451382654 -1.4359708195001544
-1.0986902451382654 1.6756376336848062
2.044352576163198 -1.4359708195001544
2.044352576163198 1.6756376336848062
-2.8258040792560557 1.4886873736282515
-2.8258040792560557 -1.8009712001921154
0.4435442316745665 1.4886873736282515
0.4435442316745665 -1.8009712001921154
2.7132384996599397 -0.9974931175118767
2.7132384996599397 2.196356006661052
-0.49626438234312203 -0.9974931175118767
-0.49626438234312203 2.196356006661052
-0.9712672172445005 2.4609991493644454
-0.9712672172445005 -0.7305909729012301
2.199518810841457 2.4609991493644454
2.199518810841457 -0.7305909729012301
-0.8726689867287453 2.376258655066706
-0.8726689867287453 -0.816168555676735
-0.8726689867287453 2.376258655066706
-0.8726689867287453 -0.816168555676735
2.3029924944399576 2.376258655066706
2.3029924944399576 -0.816168555676735
2.3029924944399576 2.376258655066706
2.3029924944399576 -0.816168555676735
