Torsion_1 Torsion_2
-1.8032879006804052 0.6279470558178043
-1.8032879006804052 -2.5128515371448565
1.3104654859342306 0.6279470558178043
1.3104654859342306 -2.5128515371448565
1.6687308566619579 1.7612558880123617
1.6687308566619579 -1.3542379914257767
-1.4116475084489095 1.7612558880123617
-1.4116475084489095 -1.3542379914257767
2.106458625183464 1.8956091497182108
2.106458625183464 -1.2109700019043046
-1.0444751560853567 1.8956091497182108
-1.0444751560853567 -1.2109700019043046
2.4958386161163566 2.4119841222947995
2.4958386161163566 -0.7822487161772762
-0.6974295104071013 2.4119841222947995
-0.6974295104071013 -0.7822487161772762
0.35591483389476425 1.7966477677541575
0.35591483389476425 -1.3187626983582674
-2.86199068405343 1.7966477677541575
-2.86199068405343 -1.3187626983582674
-0.7863095460161438 -0.949958125132711
-0.7863095460161438 2.21998595777682
2.3561478646730944 -0.949958125132711
2.3561478646730944 2.21998595777682
-1.2640516010727985 2.005495989038853
-1.2640516010727985 -1.1319739248394753
1.8487640849381461 2.005495989038853
1.8487640849381461 -1.1319739248394753
1.0490420865961545 -2.4884245397452216
1.0490420865961545 0.6770808197268994
-2.1233935059042266 -2.4884245397452216
-2.1233935059042266 0.6770808197268994
1.6327931574327033 -0.9128614540100066
1.6327931574327033 2.2296460380287937
-1.4615108017223692 -0.9128614540100066
-1.4615108017223692 2.2296460380287937
2.052395567402944 -0.848978203035181
2.052395567402944 2.2644175038882906
-1.0782780994416648 -0.848978203035181
-1.0782780994416648 2.2644175038882906
-2.276184397042116 -1.6869106844307797
-2.276184397042116 1.3974142112487895
0.8041955726334292 -1.6869106844307797
0.8041955726334292 1.3974142112487895
1.6346759214339392 -1.5578283503329162
1.6346759214339392 1.5549274268643218
-1.4668983984808655 -1.5578283503329162
-1.4668983984808655 1.5549274268643218
2.2966301551680446 2.6311188993144436
2.2966301551680446 -0.5002206316453727
-0.8514480534129839 2.6311188993144436
-0.8514480534129839 -0.5002206316453727
-1.9813726943747743 0.5609407532588576
-1.9813726943747743 -2.6267418345434366
1.1487236156216019 0.5609407532588576
1.1487236156216019 -2.6267418345434366
-0.7528248895874381 2.3503452359728656
-0.7528248895874381 -0.8310981005162547
2.3773204523609586 2.3503452359728656
2.3773204523609586 -0.8310981005162547
-1.171009047270414 1.6444211407675557
-1.171009047270414 -1.4620209087804814
1.9591252574998335 1.6444211407675557
1.9591252574998335 -1.4620209087804814
-0.9541829201265908 1.6193987924752413
-0.9541829201265908 -1.4657897413788583
2.158440790483478 1.6193987924752413
2.158440790483478 -1.4657897413788583
-1.5415143885369804 0.978795239142093
-1.5415143885369804 -2.1680713380210297
1.569780964919806 0.978795239142093
1.569780964919806 -2.1680713380210297
2.331110181452298 -0.6184385563142178
2.331110181452298 2.5842097165416726
-0.8237827698196597 -0.6184385563142178
-0.8237827698196597 2.5842097165416726
2.653692472603206 -1.6373630803505401
2.653692472603206 1.4698643447868904
-0.4602332042434515 -1.6373630803505401
-0.4602332042434515 1.4698643447868904
2.416058886897042 -0.5822366304033249
2.416058886897042 2.6352825973614795
-0.7781174533512559 -0.5822366304033249
-0.7781174533512559 2.6352825973614795
-1.7003140368582998 0.7536334480273831
-1.7003140368582998 -2.4480994182834332
1.4157297377795033 0.7536334480273831
1.4157297377795033 -2.4480994182834332
1.6710371216490427 -1.3500131469889038
1.6710371216490427 1.7645844645416005
-1.4081611429139915 -1.3500131469889038
-1.4081611429139915 1.7645844645416005
0.8382178102399562 -2.419061485336402
0.8382178102399562 0.7549650697769478
-2.340237923123036 -2.419061485336402
-2.340237923123036 0.7549650697769478
2.4183662286443406 -0.8773091820533518
2.4183662286443406 2.3073763900953357
-0.7439505444551456 -0.8773091820533518
-0.7439505444551456 2.3073763900953357
2.304036457108277 -0.6154783699310007
2.304036457108277 2.5845842573388573
-0.8469141704623151 -0.6154783699310007
-0.8469141704623151 2.5845842573388573
-1.9745356305227644 0.6718531530317209
-1.9745356305227644 -2.3859422238175316
1.1066026309588448 0.6718531530317209
1.1066026309588448 -2.3859422238175316
1.4489417503056254 -2.1176830961727906
1.4489417503056254 1.0373035760638964
-1.6535315336053193 -2.1176830961727906
-1.6535315336053193 1.0373035760638964
2.3985358598030593 -0.8708766770447018
2.3985358598030593 2.3117902452699695
-0.7608557045563689 -0.8708766770447018
-0.7608557045563689 2.3117902452699695
1.6661532154070282 1.759291207206952
1.6661532154070282 -1.3560156108442107
-1.414335569462992 1.759291207206952
-1.414335569462992 -1.3560156108442107
2.0211425117410817 2.5498732725997435
2.0211425117410817 -0.6144428107189643
-1.0832270547733098 2.5498732725997435
-1.0832270547733098 -0.6144428107189643
1.6876542066021158 -1.6421347356580562
1.6876542066021158 1.4482404891119167
-1.4056596068157163 -1.6421347356580562
-1.4056596068157163 1.4482404891119167
-0.9460597572851206 -0.8490445650261892
-0.9460597572851206 2.3062273295956905
2.1806749356835535 -0.8490445650261892
2.1806749356835535 2.3062273295956905
0.8084341998150394 -1.6836518860919962
0.8084341998150394 1.4018044575290194
-2.2721994096391804 -1.6836518860919962
-2.2721994096391804 1.4018044575290194
2.3352610160888836 2.583808756895068
2.3352610160888836 -0.6187894544568787
-0.8200050033297941 2.583808756895068
-0.8200050033297941 -0.6187894544568787
-1.883003969359304 -2.1135569037286897
-1.883003969359304 1.0232915699008434
1.1947464466459488 -2.1135569037286897
1.1947464466459488 1.0232915699008434
1.9533056652647778 -1.0319353969875302
1.9533056652647778 2.1093288748659926
-1.1335609346868745 -1.0319353969875302
-1.1335609346868745 2.1093288748659926
1.754342303994975 -1.2542510339264832
1.754342303994975 1.8744306010198173
-1.3717160446369934 -1.2542510339264832
-1.3717160446369934 1.8744306010198173
-1.3018006808272902 2.280756349950756
-1.3018006808272902 -0.8694848437749536
1.7989892596972856 2.280756349950756
1.7989892596972856 -0.8694848437749536
-2.370873511685854 -2.055921354563514
-2.370873511685854 1.0700438082581007
0.8240875715653563 -2.055921354563514
0.8240875715653563 1.0700438082581007
-1.6303583225819027 0.928165963703506
-1.6303583225819027 -2.191043715698302
1.4553773101723855 0.928165963703506
1.4553773101723855 -2.191043715698302
-0.8691222461660694 -0.5519280973651426
-0.8691222461660694 2.631974873027964
2.3537958072710774 -0.5519280973651426
2.3537958072710774 2.631974873027964
1.634252827877817 -0.9151441827952257
1.634252827877817 2.222901787620791
-1.4570677307328594 -0.9151441827952257
-1.4570677307328594 2.222901787620791
2.171285853584087 -1.3023377562731488
2.171285853584087 1.7881983474162007
-0.9553454151190655 -1.3023377562731488
-0.9553454151190655 1.7881983474162007
1.479070886171308 -1.4785518399551287
1.479070886171308 1.6332251083611409
-1.6321186554707598 -1.4785518399551287
-1.6321186554707598 1.6332251083611409
1.4740236828765088 1.1622423209345583
1.4740236828765088 -1.9646879675358995
-1.6242653823663822 1.1622423209345583
-1.6242653823663822 -1.9646879675358995
1.5126295310413844 -2.0402043575509
1.5126295310413844 1.085695301764406
-1.5736618310265629 -2.0402043575509
-1.5736618310265629 1.085695301764406
0.7265884223404353 1.5235908744760691
0.7265884223404353 -1.5798067627760448
-2.445944690661113 1.5235908744760691
-2.445944690661113 -1.5798067627760448
1.6360479607651266 2.206912947389028
1.6360479607651266 -0.918891324811365
-1.4513150440556801 2.206912947389028
-1.4513150440556801 -0.918891324811365
1.6253239569794784 -0.9423350294011517
1.6253239569794784 2.17764363895054
-1.4628898107635966 -0.9423350294011517
-1.4628898107635966 2.17764363895054
1.632074120718253 -0.9166245533762556
1.632074120718253 2.2126471814547757
-1.4566945888012512 -0.9166245533762556
-1.4566945888012512 2.2126471814547757
1.750962492962974 1.0768302764324809
1.750962492962974 -2.0383179245119583
-1.3462819104665702 1.0768302764324809
-1.3462819104665702 -2.0383179245119583
-1.4277123405456869 1.429271147932512
-1.4277123405456869 -1.6632448771163362
1.6645692358620217 1.429271147932512
1.6645692358620217 -1.6632448771163362
-1.6236811050466018 0.9270627780341363
-1.6236811050466018 -2.196656844746837
1.4659804400047096 0.9270627780341363
1.4659804400047096 -2.196656844746837
-0.9215505399925703 1.622225565218351
-0.9215505399925703 -1.4674880145034275
2.2040604071380856 1.622225565218351
2.2040604071380856 -1.4674880145034275
1.5699325610779713 2.03876986162743
1.5699325610779713 -1.0759993956736824
-1.5138316332285588 2.03876986162743
-1.5138316332285588 -1.0759993956736824
1.6215497685592182 1.3907229408636441
1.6215497685592182 -1.7053541713304936
-1.46777206828787 1.3907229408636441
-1.46777206828787 -1.7053541713304936
1.3139491950897286 -2.523270288686966
1.3139491950897286 0.6704645926232617
-1.793500528110005 -2.523270288686966
-1.793500528110005 0.6704645926232617
-1.6261539538746068 0.94021227693044
-1.6261539538746068 -2.176297026366512
1.4643461803198146 0.94021227693044
1.4643461803198146 -2.176297026366512
1.4793698783785825 1.6915549556495888
1.4793698783785825 -1.40214291197122
-1.6098035452621826 1.6915549556495888
-1.6098035452621826 -1.40214291197122
-1.6181448718134688 0.8573080543128561
-1.6181448718134688 -2.321661220928752
1.5454031122465004 0.8573080543128561
1.5454031122465004 -2.321661220928752
1.6364236719090477 -0.9191637750706434
1.6364236719090477 2.2073943665073505
-1.4507450499542531 -0.9191637750706434
-1.4507450499542531 2.2073943665073505
-2.1936549740156654 -2.620983255633344
-2.1936549740156654 0.6778725002387778
0.952157406004105 -2.620983255633344
0.952157406004105 0.6778725002387778
-0.9073186273370688 -1.4541260930873663
-0.9073186273370688 1.6357720092272
2.2235046095601976 -1.4541260930873663
2.2235046095601976 1.6357720092272
-1.6349351310886304 0.920018845398471
-1.6349351310886304 -2.217208478418836
1.4567733082866046 0.920018845398471
1.4567733082866046 -2.217208478418836
-2.1222266167084767 -1.6602892260215465
-2.1222266167084767 1.428671519951596
0.9639170557155288 -1.6602892260215465
0.9639170557155288 1.428671519951596
1.249107354933106 1.2988303840889133
1.249107354933106 -1.7913140172882853
-1.8710130522706543 1.2988303840889133
-1.8710130522706543 -1.7913140172882853
-2.3508561414167017 0.8412643522819232
-2.3508561414167017 -2.3288853025997494
0.8201367734810651 0.8412643522819232
0.8201367734810651 -2.3288853025997494
1.6444690631079117 -0.9034175075631548
1.6444690631079117 2.242850843221214
-1.4504245245516587 -0.9034175075631548
-1.4504245245516587 2.242850843221214
2.217285102657914 -1.4626725914736627
2.217285102657914 1.6291276682301645
-0.9116130669276911 -1.4626725914736627
-0.9116130669276911 1.6291276682301645
0.8112353322468363 -2.5915222282606014
0.8112353322468363 0.6193245568791506
-2.4447170823292668 -2.5915222282606014
-2.4447170823292668 0.6193245568791506
-1.702910476743518 1.710704268103994
-1.702910476743518 -1.405569303116961
1.4129726965228444 1.710704268103994
1.4129726965228444 -1.405569303116961
-1.6302282050258938 -2.23246260486776
-1.6302282050258938 0.9039983037034045
1.4578523399274432 -2.23246260486776
1.4578523399274432 0.9039983037034045
0.9199100510318944 1.4656277390066925
0.9199100510318944 -1.6234029216157033
-2.2055937051499543 1.4656277390066925
-2.2055937051499543 -1.6234029216157033
-2.8328609454071048 1.0582406993831608
-2.8328609454071048 -2.114609803961863
0.35770599561340466 1.0582406993831608
0.35770599561340466 -2.114609803961863
1.4688485614640958 1.1813876029367352
1.4688485614640958 -1.9367826953824292
-1.6082308493351798 1.1813876029367352
-1.6082308493351798 -1.9367826953824292
1.9346990740998398 -1.3288454447556797
1.9346990740998398 1.7675241333548977
-1.1945314489896997 -1.3288454447556797
-1.1945314489896997 1.7675241333548977
-2.3270566227082816 -2.570085227743746
-2.3270566227082816 0.6308777523390511
0.8235503893569006 -2.570085227743746
0.8235503893569006 0.6308777523390511
-2.084924196547987 0.3694485548639234
-2.084924196547987 -2.786443212581438
1.1412009541650903 0.3694485548639234
1.1412009541650903 -2.786443212581438
-1.2288620727342499 1.7538136131619548
-1.2288620727342499 -1.3544869299793958
1.8951636375984766 1.7538136131619548
1.8951636375984766 -1.3544869299793958
-2.4746836382263875 -2.546875214415886
-2.4746836382263875 0.6466211748359207
0.7196838275716105 -2.546875214415886
0.7196838275716105 0.6466211748359207
-1.742140205761996 1.2496971464870195
-1.742140205761996 -1.8736465927798325
1.3660720518422738 1.2496971464870195
1.3660720518422738 -1.8736465927798325
2.7678110923027646 -1.0967897154844597
2.7678110923027646 2.0601799644940555
-0.42531281685079303 -1.0967897154844597
-0.42531281685079303 2.0601799644940555
-1.4532885238368995 -1.3393467816656643
-1.4532885238368995 1.7704668923861235
1.6569085421595626 -1.3393467816656643
1.6569085421595626 1.7704668923861235
2.619413952287257 2.3954908599947577
2.619413952287257 -0.7888750106695703
-0.6130800712038136 2.3954908599947577
-0.6130800712038136 -0.7888750106695703
-0.5626711377222665 -2.4533479380389958
-0.5626711377222665 0.7213757042681758
2.608648638137794 -2.4533479380389958
2.608648638137794 0.7213757042681758
-1.7177856775637645 -2.3875473330952737
-1.7177856775637645 0.797142656039765
1.3899913868890061 -2.3875473330952737
1.3899913868890061 0.797142656039765
-2.3886735756833533 -1.7178951428736715
-2.3886735756833533 1.389659040494494
0.7960552554131851 -1.7178951428736715
0.7960552554131851 1.389659040494494
1.7961700808481942 1.804851054424975
1.7961700808481942 -1.3086270878150406
-1.2956121209189115 1.804851054424975
-1.2956121209189115 -1.3086270878150406
0.4938624308506919 1.5122460235006245
0.4938624308506919 -1.6116514597793519
-2.6873607650335307 1.5122460235006245
-2.6873607650335307 -1.6116514597793519
2.610117647346587 -0.8215351286683565
2.610117647346587 2.361686932828757
-0.5988103791332674 -0.8215351286683565
-0.5988103791332674 2.361686932828757
-1.754058542810016 -1.8854093522912378
-1.754058542810016 1.2416101664734538
1.3692233658122104 -1.8854093522912378
1.3692233658122104 1.2416101664734538
-0.9310789461438903 -1.4685738257949494
-0.9310789461438903 1.634461066716304
2.218193134695089 -1.4685738257949494
2.218193134695089 1.634461066716304
-2.4520790846444522 0.823042355038492
-2.4520790846444522 -2.399056093760467
0.7216751826712945 0.823042355038492
0.7216751826712945 -2.399056093760467
-2.464207932129776 -2.5822253165152302
-2.464207932129776 0.6206316420737723
0.7393941415509193 -2.5822253165152302
0.7393941415509193 0.6206316420737723
-1.3391783301449465 -0.8810697876867785
-1.3391783301449465 2.2707386691689977
1.7551035552045526 -0.8810697876867785
1.7551035552045526 2.2707386691689977
-1.214209804633904 -0.1521455838947002
-1.214209804633904 3.0498551881442024
1.9704529209393828 -0.1521455838947002
1.9704529209393828 3.0498551881442024
-0.10724481533126493 -1.6817879461454752
-0.10724481533126493 1.4551072107520804
3.0191262547937767 -1.6817879461454752
3.0191262547937767 1.4551072107520804
-1.349453114742123 1.8942992003488985
-1.349453114742123 -1.2304856459776918
1.7591299966231335 1.8942992003488985
1.7591299966231335 -1.2304856459776918
1.2596163037342567 -2.0119065714778257
1.2596163037342567 1.1141753275265158
-1.8537207696262255 -2.0119065714778257
-1.8537207696262255 1.1141753275265158
2.225063081766821 1.6320264463592888
2.225063081766821 -1.4724139692754086
-0.9324410077264098 1.6320264463592888
-0.9324410077264098 -1.4724139692754086
-1.4976584278891238 2.39129591961781
-1.4976584278891238 -0.7689927504933254
1.6262786685293389 2.39129591961781
1.6262786685293389 -0.7689927504933254
1.8767701895566373 1.6067028172941848
1.8767701895566373 -1.535699621634235
-1.2338201517377263 1.6067028172941848
-1.2338201517377263 -1.535699621634235
-2.0008037660690374 -2.6759278611267794
-2.0008037660690374 0.4735563210505193
1.1712812387228198 -2.6759278611267794
1.1712812387228198 0.4735563210505193
-0.9331845284852125 -1.4687474420799147
-0.9331845284852125 1.6329045891852623
2.229491865729932 -1.4687474420799147
2.229491865729932 1.6329045891852623
2.3665305876962726 1.3769807632145483
2.3665305876962726 -1.7703281965433948
-0.8253174603185964 1.3769807632145483
-0.8253174603185964 -1.7703281965433948
2.3664501292576685 -1.7710704364607166
2.3664501292576685 1.376529945590551
-0.8255380359565505 -1.7710704364607166
-0.8255380359565505 1.376529945590551
-1.0759979845109624 1.6802579474624022
-1.0759979845109624 -1.4234418083262084
2.0847529981810733 1.6802579474624022
2.0847529981810733 -1.4234418083262084
1.9361653574106799 2.4369744916567195
1.9361653574106799 -0.7558866470805952
-1.2272382790597398 2.4369744916567195
-1.2272382790597398 -0.7558866470805952
1.4967618290646765 -0.8347751073868779
1.4967618290646765 2.3527076868487358
-1.6481621303718499 -0.8347751073868779
-1.6481621303718499 2.3527076868487358
2.328268126637033 -0.6424411909674722
2.328268126637033 2.5563499076498415
-0.8279940319763011 -0.6424411909674722
-0.8279940319763011 2.5563499076498415
1.299291886388228 -1.9167612077420038
1.299291886388228 1.210001364636295
-1.8124686775216596 -1.9167612077420038
-1.8124686775216596 1.210001364636295
2.8094500284008013 -1.0387576517361607
2.8094500284008013 2.1244450799237597
-0.3975621153158629 -1.0387576517361607
-0.3975621153158629 2.1244450799237597
-2.5982755865874436 -2.3663411928114275
-2.5982755865874436 0.7808531754692881
0.6044119477610332 -2.3663411928114275
0.6044119477610332 0.7808531754692881
-1.2526007969399375 2.388413871754145
-1.2526007969399375 -0.773025311499763
1.8695292406946222 2.388413871754145
1.8695292406946222 -0.773025311499763
1.613263749693055 -1.0489446188718323
1.613263749693055 2.114151333774163
-1.473536447658529 -1.0489446188718323
-1.473536447658529 2.114151333774163
-0.6164846175798843 -0.8259494761434916
-0.6164846175798843 2.333184566105555
2.5859010757394008 -0.8259494761434916
2.5859010757394008 2.333184566105555
-1.924023470928416 1.2863941013045501
-1.924023470928416 -1.8254019383906723
1.2026527178562314 1.2863941013045501
1.2026527178562314 -1.8254019383906723
-2.3121076983804394 -2.3929273645650664
-2.3121076983804394 0.7666547058892871
0.8753181984376264 -2.3929273645650664
0.8753181984376264 0.7666547058892871
-2.122436390259592 1.5186379441394775
-2.122436390259592 -1.5842417484895623
1.0434988701199117 1.5186379441394775
1.0434988701199117 -1.5842417484895623
1.118695955334716 -1.8603426608792428
1.118695955334716 1.2654835305067715
-2.0040003430760724 -1.8603426608792428
-2.0040003430760724 1.2654835305067715
3.0487193783054596 -1.109886701480346
3.0487193783054596 2.057286221163521
0.022613957990655235 -1.109886701480346
0.022613957990655235 2.057286221163521
1.4229923061611205 0.6227289765998862
1.4229923061611205 -2.5760352463914944
-1.713417937760478 0.6227289765998862
-1.713417937760478 -2.5760352463914944
-2.3093836993859043 0.8718650152763056
-2.3093836993859043 -2.3825883713926364
0.8475776329155937 0.8718650152763056
0.8475776329155937 -2.3825883713926364
-2.0048837889010525 1.2657424199958813
-2.0048837889010525 -1.8605879758972714
1.117985160746977 1.2657424199958813
1.117985160746977 -1.8605879758972714
-2.439585458311266 1.0416072341526015
-2.439585458311266 -2.132477601017482
0.7200361813680562 1.0416072341526015
0.7200361813680562 -2.132477601017482
0.6536707214477583 -2.417263638661393
0.6536707214477583 0.7660476911974623
-2.54311027383115 -2.417263638661393
-2.54311027383115 0.7660476911974623
-1.5680333429932771 -3.0607621289029145
-1.5680333429932771 0.08507282483006412
1.64003602142781 -3.0607621289029145
1.64003602142781 0.08507282483006412
-0.6948206383046606 -1.182293983330748
-0.6948206383046606 1.9479714623012012
2.4745615987751126 -1.182293983330748
2.4745615987751126 1.9479714623012012
-1.1507714884290403 -1.322059690108225
-1.1507714884290403 1.7621689941758982
1.9783414257247767 -1.322059690108225
1.9783414257247767 1.7621689941758982
0.761379304836149 -1.4927116939630647
0.761379304836149 1.597501426254628
-2.4095261870136073 -1.4927116939630647
-2.4095261870136073 1.597501426254628
2.2051707389355766 1.6371272233791125
2.2051707389355766 -1.4659674569861223
-0.9470203132174742 1.6371272233791125
-0.9470203132174742 -1.4659674569861223
0.6450712719173821 0.8190163180455166
0.6450712719173821 -2.3294352857123766
-2.5519346968848553 0.8190163180455166
-2.5519346968848553 -2.3294352857123766
1.4522846379278758 1.6575064971538918
1.4522846379278758 -1.4246219936522675
-1.5616811908131385 1.6575064971538918
-1.5616811908131385 -1.4246219936522675
-1.3460911741843384 1.904975181748823
-1.3460911741843384 -1.221213011176835
1.7625729934454952 1.904975181748823
1.7625729934454952 -1.221213011176835
1.1746267524262515 -1.845871172651586
1.1746267524262515 1.267921174707421
-1.8841539659566768 -1.845871172651586
-1.8841539659566768 1.267921174707421
-1.6903240214907644 -1.888037279318736
-1.6903240214907644 1.2344786992238
1.3899011854897239 -1.888037279318736
1.3899011854897239 1.2344786992238
-2.621191583546056 1.1766666718252796
-2.621191583546056 -1.9632703309916781
0.5934951181042691 1.1766666718252796
0.5934951181042691 -1.9632703309916781
-2.148885430981862 1.104595576345982
-2.148885430981862 -2.032754232419061
1.0278430238482412 1.104595576345982
1.0278430238482412 -2.032754232419061
-1.6701174614344927 -1.8746185886377933
-1.6701174614344927 1.2413044402018492
1.4228960723093913 -1.8746185886377933
1.4228960723093913 1.2413044402018492
1.6596066904147564 2.311324972583798
1.6596066904147564 -0.8550570037200109
-1.4298034172264829 2.311324972583798
-1.4298034172264829 -0.8550570037200109
1.2902617380939203 -2.1974226149874507
1.2902617380939203 0.9377583678261134
-1.8087201490806073 -2.1974226149874507
-1.8087201490806073 0.9377583678261134
-1.1273091338280645 -0.449595177398534
-1.1273091338280645 2.743031271068328
2.031878668553316 -0.449595177398534
2.031878668553316 2.743031271068328
-1.6873555985358353 -2.3293203481844227
-1.6873555985358353 0.8424577269070588
1.4168434312420946 -2.3293203481844227
1.4168434312420946 0.8424577269070588
-0.9757811097053801 -0.8215645902861891
-0.9757811097053801 2.3227678087593837
2.190018946329743 -0.8215645902861891
2.190018946329743 2.3227678087593837
1.437114599311539 1.2285604338471119
1.437114599311539 -1.8621169653607463
-1.6681144211628254 1.2285604338471119
-1.6681144211628254 -1.8621169653607463
1.7936394892035588 -1.26178638711743
1.7936394892035588 1.8567007759206056
-1.297131469113599 -1.26178638711743
-1.297131469113599 1.8567007759206056
-2.1467194938574403 -2.028113204092818
-2.1467194938574403 1.1077998788287646
1.0288427660966084 -2.028113204092818
1.0288427660966084 1.1077998788287646
1.2941728196933409 1.2979591604807588
1.2941728196933409 -1.797595334195577
-1.8240837092101814 1.2979591604807588
-1.8240837092101814 -1.797595334195577
0.8026538199501605 -1.9758372315711348
0.8026538199501605 1.1550877870996683
-2.3983595529002297 -1.9758372315711348
-2.3983595529002297 1.1550877870996683
0.8159005513761095 -2.1911448686277764
0.8159005513761095 0.9820126853589816
-2.334549005854499 -2.1911448686277764
-2.334549005854499 0.9820126853589816
1.2956012009905462 1.2676555962219282
1.2956012009905462 -1.8500987285185642
-1.795000483282853 1.2676555962219282
-1.795000483282853 -1.8500987285185642
