First,Second,Third,Forth,Fifth
-35278.077044744234,-35278.64656131016,-35275.68307484368,-35276.81542210108,-35278.08457050861
-41729.705547131314,-41730.50186686865,-41731.8004168621,-41728.97365157212,-41731.55203075978
-44471.16598706345,-44471.55152827672,-44472.98465366336,-44471.242684734985,-44472.73249541194
-63777.40026131585,-63772.21927221628,-63777.42863772051,-63775.1693382179,-63775.673942886315
-39634.34463696388,-39638.20711609256,-39634.77584362872,-39637.061509019084,-39637.63700196843
-39976.41364254607,-39975.16058655675,-39975.33745599964,-39975.992102294076,-39976.029371748584
-58175.8346249154,-58176.05584253362,-58175.75156401423,-58175.44528596733,-58174.24942326347
-51445.57306539222,-51447.46144306927,-51448.20254997894,-51437.04590473121,-51445.93236755809
-40570.86127633152,-40737.08663514645,-39638.49131455737,-40162.29730387131,96618.84269996923
-48491.188410444614,-48484.724717870115,-48479.26140552736,-48474.64735210503,-48474.54711601054
-27088.754219391987,-27089.976910756697,-27087.958856653007,-27091.179885049212,-27089.446163092296
-36476.84437887887,-36549.764237018855,-40392.684351106655,-38650.34964027855,-38524.39231980087
-41485.00995701842,-41487.44718447862,-41482.287760819614,-41482.530100833304,-41476.20429974478
-39065.216734940645,-39065.59650186127,-39064.69340888001,-39063.802135745405,-39062.153079505224
-49338.02962786359,-49339.0558639881,-49339.20115154612,-49338.9634802366,-49334.160818448385
-50280.95284620023,-50279.912939503156,-50277.28361973873,-50282.0071305287,-50282.066005503475
-34724.14758662095,-34728.04771378933,-34726.70937965897,-34727.431683795316,-34723.71818398912
-47949.23482664742,-49209.586384335635,-49202.287358746784,-49176.3016267754,-49170.748154726876
-43518.15793040935,-43518.31706983472,-43517.93298342937,-43519.13866202098,-43518.970901268316
-45588.377645288994,-45586.35314468642,-45589.49103541624,-45587.21114219255,-45588.35441032316
-34158.73667845883,-34410.10885329209,-34372.47420763979,-34226.52750694585,-34361.76269086478
-48965.74882867545,-48965.61771033601,-48965.31410241959,-48966.90527787591,-48966.396491937805
-36518.58079637918,-36517.44937058796,-36517.09118214173,-36516.16292615069,-36516.22279151625
-35204.521064115455,-35207.37422372585,-35203.57129003435,-35206.8281965883,-35202.79432990692
-29600.086630701077,-29604.537023735615,-29598.394288014308,-29602.529433324944,-29598.040603088517
-45159.55924115251,-45161.57203803044,-45162.90739589819,-45161.9231475745,-45158.18902411109
-38954.9822475284,-38955.447407915155,-38955.76084887642,-38954.56973095357,-38955.345263247415
-42061.91875287179,-42061.946235666874,-42061.530550949334,-42061.82211770174,-42061.60047527292
-38943.35033777973,-38944.72169299947,-38942.381671626405,-38947.303615567944,-38945.02204951585
-61127.42054757957,-61127.16755759635,-61125.35725077796,-61128.52856471109,-61126.55854396409
-36854.00269631375,-36854.756075459285,-36853.838299030744,-36853.53465357414,-36853.574053613906
-32292.36558536834,-32292.47584849931,-32291.388940108875,-32292.475262333992,-32291.26467038851
-28863.531580163017,-28860.736690954374,-28860.586920644913,-28863.045393281613,-28861.025304997995
-38006.84305781054,-38006.96241119578,-38006.89925784882,-38007.96998836558,-38007.791689000165
-33858.42901241921,-33860.58665525832,-33859.368098508676,-33860.400145420615,-33859.21551413468
-53283.02882246519,-53286.960236590916,-53281.7025341392,-53283.71680809253,-53284.300341071365
-35020.5691300761,-35019.77691077766,-35020.78046860163,-35021.75796754159,-35021.05624729151
-36194.60064194743,-36194.96193611644,-36194.2808686973,-36194.491456337506,-36194.6281588873
-33733.23867315608,-33733.729911668495,-33732.928417909396,-33734.02010952087,-33731.58818930069
-53995.71342711018,-53995.79459329394,-53995.37024361777,-53983.59331518606,-53995.93890516413
-35277.78758981798,-35280.043968845865,-35278.442412611235,-35278.46901460464,-35280.70955185725
-65584.16366676848,-65584.352792387,-65583.86282433555,-65584.30838832463,-65585.70114194321
-65588.57010812862,-65587.99039722342,-65587.89985945141,-65589.65226451677,-65587.93473268986
-35810.223041205165,-35809.79464414773,-35809.42574207712,-35809.569048693564,-35809.97597877959
-59543.527608636155,-59543.46599656788,-59545.21807363209,-59544.80697916553,-59544.6727620215
-47269.790054485784,-47270.25941791648,-47268.81154073148,-47270.01297255997,-47269.743624597395
-44706.896858377055,-44703.309469915876,-44705.999754122146,-44708.9725751067,-44706.88419442933
-46525.54056374435,-46524.88469629035,-46523.80394820797,-46524.88754074534,-46524.16876396658
-49316.494720038696,-49315.84237246563,-49316.56208539658,-49315.51097148676,-49315.576560749185
-51325.8049528899,-51324.92287633693,-51326.58795592578,-51326.4700100701,-51326.40464620944
-33452.36601987241,-33450.72350535675,-33453.0677212429,-33451.430597813174,-33451.07415318631
-40176.96717699974,-40175.81243075647,-40177.816874137934,-40177.113640562406,-40178.04233055881
-35031.33295479303,-35030.92146761564,-35032.29217453752,-35031.87114482707,-35033.287667262746
-46269.49635943658,-46268.89614000913,-46266.87805004193,-46271.17407137854,-46265.03668112203
-50581.34112587722,-50581.494264238965,-50584.34467191861,-50583.224287374534,-50580.48261315719
-42836.90514097665,-42835.992893635084,-42837.026722059054,-42837.99941392859,-42837.090009462605
-50654.54924685912,-50653.78875342668,-50655.44789221763,-50654.67409726797,-50654.99579358285
-42336.3760740189,-42338.071376741136,-42339.20316515207,-42335.79029171298,-42336.50597665868
-35737.94400677018,-35742.09160113175,-35742.46566787814,-35740.819759293416,-35743.040023974434
-32975.24202128212,-32975.73262373984,-32975.87560704255,-32976.063417343896,-32973.9895020218
-32287.345056006838,-32287.214198821595,-32286.747209924935,-32287.305922887364,-32286.77381609185
-36764.226058354056,-36765.32747494672,-36759.326692510724,-36763.91436779274,-36764.02792916223
-42273.80516110263,-42273.48267413965,-42274.65745529829,-42273.190377596584,-42273.74788197017
-47022.32270004337,-47023.25658323667,-47022.06532056902,-47021.482431666846,-47022.78174230074
-48628.744793223384,-48633.086009893574,-48633.49264182612,-48632.24045398431,-48633.7278648898
-45543.16240507537,-45547.045408799095,-45544.82377293896,-45544.72699301407,-45547.29896476849
-53241.924943792386,-53238.253752999866,-53243.61252482655,-53244.37753714,-53243.26038469469
-47528.92113398231,-47527.770161133114,-47528.239919108826,-47528.23166698998,-47529.45291838841
-41500.03132880993,-41496.93259260424,-41499.42662024935,-41500.15372777458,-41497.5652498046
-37540.599871980005,-37542.62647454506,-37543.46625491797,-37542.745274487854,-37541.88257900217
-58913.263320007805,-58918.83348579274,-58919.33451125889,-58918.936882173635,-58913.64273105059
-49166.85618542057,-49165.72185999765,-49167.66661458137,-49168.387341425565,-49163.487831147424
