First,Second,Third,Forth,Fifth
-35279.39129678627,-35279.071018820316,-35279.37343680032,-35271.86851424421,-35279.187033053415
-41732.2906806154,-41732.37544016786,-41732.162265507046,-41732.20103843712,-41732.157081887046
-44471.76860543031,-44472.821311749394,-44471.1956947903,-44472.89330027062,-44472.694765144646
-63779.724568388396,-63775.59701166869,-63777.84732017874,-63776.72247772156,-63778.11123842084
-39634.0579118082,-39637.61254749399,-39637.373256211016,-39637.87530836756,-39637.747011254934
-39976.68020612046,-39977.76310847183,-39976.08650786062,-39977.05724175948,-39976.02935004901
-58177.092807337496,-58172.2473225309,-58175.245122893015,-58176.27289652179,-58175.98794939051
-51442.789234301075,-51447.84860194177,-51440.22101819001,-51448.23339547436,-51437.85001084184
-40560.70060694825,-40749.336373914055,-40637.22757563973,-40966.830459257355,-40977.52631668641
-48489.4423336973,-48479.24867568773,-48479.49901309543,-48484.87376093594,-48473.24819006175
-27086.532725814337,-27087.090570606673,-27087.002115801468,-27091.104564821748,-27089.25257246929
-36675.94040380418,-36705.15057605493,-36552.19044591915,-38616.90606434455,-38536.33160780535
-41467.69682922304,-41454.73654187458,-41464.35621216987,-41471.693029805894,-41476.20426731307
-39063.608588669646,-39065.00542941095,-39064.502880025284,-39061.168920523734,-39065.8085884741
-49339.616061358895,-49339.65829217415,-49339.31122275056,-49339.249897159876,-49339.3733286237
-50282.21465982929,-50281.753223988235,-50279.88998921651,-50281.348147535944,-50282.06648681041
-34730.25033718133,-34727.033712858734,-34729.66497929884,-34728.08504599886,-34728.6778728758
-47700.568806239644,-52965.69853895746,-49604.23676510021,-49191.152280590606,-49385.780630774956
-43518.48279259035,-43519.049864304594,-43518.977467769684,-43519.15684399035,-43518.42889048468
-45589.22920395551,-45587.87275426911,-45585.04192377937,-45587.26592648416,-45589.78891332645
-34543.777094866586,-34605.58791855391,-34557.74023222904,-34615.94850746557,-34198.07450665897
-48968.07135600802,-48967.94021372004,-48966.49480156086,-48967.72301761818,-48965.965336571084
-36516.49167066354,-36515.95642742598,-36514.293428075565,-36516.66034015981,-36517.35403184922
-35204.52884784257,-35207.30758572894,-35203.559939460436,-35205.664665452336,-35208.436309337
-29603.153313185205,-29607.501820974307,-29604.75748932018,-29601.60213005335,-29607.21295879961
-45167.52359431068,-45165.45454571669,-45166.4686873924,-45164.384210157834,-45167.20934988648
-38955.91130834153,-38955.76487726516,-38955.5230235282,-38955.52973349112,-38955.180985929226
-42062.03091705354,-42062.523703323575,-42061.92066902775,-42062.138137105685,-42061.59297738774
-38948.333857735284,-38949.31691816194,-38944.1130885882,-38948.090115917345,-38949.057374788346
-61126.74384103945,-61128.97769327855,-61128.934959716564,-61129.04691391799,-61127.15421282493
-36855.05114975597,-36854.75596610925,-36854.16230192895,-36854.70120786454,-36854.60599228209
-32292.69415299082,-32293.11507460562,-32293.18268647311,-32294.394299747626,-32293.961204521765
-28863.17758644573,-28860.80294737041,-28863.681568787884,-28863.334565929497,-28860.49654071489
-38008.88419662393,-38008.40065430112,-38008.06669430508,-38008.14673798545,-38008.737541243296
-33858.952150446334,-33860.48429562163,-33860.716837306274,-33859.43750699903,-33861.10177525108
-53283.35175429933,-53289.108237136395,-53279.65166310137,-53286.61746158093,-53284.362448640626
-35020.467572128386,-35022.975142202406,-35021.89617062712,-35022.82092476844,-35022.543151670216
-36195.15031836331,-36195.89159496153,-36194.91769963861,-36195.21959764012,-36195.48253831566
-33735.08454170278,-33734.09280824786,-33734.99619380977,-33734.18057386542,-33734.52471293491
-53982.69567871953,-53994.385521297525,-53994.78998958748,-53980.90349601,-53990.83451882105
-35281.61857529395,-35281.70854426544,-35278.161388209606,-35281.68643840993,-35280.64465173729
-65585.99836505715,-65585.12867013967,-65585.05211178881,-65585.71549475571,-65585.51734838859
-65586.20867420721,-65589.60062036694,-65588.53059206158,-65590.41832484998,-65588.45954616708
-35810.847251286046,-35809.87611493128,-35810.39633125439,-35811.780311454735,-35810.3612426981
-59543.68603576494,-59546.55572123855,-59548.253010243636,-59548.059319140935,-59547.34785432664
-47270.69817597845,-47270.80870030817,-47269.360640351246,-47271.10653945331,-47269.98512439611
-44707.94449151614,-44710.080964807545,-44707.196555291164,-44710.053352473245,-44710.02091156409
-46525.620816831506,-46523.48567954658,-46522.87658570979,-46525.26132384729,-46525.659174780776
-49316.68495385987,-49316.36865495926,-49317.29861929583,-49317.21206236626,-49316.80117115008
-51327.378196723614,-51327.58052270698,-51326.2178494141,-51326.5509483835,-51327.09063655244
-33452.90815359773,-33452.11629615282,-33453.24258080705,-33453.049310605,-33452.56475259374
-40176.79531664902,-40176.990556806384,-40177.599586448676,-40178.53463743014,-40177.29337907962
-35033.019069815266,-35032.73162347761,-35033.44244884996,-35033.09753213917,-35033.89911180302
-46268.3730575898,-46272.60051593081,-46271.20832725928,-46271.77700985009,-46271.07229143764
-50583.212501207076,-50583.29241872606,-50583.23292573281,-50584.307989501016,-50582.72628507978
-42837.815833103385,-42838.18755550851,-42836.65208346188,-42838.00200451277,-42837.799492861566
-50654.90020742463,-50653.752364424945,-50655.39032749799,-50654.4133796392,-50655.7093357792
-42336.33939279419,-42338.41836269781,-42339.48842552068,-42338.0489343191,-42337.64819670301
-35742.87613816355,-35741.666845195774,-35742.46568298771,-35742.52711546361,-35742.54784824057
-32976.000905564855,-32976.218820600996,-32976.666620919765,-32975.51161927521,-32976.30875249854
-32288.134517368097,-32287.458711522657,-32288.167254955482,-32287.285429221167,-32287.26321339691
-36765.94741867894,-36766.34432823378,-36766.059381809064,-36765.65447865471,-36763.30258448216
-42274.581094133035,-42274.524952207525,-42272.82627834194,-42274.19538271667,-42273.202729292156
-47022.67361586814,-47023.84249266468,-47022.86418010695,-47022.89303150903,-47022.83384035583
-48631.674040183745,-48635.45482351304,-48635.27513492412,-48635.575360551535,-48635.29515323585
-45546.928788881036,-45546.54070033528,-45544.917900042965,-45546.90530914188,-45545.871794809274
-53245.93149771486,-53246.827847973305,-53243.928676211945,-53245.595113724594,-53246.81679401927
-47528.89685464564,-47529.725460064314,-47529.49755935587,-47529.981110369554,-47528.80041783586
-41505.49512854636,-41508.36716854681,-41509.11523550764,-41506.945240037356,-41504.002416353964
-37543.22305645856,-37542.27895378018,-37543.50600499481,-37542.65593417284,-37542.75019113986
-58917.54564445576,-58918.319769717025,-58917.12421390897,-58919.21639852146,-58917.642207382356
-49164.17257999925,-49164.54958596944,-49168.973503067165,-49167.84397101133,-49166.99057099313
