   -0.11969851
    0.07276766
    0.04541438
    0.14860432
   -0.02923554
   -0.03624237
   -0.00593437
   -0.04887366
    0.22402155
    0.04593729
   -0.27570033
    0.35274982
   -0.37923312
   -0.27909308
   -0.04199732
   -0.36548018
   -0.10493957
   -0.06086180
   -0.14899419
    0.15880004
   -0.26230247
    0.05471803
    0.06365566
    0.05917685
    0.06539732
    0.06334482
    0.07896375
    0.07421166
    0.06175953
    0.05388568
    0.07345171
    0.07224711
    0.19372347
    0.19575585
