           2           1   1.01312731406393     
           6           5   1.44729947241398     
           7           6   1.37940870241790     
           8           4   1.39832927567782     
           8           7   1.37539047278402     
           9           7   1.02908348429256     
          10           9  0.992863133849717     
          11           2  0.922460046901612     
          12           3  0.960550957241683     
          12          11   1.13556266306036     
          13          12   1.77547726988188     
          14           3  0.972216653668750     
          14           4   1.03040313939593     
          15           4   1.36953452007925     
          15           5   1.43882174340034     
          16           9   1.79307703896683     
          17          10   1.60073213057413     
          18          17   1.10889724082943     
          19          18   1.10459586781844     
          20          10   1.14365622406797     
          20          19   1.49162764797824     
          21          20   1.22159114529995     
          22           1  0.982578525962289     
          23           1  0.985397634658442     
          24           1  0.986335505966429     
          25           2  0.972137223024926     
          26           2  0.973878816445179     
          27           3  0.944706107013831     
          28           3  0.949402438840689     
          29           5  0.970953311025771     
          30           6  0.970648037842255     
          31           8  0.952122245339009     
          32          15  0.968252799206855     
          33          21  0.947200277259681     
          34          21  0.945604879382208     
