04Z_3RAL_A,2,2,1,2,2,2
077_2WO8_A,2,1,2,1,1,1
08W_3UA8_A,3,1,2,2,1,2
09J_3U8W_A,2,2,2,2,1,1
09L_4TKG_A,2,2,2,2,2,1
0C1_3UPH_A,2,2,2,2,1,1
0DI_3SFF_A,2,2,2,1,2,2
0G1_3V5L_A,2,2,1,2,1,1
0G8_4QWA_A,1,3,1,3,3,3
0GD_4D7J_A,2,3,3,1,1,2
0H9_4FPE_A,2,3,3,1,1,2
0HD_3V8S_A,1,1,1,1,1,2
0J3_4GG5_A,1,1,2,3,2,2
0JO_4HPX_B,2,2,3,1,2,3
0JX_3UTC_A,1,3,1,3,1,3
0KC_4DHN_A,2,1,1,1,1,3
0KG_4DHT_A,2,1,1,1,1,3
0KH_4DHU_A,2,1,1,1,1,3
0LI_3ZOS_A,1,1,2,1,2,3
0LQ_4GB2_B,1,1,1,1,1,1
0M4_4DVW_A,1,1,1,1,1,1
0N5_4E1K_A,2,2,1,1,2,1
0NY_4NPW_A,1,1,1,1,2,1
0O4_4EE0_A,2,1,1,1,1,3
0O5_4EDZ_A,2,1,1,1,1,3
0QA_4EJI_A,1,1,1,2,1,3
0TK_4FFO_A,1,2,1,1,1,3
0TT_4FHD_A,1,2,1,3,1,1
0UX_4FPS_A,1,2,3,3,1,2
0V4_4FR3_A,1,1,1,1,1,1
0VH_4FZ7_A,1,2,2,1,1,1
0WE_4FS3_A,1,1,2,2,2,2
0X5_4GIH_A,1,1,2,1,1,1
0XU_4GQB_A,3,1,3,1,1,2
0Y4_4GUB_A,2,2,2,2,1,1
10E_4H4D_A,1,3,1,3,3,1
10G_4H4E_A,1,3,1,3,3,1
10N_4GU6_A,1,1,2,1,1,2
12E_3MRT_A,2,2,3,1,2,1
14D_4HEJ_A,2,3,1,3,1,3
15H_4HF4_A,1,2,2,1,2,1
15J_4HEU_A,1,1,1,2,2,1
16F_3MRV_A,2,2,3,1,2,1
16O_3MT7_A,3,2,2,1,2,1
17T_3MT8_A,3,2,2,1,2,1
18S_3MS2_A,3,2,2,1,2,1
18U_4JXS_B,2,1,2,1,2,2
19B_3E93_A,2,1,1,1,2,2
19H_4WMU_A,1,1,2,1,2,2
19T_4MYQ_A,2,2,2,3,2,1
1AM_4HYH_A,2,1,1,1,1,2
1AX_4HX2_A,1,1,1,1,1,1
1B2_4HWR_A,2,1,2,1,2,1
1B3_4HWS_A,2,2,1,1,2,1
1BF_4I0F_A,1,3,1,1,2,1
1D6_4IBG_A,1,1,2,2,2,1
1D8_4IBI_A,2,1,2,1,3,2
1DC_4L6Z_A,1,1,1,1,1,1
1DT_4I6Q_A,1,2,1,1,1,1
1EU_3FV5_A,1,2,1,2,1,1
1F6_4INB_A,3,3,1,1,3,1
1FX_4ISF_A,3,1,1,1,1,1
1GK_3MPT_A,2,2,1,1,1,2
1HM_4J1E_A,1,1,1,1,1,1
1JH_4J08_A,1,2,2,2,1,1
1KS_4JKV_A,1,1,2,2,1,1
1L6_4JIB_A,2,1,1,2,3,1
1N5_3CXO_B,1,1,1,1,1,1
1NS_4JT9_A,1,1,1,1,2,2
1OO_4XV9_A,2,2,2,1,1,3
1PF_4JS8_A,1,1,2,1,2,1
1QR_4KFN_A,2,2,1,2,2,2
1QS_4KFO_A,2,2,1,2,2,2
1RQ_4KKH_A,3,2,1,3,2,1
1SB_3OVV_A,3,1,1,2,2,2
1UQ_4KP7_A,2,2,3,3,2,2
1V5_4L7F_A,2,1,1,2,1,1
20O_4LVG_A,1,1,2,2,2,2
20R_4M6P_A,2,2,1,2,2,2
211_3H7C_X,3,3,3,1,1,1
22S_3MS7_A,2,2,3,1,2,1
23V_3MTB_A,2,2,3,1,2,1
25E_3MTD_A,2,3,2,1,2,1
26O_3NC4_A,2,2,3,1,1,1
274_2J7T_A,2,1,2,2,2,2
28R_4MK9_A,1,2,1,1,1,2
2B2_4M3B_A,2,1,1,2,1,1
2B8_4P10_A,1,1,2,1,1,1
2D1_4M3F_A,2,2,1,2,1,1
2DD_2BYI_A,1,1,2,2,2,2
2G1_4M3G_A,2,2,2,1,1,1
2GG_2UWD_A,2,2,2,1,1,2
2J7_4NBN_B,2,2,1,1,2,2
2KS_4N8D_A,1,1,1,1,1,2
2LQ_4PBT_A,1,1,1,2,1,2
2NP_1F06_B,1,1,1,1,2,2
2NS_4NW6_A,2,2,2,1,1,2
2O3_4NYW_A,1,1,1,1,1,1
2QF_4O10_A,2,2,1,2,2,2
2QJ_4NZ2_A,1,2,1,2,2,1
2RM_4O0Z_A,2,2,1,2,2,2
2RQ_4O7F_A,2,2,2,3,1,1
2V2_4OTQ_A,3,1,1,1,1,1
2W4_4PIV_A,3,1,1,2,2,1
2WP_4OJT_A,2,2,1,1,1,2
2YW_4Q8U_A,1,2,1,2,2,1
30M_4QB3_A,1,1,2,1,1,1
31Y_4PMT_A,2,2,2,1,2,2
31Z_4QGA_A,3,2,3,2,2,1
348_2CF9_H,1,2,1,2,2,2
34F_2Y1F_A,3,3,1,1,2,2
34U_4QMQ_A,3,2,1,1,1,1
38F_4TXE_A,1,1,3,1,3,2
38R_4BGQ_A,2,2,2,2,3,2
396_3BI6_A,2,1,1,1,2,3
39X_4TYO_A,1,1,1,1,1,2
3B6_3B65_A,2,1,1,1,1,2
3EV_3A78_A,1,1,1,1,1,1
3F3_4CAE_A,1,2,2,2,2,2
3I6_4BGH_A,2,2,1,1,1,2
3IG_2G1R_A,2,2,1,2,1,1
3JL_4R4J_A,2,1,2,1,2,1
3K0_4W9Y_A,1,1,1,1,1,2
3O5_4RFD_A,2,1,1,1,2,1
3P3_3P3C_A,2,1,1,2,1,1
3P5_3PI5_A,3,1,3,2,2,3
3P6_4RFM_A,1,1,2,3,1,2
3Q5_3QD3_A,2,2,1,1,1,1
3Q6_3QD4_A,2,2,1,1,1,1
3SA_1XCW_A,1,3,1,3,1,1
3SE_3SDG_A,3,2,1,1,3,1
3SH_4RLI_A,2,2,2,1,1,1
3TP_2HHA_A,2,3,1,2,2,2
3TW_4WRB_A,2,3,2,1,1,1
3UE_4RPU_A,2,1,3,1,1,2
3VL_4WXH_A,1,1,1,1,1,3
3XO_4X5R_A,2,3,2,3,1,1
3XS_4LS2_A,2,3,2,2,2,2
3XY_4X5Z_A,1,3,2,2,1,1
3YO_4RX5_A,2,1,1,1,2,2
3YR_4XHK_B,2,1,1,1,2,2
3YT_4RX9_A,2,1,2,2,1,3
3YV_4RX7_A,2,1,2,2,1,3
3Z3_4X7K_A,1,2,1,1,3,2
409_4HWO_A,2,2,1,1,2,1
41D_4XJJ_A,2,1,1,1,1,1
41V_3X31_A,1,1,1,1,1,1
421_1ZSK_A,1,1,1,2,2,1
43O_4XWY_A,1,2,1,1,2,1
440_3B92_A,2,2,1,1,1,1
443_3KL6_A,1,2,1,2,2,1
448_2QOE_A,1,1,2,1,2,3
46C_2ZDT_A,2,2,2,2,1,2
475_3CUV_A,1,1,1,1,1,1
48W_4Y71_A,1,2,1,2,2,2
49A_1F8E_A,1,1,1,2,1,1
4AM_1F8C_A,1,1,1,2,1,1
4BG_3CHO_A,2,1,2,1,1,2
4DL_4YJP_A,2,2,2,1,1,1
4DS_4CLZ_A,2,2,1,1,3,3
4K6_4YZU_A,1,1,2,1,1,3
4L3_4Z6I_A,1,1,1,1,1,1
4M7_4ZBF_A,1,1,2,1,1,2
4O0_4ZG7_A,2,2,1,2,1,2
4OR_4ZJJ_A,1,3,2,1,1,1
4RB_3BQR_A,1,2,1,2,1,1
4SP_2IW9_A,2,1,2,1,1,2
4T6_4ZY6_A,2,1,2,2,2,3
4U8_4YL1_A,3,2,2,2,2,1
4V3_5BRH_A,1,1,1,1,1,1
4V5_5BRF_A,1,1,1,1,2,1
4VE_5BVO_A,1,1,1,2,1,2
4VF_5BVD_A,2,2,1,1,1,1
4VG_5BVE_A,2,2,1,1,1,1
4VJ_5BVF_A,2,2,1,1,1,1
4W4_5BWX_A,1,1,2,1,1,1
4Y0_4UWC_A,1,1,2,1,1,1
50H_5C26_A,2,2,2,1,2,1
533_3FMH_A,1,2,1,1,1,2
55M_5CXH_A,2,2,1,1,1,1
56Z_3S1H_A,2,1,2,2,2,2
57L_5CTE_B,2,1,2,1,1,1
57U_5D6P_A,1,1,1,2,1,1
57W_5D7C_A,3,1,1,2,1,1
5AS_1RZY_A,1,1,3,3,2,1
5EL_2YIG_A,1,1,2,1,2,2
5JG_5E1E_A,1,1,1,1,1,1
5LI_3SW8_P,1,1,2,1,2,2
5NY_5EGM_A,1,1,2,1,3,2
5PP_4BNG_A,1,2,1,1,1,1
5QC_2FZZ_A,1,1,3,2,1,3
5RD_5EKH_A,2,3,3,1,1,2
5SP_3OVR_A,1,1,2,1,2,3
5TE_5F0C_A,1,1,1,2,1,1
5U8_5F3C_A,1,2,3,3,2,3
5VO_5F6R_A,1,1,1,2,1,1
61E_3BIZ_A,1,1,1,2,1,3
642_3EWJ_B,2,1,2,1,2,1
6C6_4KXL_A,3,2,1,1,1,3
6T9_4J0T_A,1,1,1,1,2,1
706_3EFL_A,1,1,1,1,1,2
711_1QBO_A,2,2,2,2,2,3
715_1X70_A,1,1,2,1,2,3
76E_5APK_A,1,2,2,1,2,3
798_3FUN_A,2,2,2,1,2,1
7I1_4B11_A,2,1,1,2,2,2
7WH_5A7O_A,1,2,1,2,1,2
7X6_2VWZ_A,2,2,2,2,1,2
812_3FUI_A,2,2,1,1,2,1
840_3I8P_A,1,1,1,1,1,2
849_2Y1W_A,3,1,3,1,3,1
879_3L38_A,1,1,2,1,1,2
87T_5AJY_A,1,1,1,1,1,2
88R_4AJJ_B,2,1,1,1,1,1
8ME_4GV0_A,1,1,1,1,1,1
8V1_5AK0_A,1,1,1,1,1,2
987_4Y7A_A,1,2,2,1,2,2
9AM_1F8D_A,1,1,1,2,1,1
9BD_3H9O_A,1,1,1,1,3,1
A12_4MAM_A,1,1,3,3,3,3
A1O_4LA7_A,1,2,1,2,2,1
A2P_1O0O_A,1,3,3,1,1,3
A3P_2ZPT_X,3,1,1,3,1,3
A3S_4RR9_A,1,3,1,1,2,1
A3T_4RRM_A,1,3,1,1,2,1
A3V_4RSC_A,2,1,1,1,1,1
A8V_4ZHK_A,2,1,1,1,1,1
AA0_4AA0_A,3,1,1,2,2,2
ABQ_3RWP_A,2,1,1,1,2,3
ADI_1JX4_A,1,1,3,3,3,3
ADP_2CNQ_A,1,1,3,3,3,3
AM2_2OE5_B,1,1,1,1,1,1
AN2_3IED_A,1,1,3,3,3,3
AOR_3KZN_A,1,1,1,1,1,1
API_4WCK_A,1,1,1,1,2,2
ARL_1NQ7_A,1,2,1,1,1,2
AU1_4BRC_A,1,1,3,3,3,3
AU5_5AP0_A,1,1,2,2,2,3
AWF_4CCU_A,2,2,1,2,3,1
AXI_4AG8_A,1,2,1,2,1,1
AYX_3N2P_A,1,1,1,1,2,2
B08_2E99_A,2,2,2,1,3,3
B28_2E9A_A,2,2,2,1,3,3
B2Z_5AE1_A,1,1,1,1,1,2
BAU_3P0F_A,2,2,1,2,1,1
BAV_3DV5_A,1,1,3,3,2,3
BCN_4HPJ_B,3,3,3,2,1,1
BI1_2BIK_B,2,2,2,1,1,3
BI5_1ZYJ_A,2,1,2,1,2,1
BJG_4D1S_A,2,2,2,2,2,1
BNE_1MZC_B,1,1,1,2,1,2
BPG_1QHI_A,2,2,1,2,1,1
BSM_3OWB_A,2,2,2,1,1,2
BZ9_3DA6_A,2,2,1,2,2,2
C02_1KTT_B,2,2,1,2,2,2
C3D_2OUZ_A,2,2,1,2,1,3
C73_3PA5_A,1,1,1,1,1,1
CA0_3VER_A,1,3,1,3,3,1
CBC_2ABJ_A,1,1,2,2,1,1
CBO_2BEL_A,2,1,1,1,1,1
CCK_3AT4_A,3,3,2,2,1,1
CDP_4C81_A,1,1,3,3,3,3
CDT_1UF5_A,1,1,1,1,1,2
CEK_3LMP_A,2,1,1,1,2,2
CF4_2VKG_A,2,1,1,1,1,1
CIR_4JQO_A,1,1,1,1,2,1
CMF_2BRK_A,2,2,1,2,2,2
CQ8_4ZZN_A,1,1,2,1,1,1
D2F_3NXV_A,2,1,2,1,1,1
D2R_3TD8_A,2,2,2,1,1,1
D7E_5A86_A,1,1,2,2,2,3
D7S_3UP0_A,1,1,1,1,1,1
D8I_4FPJ_A,2,3,3,1,2,1
D90_3Q3K_A,1,1,1,1,2,2
D9H_3MMF_A,2,2,2,1,2,1
DAN_2VK6_A,1,1,1,2,1,1
DAT_3IIM_A,1,1,3,3,3,3
DF9_3DF9_A,1,3,2,2,2,2
DG2_2XJF_A,1,2,2,1,3,3
DGI_3H2Y_A,1,1,3,3,3,3
DIW_3T0X_A,2,1,2,1,1,1
DKI_4AAA_A,2,1,2,1,2,2
DN3_4DE2_A,1,2,1,2,3,3
DOI_2GCQ_A,3,1,1,2,3,3
DP8_5AEN_A,2,1,1,1,1,3
DTB_3RDQ_A,1,1,1,1,1,1
DU4_3T70_A,1,3,3,3,1,1
DUD_2HR6_A,1,3,1,3,3,3
DUN_4DKB_A,1,3,1,3,3,3
E20_4EY7_A,1,1,3,2,1,1
E23_4YSX_B,2,2,1,1,1,1
EAM_5DFC_A,2,1,1,1,2,1
EBP_1QW7_A,2,3,3,3,1,1
EFQ_3IGG_A,1,1,1,2,3,2
EFU_4EFU_A,1,2,2,2,2,2
EK5_4FV2_A,2,1,2,2,2,2
FBP_4IP7_A,1,1,1,1,3,3
FDP_2QVU_A,1,1,1,1,3,3
FI4_3FI4_A,2,1,1,1,1,2
FKL_3FKL_A,2,2,2,1,1,1
FOO_2J9Y_B,2,2,1,2,3,2
FU5_3R4N_A,1,1,2,1,1,1
FU9_3R0T_A,2,2,2,1,2,3
FUA_1Q23_A,2,1,2,1,1,1
G01_3GIQ_A,1,1,1,1,1,3
G73_4I2P_A,2,2,2,2,2,2
GAR_4ZZ1_A,1,1,1,1,3,2
GDP_4QL3_A,1,1,3,3,3,3
GDV_2J47_A,2,1,1,1,1,1
GET_3TD1_B,1,1,1,1,1,3
GGB_4Y4G_A,1,1,1,3,2,3
GMF_4B0Q_A,1,2,1,1,2,2
GNH_3W6N_A,1,1,3,3,3,3
GP2_3EXM_A,1,3,1,3,3,3
GS6_2J34_A,1,2,1,1,2,2
GSK_2CJI_A,1,2,2,1,2,2
GU7_1FXU_A,2,1,3,3,1,1
H1L_4G2R_A,1,2,2,2,2,3
H6P_3SZU_A,1,3,1,3,3,1
H90_3U17_A,2,2,2,2,2,2
HD2_5ALU_A,1,2,1,1,2,1
HL6_3QP1_A,1,1,1,1,1,1
HM5_2NQ7_A,1,1,1,1,1,1
HNR_4ARW_A,2,2,2,2,1,1
HTD_3AHG_A,1,1,1,3,3,3
HY0_3W0O_A,1,1,1,1,3,1
I31_4J7D_A,2,1,1,1,1,1
I3S_2P0H_A,1,3,1,1,3,3
I45_3HLL_A,1,1,3,2,2,1
I4I_4BGI_A,1,1,1,2,2,1
IAV_1K7F_A,1,2,1,1,1,1
IDQ_5AWD_A,2,2,1,1,2,1
IMO_1P9B_A,3,1,1,2,3,3
IPE_4NKE_A,1,3,1,3,1,3
ITA_2NVC_A,2,1,2,1,2,2
IX6_3HKW_A,1,2,2,1,1,1
J74_3M2N_A,2,1,1,1,2,2
JBI_3TTJ_A,2,3,2,2,1,2
JDR_3M5E_A,1,2,1,1,1,2
JI1_3B3M_A,3,1,1,3,1,1
JPC_1YVZ_A,1,1,2,2,2,1
K0I_4ASK_A,2,2,2,1,1,1
KAN_1M4I_A,1,1,1,1,1,1
KJ2_2BRE_A,2,2,2,1,1,1
KNC_1V0C_A,1,1,1,1,1,1
KQS_5ADZ_A,1,2,1,2,1,2
L0B_4AFH_A,1,1,1,1,2,1
L20_2JDS_A,2,1,1,1,2,2
L39_4F4B_A,1,1,1,1,1,1
L3A_3S2J_A,3,3,1,1,1,1
LBS_4FFG_A,1,1,1,1,1,1
LEC_3LM1_A,2,1,1,1,1,2
LGK_3KQC_A,1,3,1,1,1,1
LGM_3KQE_A,1,3,1,1,2,3
LGW_3NW6_A,1,2,2,2,1,3
LIA_2FVD_A,2,1,1,1,2,1
LOC_4O2B_B,1,2,1,2,1,1
LRG_4L96_A,2,2,1,2,2,2
LWW_4LWW_A,2,2,1,2,2,2
LXP_1Q6Q_A,1,1,1,1,3,1
LY7_3KGC_A,2,3,1,1,2,1
LZ8_2VTO_A,1,1,1,1,1,2
LZ9_2VTP_A,1,1,1,1,1,2
LZA_2VTQ_A,1,1,1,1,1,2
LZD_2VTT_A,1,1,1,1,1,2
LZE_2VU3_A,1,1,1,1,1,2
M0A_5AWB_A,2,2,1,1,1,2
M3L_4YHY_B,1,1,1,1,2,3
MB4_4KUY_A,1,3,1,2,1,1
MB6_4KUV_A,3,1,2,1,2,1
MCZ_3B0T_A,1,1,1,1,1,1
MEJ_4GV4_A,1,1,1,1,1,1
MG0_4MRO_A,2,2,2,1,1,1
MGV_2V8Y_A,3,2,2,1,1,3
MHA_4BVN_A,3,3,3,2,2,2
MLY_2RHU_A,1,1,1,1,2,3
MLZ_2RHY_A,1,1,1,1,2,3
MNI_2OYM_A,1,2,1,1,2,1
MOA_1MEH_A,1,2,1,1,2,1
MVP_4U31_A,1,1,1,1,3,1
N32_4JV3_A,1,1,1,1,1,2
N76_1OIU_A,2,1,1,2,1,2
N7O_3N7O_A,1,1,1,2,3,1
N85_3ZCV_A,2,1,2,1,2,1
NLC_2YY1_A,1,1,1,1,1,1
NLG_3ZZH_A,1,1,1,1,1,1
NMH_1P1R_A,1,1,1,1,1,1
NN3_2GIR_A,1,2,1,1,2,1
NPM_4JIY_A,2,2,3,3,2,2
NTA_1GVC_A,1,1,1,2,2,2
NVZ_3VGW_A,1,1,1,1,2,1
NXP_2YCS_A,1,1,2,1,3,3
O8A_3O8A_A,3,2,2,1,1,1
O8B_3Q3S_A,1,1,2,1,3,1
OA2_2W6N_A,2,2,2,1,2,2
OCA_3WL8_A,1,1,1,1,1,1
OEF_2J4A_A,2,1,2,1,2,1
OMK_3OMK_A,3,1,1,3,1,1
OZR_3OZR_A,1,1,1,1,3,2
P09_3SGT_B,1,1,1,1,1,2
P0A_3R5A_A,1,1,1,1,2,1
P37_3GFE_A,1,1,3,2,1,1
P66_3ITZ_A,2,1,3,2,1,1
P8D_3K5X_A,1,3,1,1,3,1
PA5_1TZC_A,1,1,1,1,1,3
PF6_3HQY_A,2,1,1,1,2,2
PIL_1XON_A,2,1,1,2,1,2
PT6_4CV2_A,2,2,1,2,1,1
PU4_1UY7_A,2,2,2,1,1,2
PYW_4BII_A,1,1,1,2,2,1
Q21_4IXH_A,1,1,2,2,2,1
Q26_3SRU_X,1,2,1,1,1,2
Q67_4ZQO_A,1,1,2,1,1,1
QLE_4B7S_A,1,1,1,1,3,1
QWS_4M15_A,3,1,1,2,1,2
QZK_4QKZ_A,2,2,2,1,3,3
R11_1G32_B,2,1,2,2,2,2
R82_4AA7_A,1,2,1,1,1,1
RES_4P6P_A,1,1,1,2,3,1
RGP_2J5V_A,1,1,1,1,3,2
RIO_3C3Z_A,1,1,1,1,1,1
RIV_2W26_A,1,1,1,1,1,2
RJP_3N86_A,1,1,1,1,1,2
RS3_4G6I_A,2,1,1,1,1,1
S2I_5A1L_A,2,2,2,1,1,1
S4M_4BP3_A,1,1,3,1,1,1
S5D_4CTY_A,2,1,1,1,1,1
S94_4X6Y_A,2,1,1,2,2,2
SAG_2V5Z_A,2,1,2,2,3,2
SFJ_5F9T_A,1,1,1,1,1,2
SHX_4IKU_A,1,1,2,1,2,2
SIS_4F8U_A,1,1,1,1,3,1
SJJ_4AFJ_A,2,1,1,2,2,2
SLB_2XWV_A,1,1,1,2,1,1
SLM_2XWO_A,1,1,1,2,1,1
SNH_2D41_A,1,2,2,1,1,1
SP6_2OW9_A,2,1,2,1,2,2
STJ_3K5V_A,2,2,2,2,1,2
SU0_3ML2_A,1,1,2,1,2,2
SW4_4B5D_A,2,2,1,1,1,1
SYY_3OXI_A,1,1,1,2,2,1
T05_4HLC_A,2,2,1,3,2,1
T6E_4AT4_A,1,1,1,1,1,3
T6Q_4BCO_A,2,2,2,1,2,2
T75_3ZSG_A,1,2,1,2,2,1
TAE_2XX3_A,1,2,1,3,3,3
TBQ_5EAC_A,1,2,1,1,1,2
THP_4EQP_A,3,1,1,3,1,3
TK1_3H1V_X,2,1,2,1,2,2
TL2_1Y5A_T,1,2,1,2,2,2
TL3_1Y5B_T,1,1,2,2,2,2
TMQ_2X9V_A,2,1,2,1,1,2
TOL_1ZUA_X,3,2,1,1,1,2
TOY_4XJE_A,1,1,1,1,1,1
TPS_5DD7_A,2,2,2,1,1,3
TT2_2ZMI_A,1,1,1,1,1,1
TVU_4UIU_A,2,1,1,1,1,1
TYD_4LXQ_A,1,1,3,3,3,3
UBA_2F34_A,2,2,2,1,2,2
UBC_2F35_A,2,2,2,1,2,2
UBF_2QS2_A,2,2,2,1,2,2
UC5_2HRM_A,1,3,1,3,3,3
UCD_2AHG_A,1,1,1,1,1,2
UDP_3H4T_A,1,3,1,3,3,3
UGX_4BZN_A,1,1,1,1,2,1
V14_4Q09_A,2,1,2,2,1,1
V68_4JBV_A,1,2,1,2,1,1
VDO_4F97_A,3,3,1,1,3,1
VDY_3A51_A,1,1,1,1,1,1
VDZ_1RJK_A,1,1,1,1,1,1
VGK_2WQO_A,2,1,1,1,2,2
VMY_4BQP_A,2,2,2,2,2,2
W74_3W74_A,2,1,2,2,2,1
W7K_3W7K_A,2,1,1,2,2,2
W85_3W85_A,1,2,2,2,2,1
W94_3VJL_A,3,3,3,2,3,2
WAN_3BJC_A,1,2,2,1,1,1
WFE_3MVH_A,1,1,1,1,1,2
WH6_2R9X_A,1,1,1,2,1,2
WHU_2YNG_A,2,1,2,1,1,2
WPE_2WPE_A,1,1,1,1,1,2
WRA_3RG9_A,1,1,1,1,3,1
WSH_2YEL_A,1,1,1,1,2,2
WTJ_2WTJ_A,1,1,1,1,1,3
WWV_3N3J_A,1,1,1,1,2,2
X15_2X15_A,2,1,1,1,3,3
X16_4HWP_A,2,2,1,1,2,1
X43_3QTX_A,2,1,2,2,2,2
X44_3QTU_A,2,1,2,2,2,2
X64_4GCJ_A,2,2,1,1,2,2
X6B_3R9D_A,2,2,1,1,1,2
X6C_4BKS_C,2,2,1,2,1,2
X89_3OZU_A,1,1,1,2,2,2
X96_3R7U_A,1,1,2,1,2,2
X9I_3R7I_A,1,1,2,1,2,2
XFJ_3N5W_A,2,2,1,1,1,1
XFK_3N5X_A,2,2,1,1,1,2
XFN_4D3J_A,2,2,1,1,1,1
XI2_3FMM_A,2,1,1,1,1,1
XPY_4Y73_A,1,2,1,1,1,1
XR1_4EQC_A,2,2,2,2,2,1
Y06_4DHQ_A,2,1,1,1,1,3
Y22_4P8C_A,1,1,2,2,3,3
YD3_5A83_A,1,2,1,1,1,1
YDJ_4W9W_A,1,1,1,1,1,1
YGP_3WB2_A,1,1,3,3,3,2
YIQ_2YIQ_A,2,1,1,2,3,3
YKB_2YKB_A,1,1,1,1,1,1
YM8_2YM8_A,2,2,2,2,1,3
YUK_3WQ9_A,1,3,2,1,1,1
YYY_3EVM_A,1,1,3,3,3,3
Z04_3R7Y_A,1,1,1,2,1,2
Z14_3R83_A,1,1,1,1,2,2
Z67_3R9H_A,2,1,2,1,1,2
Z71_3R9O_A,2,1,2,1,1,2
Z79_3LK8_A,2,2,1,2,1,2
ZH2_3PS1_A,2,1,1,1,2,1
ZOO_3OOZ_A,2,2,2,1,2,1
