003_2JFZ_A,2,2,1,2,1
018_3H7W_A,1,2,1,2,3
020_3H82_A,1,2,1,2,3
03K_4EK5_A,1,2,1,2,3
03Z_3RAK_A,2,2,1,2,2
053_3SKA_A,2,2,2,2,3
054_3SKE_A,2,2,3,2,3
07N_3TTZ_A,1,1,2,2,2
082_3TY0_A,2,2,3,1,2
087_3U2K_A,1,1,2,2,2
08B_3U2D_A,1,1,2,1,2
08Z_3RK7_A,2,2,1,2,2
09H_3U9N_A,2,1,1,1,1
0BX_3UNJ_A,2,2,2,2,2
0BY_3UNK_A,2,2,2,1,2
0CN_3UV7_A,3,1,3,3,3
0G2_3V8W_A,2,1,1,1,1
0J7_4DDS_A,1,2,1,2,3
0JJ_4DEG_A,2,1,1,1,2
0LM_4DKO_A,1,1,1,1,1
0NL_4E4N_A,1,3,1,1,1
0OF_4E91_A,3,2,1,2,3
0RY_4F1L_A,1,1,2,2,2
0S2_4EO6_A,1,1,2,1,2
0S3_4EO8_A,1,2,1,2,1
0UP_4FM7_A,3,2,2,2,2
0UQ_4FM8_A,3,2,2,2,2
0V0_4UMU_A,1,2,1,1,2
0V7_4FPH_A,3,3,2,1,1
0V8_4FPY_A,3,3,2,1,1
0VM_4G16_A,2,2,1,2,1
0WH_4G31_A,2,1,1,2,3
0XF_4GFG_A,1,1,2,2,1
0YR_4H19_A,1,2,1,1,1
11C_3PWS_A,1,1,1,2,1
11Y_4IBE_A,1,1,2,2,2
133_1GJ8_B,1,1,1,2,1
164_4MYS_A,2,1,1,1,1
16G_1NE7_A,1,1,1,1,3
16T_4HLD_A,2,2,3,1,1
1AL_4PXD_A,1,1,1,1,1
1AO_4HYI_A,2,1,1,3,1
1B9_4I0G_A,3,1,1,1,2
1BS_4I10_A,1,3,1,1,2
1BW_4HZM_A,1,1,1,1,1
1BY_2I19_A,2,1,1,3,3
1CH_4I11_A,1,1,1,3,2
1DE_4IBK_A,1,2,1,1,2
1GE_4ISH_H,2,1,1,2,2
1GT_4IVY_A,2,2,1,1,1
1GU_4IW6_A,1,2,1,1,1
1H5_4J0Z_A,1,1,1,1,1
1HG_4J1K_A,1,1,1,1,1
1HJ_4J1H_A,1,1,1,1,1
1HQ_4J17_A,1,1,1,1,1
1J2_4IZY_A,3,2,1,1,1
1MB_4JJU_A,2,2,1,2,1
1MV_4LPG_F,1,1,1,3,3
1N6_4JX7_A,2,2,2,1,3
1QT_4K8S_A,1,1,3,3,2
1R6_4KE1_A,1,1,3,3,2
1R8_4KE0_A,1,3,1,3,2
1RC_3K98_A,2,1,2,1,1
1U2_4FUH_A,1,1,1,1,2
1UP_4FU7_A,2,1,1,2,2
1VV_4L7B_B,1,2,2,1,1
1VX_4L7D_A,1,2,2,1,1
20N_4LVB_A,1,1,1,1,1
20Z_3RMF_A,2,1,2,2,2
212_5DZ2_A,1,1,3,3,1
21X_4MCC_A,2,2,1,1,2
227_2O8H_A,1,1,2,1,1
239_4FUC_A,2,1,1,2,2
23C_2R9W_A,1,1,2,2,2
246_2QPM_A,1,1,2,1,2
24P_3FH5_A,2,2,2,1,1
25Z_3RPR_A,1,2,2,2,3
26K_4MBI_A,2,1,1,1,3
26Z_3RPV_A,2,2,1,2,2
292_1VYW_A,1,1,2,1,3
2D7_2BYH_A,1,1,1,2,2
2DL_2XDL_A,1,2,1,2,2
2E5_4MUY_A,1,3,2,3,3
2E6_4MV0_A,1,3,1,3,3
2E7_4MV5_A,1,2,3,3,3
2HX_4N70_A,1,1,1,1,2
2IC_2ICA_A,3,3,2,1,2
2JJ_4NF5_B,1,1,1,3,2
2KU_2YEH_A,1,1,1,1,1
2M8_3ZX5_A,1,1,1,2,1
2Q2_4O8M_A,1,1,1,1,1
2RJ_4O7B_A,2,2,2,3,1
2SC_2R3O_A,2,1,2,2,2
2SQ_4OJR_A,2,1,1,2,1
2UX_4OP2_A,2,2,2,1,1
2VQ_4MO8_A,1,2,1,2,2
2W1_4PHW_A,1,2,2,1,2
2W8_4PR4_A,2,2,1,1,2
2W9_4PRR_A,1,2,1,1,2
2WB_4PRT_A,1,1,2,1,2
2WC_4CFU_A,1,1,1,1,2
2YK_4PY1_A,1,1,3,1,2
2YY_4Q8W_A,2,1,1,2,2
330_2IO6_A,2,2,1,1,1
333_2ORR_A,2,1,2,1,3
33H_4TLR_A,1,2,1,1,1
342_2ORT_A,2,2,3,2,3
34O_3F7Z_A,1,2,2,1,1
35F_3E7O_A,1,1,1,1,2
370_4CAF_A,1,2,2,2,2
381_4MS1_A,3,3,1,1,1
3CZ_3CZR_A,2,2,2,2,1
3E1_3DJI_B,2,1,1,1,1
3FV_4UAL_A,2,1,1,3,2
3FX_3SFX_B,3,1,3,1,1
3G8_4W1W_A,1,2,1,1,1
3GG_4UAI_A,1,1,1,1,3
3GS_4W1V_A,1,1,1,1,1
3GZ_4W59_A,1,1,2,1,1
3JM_4R54_A,2,1,2,1,2
3K9_3WYM_A,3,1,1,3,3
3NF_3NFZ_A,2,1,1,1,1
3P1_3LDQ_A,2,1,2,3,1
3PW_4WKI_A,2,1,1,1,1
3Q3_3QCY_A,2,2,2,1,1
3Q4_3QD0_A,2,2,1,1,1
3R7_4WMX_A,1,2,2,2,2
3RF_4WNO_A,2,2,2,2,3
3RJ_4WNP_A,2,2,2,2,3
3RM_3RM4_A,3,1,1,2,2
3SB_3OXT_A,3,1,2,2,1
3U9_4CNH_A,2,2,2,1,1
3UL_4WUA_A,1,1,2,1,3
3W4_4A7B_B,1,1,2,1,1
3YX_4RX8_A,2,2,1,1,1
439_2Y80_A,1,2,1,2,3
43C_4XUA_A,2,2,1,2,2
43D_4XUB_A,2,2,1,2,2
46K_4FKS_A,2,3,2,1,1
477_3V8T_A,2,1,1,1,3
47W_4UMT_A,2,1,1,2,3
490_4XY2_A,2,1,2,1,1
49G_4Y2J_A,3,1,3,2,2
49K_4Y2H_A,1,2,3,3,1
4CT_3OZC_A,1,3,2,2,1
4DF_4YJO_A,2,1,2,1,1
4E7_4YMB_A,2,1,1,2,1
4HW_4YTC_A,2,2,2,2,2
4LC_4Z2B_A,1,2,2,1,1
4NY_4ZG6_A,2,2,2,2,2
4TN_2P1U_A,2,1,2,1,2
4VR_5BWU_A,2,1,2,1,1
4W6_5BWW_A,2,1,1,2,1
4Y5_5C4S_A,2,2,1,2,1
4Y6_5C4T_A,2,2,1,1,1
4Y7_5C4U_A,2,2,1,1,2
4ZJ_5CAQ_A,2,2,2,3,1
509_2H4K_A,1,2,2,1,2
50E_5CEP_A,2,2,3,3,3
50F_5CEQ_A,3,3,2,2,3
511_4DBW_A,2,1,2,1,2
55C_5CQG_A,2,2,1,1,2
55D_5CTW_A,1,1,1,1,1
565_2IIV_A,1,1,2,1,2
569_3INH_A,2,2,1,2,1
57Y_5D7R_A,1,1,2,2,1
589_3OY1_A,3,3,3,2,1
59E_5DFD_A,3,1,1,1,2
59T_5DEY_A,2,2,1,2,2
5BE_3NLB_A,2,2,1,1,3
5C3_4BV5_A,1,1,1,2,1
5CN_2I0Y_A,1,1,1,2,2
5H5_5DXT_A,2,3,2,2,3
5H7_5DWR_A,1,1,1,2,2
5HG_2G1A_A,1,2,1,1,3
5J9_5E13_A,3,2,1,2,3
5L8_5EAE_A,1,2,1,1,2
5MN_5EAM_A,1,1,1,2,2
5MO_5EAP_A,1,1,1,2,2
5N2_5ECE_A,1,2,2,2,1
5RM_1XM6_A,1,1,1,1,1
5T4_5EZG_A,1,1,2,1,2
5UM_3R17_B,1,1,1,2,2
5UN_3R16_A,1,1,1,2,2
5V2_4UIY_A,2,3,1,1,3
5XD_5FFY_A,2,2,1,1,2
5XF_5FG5_A,1,1,1,1,1
605_3D4L_A,1,1,2,2,2
62W_5HKO_A,1,1,1,1,1
646_2YND_A,2,2,2,2,2
656_1O2K_A,1,1,1,2,1
6CP_1H1R_A,1,2,1,1,2
6QM_2YI6_A,2,2,2,2,1
6X1_3KVK_A,1,1,1,1,2
6Z1_5A7P_A,1,1,2,2,2
73B_4BJX_A,1,2,2,2,2
775_5BWV_A,1,1,2,1,1
778_1S63_B,2,3,2,2,1
78J_5A81_A,1,2,1,1,1
7AH_4CGN_A,1,1,1,2,2
7DE_1Y2K_A,3,1,1,2,1
7HV_4FPL_A,2,3,3,1,1
7IG_2IKO_A,2,2,1,2,2
7IP_2OHQ_A,2,2,1,1,2
7NH_2FLR_H,1,1,2,2,1
7QN_5FQT_A,1,3,2,1,2
7X4_2VWX_A,2,2,2,2,2
7X5_2VWY_A,2,2,2,2,2
7X7_2VX0_A,2,2,2,2,2
7X8_2VX1_A,2,2,2,2,2
829_3KE1_A,1,1,3,1,2
841_5EZH_A,1,1,1,2,2
85Z_5AK2_A,2,2,2,2,2
88A_4AQC_A,2,2,1,2,2
930_2Y82_A,1,2,1,2,1
951_3KVM_A,3,3,1,2,2
9B6_4BW4_A,3,1,1,2,1
9F9_4UYE_A,1,1,1,1,1
A11_3E6L_A,1,2,2,1,1
A28_3LFQ_A,1,1,1,1,1
A2K_4APU_B,3,2,1,1,1
A3F_3MTF_A,1,2,1,1,2
ACJ_3NKS_A,1,1,2,2,3
AH0_4MO5_A,1,1,1,1,2
AIC_3NDV_A,1,1,2,1,2
AMZ_2CNQ_A,3,1,1,1,3
AN0_3KZO_A,1,1,1,1,1
AQ2_4AWI_A,2,1,2,1,3
AS0_2OVH_A,3,1,1,2,1
AT2_3E7M_A,1,2,2,1,1
AT6_3E68_A,1,1,2,1,1
AVD_3CEM_A,1,2,3,2,2
AXB_3DPE_A,2,2,1,2,3
AZ5_2XA4_A,2,1,2,1,2
B29_2E98_A,1,2,1,3,3
B2D_3I5N_A,1,2,1,2,2
B37_3TVU_A,1,2,2,2,2
B90_3KF4_A,2,2,2,2,3
BBE_4B5B_A,2,2,2,2,2
BC2_2VWC_A,1,1,1,1,1
BD0_3HEK_A,1,2,1,2,3
BI2_1UU7_A,2,2,2,1,1
BI3_1UU9_A,2,2,2,1,1
BMI_2OJ9_A,2,1,1,2,3
BMU_3O8T_A,1,1,1,1,1
BPQ_3BLL_A,2,1,1,1,1
BRN_3HIG_A,3,3,2,2,2
BSO_3WYP_B,1,1,1,1,1
BTI_3TW6_B,1,1,1,1,1
BTM_3KB9_A,2,3,3,3,3
BTN_2F01_A,1,1,1,1,1
BTU_3UEQ_A,1,1,1,1,1
BYA_3FGD_A,1,1,2,1,1
BZS_4DUK_A,1,2,1,1,1
C0P_2XHR_A,1,1,1,2,3
C27_2VA7_A,2,1,2,1,2
C2R_2NSL_A,3,1,1,3,2
C2T_4BHG_A,1,3,1,1,3
CCT_2D3U_A,1,2,1,2,1
CEB_6PRC_L,1,2,1,1,1
CF1_3HP9_A,1,1,2,2,3
CIO_1XLX_A,1,2,1,2,1
CLR_1LRI_A,1,1,1,1,1
COC_2AJV_L,1,1,2,1,1
CQ0_3S3I_A,1,2,1,1,1
CXA_4IAV_A,2,1,1,1,2
CXS_2VXV_H,3,1,3,1,1
D2H_3NXY_A,2,2,1,1,1
D54_3QPE_B,1,1,1,2,2
D5X_4L4Z_A,1,1,1,3,2
D72_3NTG_A,2,1,1,2,1
DA7_1DL8_A,1,1,1,1,3
DBS_3CBC_A,2,1,1,1,1
DD2_3BL9_A,1,1,1,3,2
DEG_1TR7_A,1,1,1,1,1
DEZ_2BET_A,1,1,1,1,3
DFW_2BRH_A,2,2,1,1,2
DGU_3QPE_A,1,1,1,2,1
DK2_2PU2_A,1,2,1,2,2
DK5_3L7D_A,1,3,1,2,1
DLY_2ATS_A,1,1,1,2,1
DLZ_4DJA_A,2,1,1,1,1
DMA_4GP1_A,1,3,1,3,3
DN6_4DDY_A,1,1,2,3,3
DQX_3KRR_A,1,2,2,3,3
DT5_2C6M_A,2,2,2,2,2
DXG_1ECQ_A,1,1,1,1,1
DYH_3GBA_A,2,1,1,3,2
DZL_4C7K_A,1,2,1,2,1
E49_3S9T_A,2,2,2,1,1
EA2_2I6K_A,3,3,1,3,1
EKB_3JVX_A,2,2,1,1,2
EMF_2QZZ_A,2,2,1,1,1
ENM_2PNU_A,1,1,1,1,2
ESH_2CF8_H,1,1,2,2,2
EVP_5CDP_H,1,1,2,1,1
F98_3AUA_A,1,2,1,2,3
FEF_2VZ6_A,3,1,1,1,1
FG2_3IUB_A,1,2,1,1,2
FIH_2D3Z_A,1,2,2,1,2
FIP_1FUY_A,2,1,1,1,3
FJ2_4LWE_A,2,2,1,1,2
FLC_3M1X_A,1,2,1,1,1
FO1_4CDN_A,2,1,1,1,1
FOM_4OOE_A,1,2,1,2,3
FUD_3VNK_A,1,2,1,2,1
FUN_2XN5_A,1,1,2,2,1
G3R_4CWS_A,2,2,2,1,1
G3X_3I6M_A,3,1,1,1,1
G6A_3E92_A,2,1,2,1,1
G9I_3KI7_A,2,1,1,2,3
G9M_3KI5_A,2,1,3,1,3
GA2_4DA6_A,2,1,1,1,1
GAE_3HPF_A,1,1,1,1,1
GB1_2F18_A,3,3,1,1,1
GB7_3DDG_A,3,3,1,1,1
GDM_3C11_A,1,1,1,1,3
GKK_3HQ5_A,2,1,1,2,1
GLR_1JDF_A,1,1,1,1,2
GN1_4RGG_A,1,3,1,1,1
GQD_5FQP_A,1,3,2,1,2
H5S_3H5S_A,2,1,2,2,2
HB2_4R6A_A,2,1,1,1,1
HBT_3HMV_A,1,1,1,1,2
HC2_1ZHW_A,1,1,1,1,1
HC3_1ZHX_A,1,1,1,1,1
HC9_3N9Z_A,1,1,1,1,1
HCR_1ZHT_A,1,1,1,1,1
HDL_3HK8_A,1,1,2,1,1
HFT_4OHA_A,1,1,1,2,2
HH2_2DZB_A,1,1,3,3,3
HIE_4NH7_A,2,1,1,3,1
HM2_2G6P_A,1,1,1,2,2
HPK_2PUH_A,1,1,2,2,1
HT1_403D_A,1,1,2,2,1
HTC_1XGJ_A,1,2,1,2,2
I38_2QDT_A,1,1,1,1,1
I47_3HL7_A,2,2,2,2,2
I76_3V51_A,2,1,1,2,3
I85_3SHE_A,1,1,1,2,3
IAG_1K8Z_A,1,2,1,1,2
ICR_2FWP_A,1,1,1,3,2
ICT_4AJA_A,1,1,1,1,1
IGP_3T44_A,1,2,1,1,3
IJ4_4FQ4_A,3,2,3,1,1
IM6_3VW6_A,1,1,2,3,1
IMJ_3OIG_A,2,2,2,2,2
IMN_4JQ4_A,2,1,2,1,2
ING_1UF8_A,1,2,1,1,1
IPL_1QOP_A,2,1,1,1,3
IR5_4IR5_A,1,2,1,2,2
IR6_4IR6_A,1,2,1,2,1
IXH_3BEA_A,2,2,3,2,1
IYP_4MU4_A,1,1,1,1,3
IYZ_2C3I_B,1,2,1,1,2
IZZ_3F2N_A,2,1,1,1,1
J0W_5FQS_A,2,3,2,1,2
J43_3MHO_A,2,2,1,1,2
J90_3MHI_A,2,1,1,2,2
JDB_4JDB_A,2,1,2,2,2
JDM_4JD4_A,2,1,2,2,2
JI2_3B3N_A,1,1,3,3,1
JKF_3TIK_A,2,2,2,1,2
JKK_4XHX_A,3,3,2,1,1
JPJ_2OOS_A,1,2,1,1,2
JQ1_3S92_A,1,2,1,1,1
JR9_4R3M_A,2,2,1,2,2
JWT_4B4M_A,2,2,2,2,2
JXM_4UWH_A,1,1,1,1,2
K23_3LBK_A,2,2,2,2,2
K2B_2X5W_A,1,1,1,1,1
KDG_3P93_C,1,1,1,1,2
KGG_4B78_A,2,2,1,2,2
KR1_3LAK_A,1,2,2,2,2
KRH_4B1F_A,2,2,2,2,1
KRW_3ZXZ_A,2,2,2,2,1
KXB_3SWW_A,2,2,2,1,1
L5G_3CD8_A,1,2,1,2,2
L9G_3KF7_A,2,1,2,2,2
LF0_4ID1_A,2,1,2,1,1
LF2_4GVM_A,2,1,2,1,1
LID_2GTM_A,2,2,2,1,2
LL3_3Q0U_A,2,3,1,2,3
LL5_3Q0W_A,3,2,2,3,1
LLG_3BC4_A,1,2,1,1,1
LLH_2PP1_A,1,1,2,1,1
LMM_4C61_A,2,1,1,2,2
LS2_1KE6_A,2,3,2,1,2
LS4_1KE8_A,2,3,2,2,2
LS5_4FKP_A,2,3,2,2,3
LSJ_4LSJ_A,2,1,1,2,1
LX1_1XBZ_A,1,1,1,3,1
LYN_3A74_A,1,1,1,2,1
LZ0_2VUD_B,1,1,2,2,2
LZ7_2VTN_A,1,1,1,1,1
M13_2P37_A,1,1,1,1,1
M25_2NMX_A,2,1,1,2,1
M87_4CAM_A,3,3,2,1,2
MC5_3B0Q_A,2,1,2,1,2
MEY_3OWD_A,2,1,2,3,1
MJP_5AJZ_A,1,1,1,1,2
MLO_3R5N_A,2,2,2,1,1
MPX_4ITO_A,2,2,2,3,2
MQY_3O23_A,1,2,2,2,1
MRK_3F9M_A,1,1,1,1,1
MS4_2WD3_A,1,2,2,2,3
N20_1OI9_A,2,1,1,2,1
N5A_2HCH_A,2,3,1,1,1
N5O_2HG1_A,2,3,1,1,1
N6P_4P5E_A,3,1,1,1,3
N7F_4A5S_A,2,2,2,2,2
NBB_3D73_A,2,2,1,1,1
NCD_4C6N_A,1,1,1,1,1
NCN_1L5O_A,3,1,1,3,2
NEA_2IH2_A,1,3,2,2,1
NFG_1UYQ_A,2,1,2,1,2
NKG_4QHO_A,2,2,1,1,2
NMN_3OCU_A,3,1,1,3,2
NNG_2P53_A,1,1,1,3,3
NXV_3QCL_A,1,2,2,2,1
NYA_2ZMH_A,1,1,1,3,1
NZA_2Q5S_A,2,2,2,1,1
NZO_5CA1_B,1,2,1,1,1
O09_3A7X_A,2,3,1,2,2
O15_3A80_A,2,3,1,2,2
O8G_3O8G_A,3,2,2,3,3
OAM_3Q2F_A,2,1,2,1,2
OFG_4CCB_A,2,2,2,1,3
OMP_2QCL_A,3,1,1,2,3
ONH_3S5W_A,1,1,1,2,1
ORB_3ZRA_A,1,1,1,2,2
ORC_3ZRB_B,1,1,2,2,2
OYS_3OYS_A,1,1,1,2,2
P1Z_2W98_A,1,1,1,1,1
P2H_4JZB_A,2,2,1,3,3
P36_3HP2_A,1,2,1,2,2
P3Y_2Z60_A,2,2,1,1,2
P48_2WIH_A,2,2,2,2,1
PA7_2GQP_A,2,3,1,1,1
PF1_2QCX_A,2,2,2,2,1
PF4_3HQW_A,2,2,1,2,2
PF8_3HQZ_A,2,1,1,2,2
PF9_3HR1_A,2,1,2,1,2
PFH_2OVV_A,1,2,2,1,1
PFJ_2OVY_A,1,2,2,1,1
PFK_3QPN_A,1,1,1,1,1
PFO_4TN6_A,3,2,2,3,2
PFQ_2BRB_A,2,2,1,1,1
PFU_3MI2_A,2,1,1,3,2
PMO_1JHQ_A,3,1,1,2,3
PNN_1GM7_B,1,1,1,2,2
PNX_3ARR_A,1,2,1,1,1
PQA_2BAL_A,1,2,3,2,2
PTQ_3OGV_A,2,2,1,2,1
PTR_4F5B_A,2,1,3,2,3
PU6_1UY9_A,2,2,2,1,1
Q17_4LM5_A,1,2,1,1,1
QC5_3ZME_A,3,1,2,1,3
QHG_5FQR_A,1,3,2,1,2
QLR_3QLR_A,1,3,1,1,2
QLZ_3QLZ_A,2,2,1,1,2
QQ3_2WRM_A,1,1,1,1,1
QYD_5ALP_A,2,1,1,3,2
RBF_4KUK_A,2,1,1,1,1
RDL_1NQU_A,1,2,1,1,1
RF1_3G1O_A,3,2,1,3,1
RF3_3G1M_A,3,2,1,2,3
RG2_4P8P_A,1,1,2,2,3
RGG_3GA5_A,1,1,1,1,1
ROD_3W2N_A,2,1,2,2,1
RVA_3RV6_A,3,2,1,2,2
RVC_3RV8_A,1,3,2,1,2
RVD_3RV9_A,1,3,2,1,2
RVP_1ME8_A,3,1,1,3,2
RYJ_3RYJ_B,2,1,1,2,1
S0A_3WK4_A,1,1,1,1,1
S19_3SRV_A,2,2,2,1,1
S5B_4AKN_A,2,1,2,2,1
S6I_3MZC_A,1,1,1,1,2
S7P_4R75_A,1,1,1,1,3
S8Z_4ACX_A,2,2,2,1,2
SB9_2AIE_P,1,1,1,2,2
SCX_2R3M_A,2,1,2,2,2
SCZ_2R3N_A,2,1,2,2,2
SF1_2Q61_A,2,2,1,2,1
SG6_3T84_A,1,1,1,1,3
SK4_3FRG_A,2,2,1,2,2
SKD_2JKB_A,1,1,2,1,1
SKE_4QMU_A,2,2,2,1,2
SMD_4AYP_A,2,2,1,1,1
STZ_2W4X_A,1,1,2,1,3
SX2_3CJ0_A,1,1,1,1,1
SX7_3DK7_A,2,2,1,2,2
T11_3D6U_A,2,1,1,1,2
T27_4KFB_A,2,2,2,2,2
TA7_3QSA_A,2,1,1,2,1
TBL_3EHY_A,2,2,1,1,2
TE7_3TE7_A,1,1,1,3,2
TFG_2VQQ_A,2,1,1,1,1
TFQ_3D6V_A,2,2,1,1,2
TGN_2AJX_L,1,3,3,1,1
TH2_2CBO_A,2,1,1,1,1
TK3_3VTC_A,1,1,1,1,1
TOP_4KM2_A,2,2,1,1,2
TQ2_4E1M_A,2,1,1,2,1
TQX_4E1N_A,2,1,1,2,1
TZN_4O3F_A,2,2,2,1,1
UIB_1YPJ_H,1,1,2,2,2
UIP_1YPE_H,1,1,2,2,2
UIR_1Y3V_A,1,1,2,2,2
UWA_4WG3_A,1,2,2,1,1
VAE_3RV6_A,3,2,1,2,2
VAM_2VI0_A,1,1,1,1,1
VD4_2O4J_A,1,1,1,1,1
VD5_2O4R_A,1,1,1,1,1
VQI_5FQV_A,1,3,2,1,2
VSE_3VS3_A,1,3,1,3,1
W61_3VJM_A,3,1,2,2,3
W76_3W76_A,1,2,2,2,2
W7A_3W71_A,2,1,2,2,2
W7C_3W7C_A,2,1,2,2,1
W7D_3W7D_A,1,2,2,2,1
W7F_3W7E_A,1,2,2,2,2
W7G_3W7G_A,2,1,2,2,1
W7L_3W7L_A,2,1,2,2,2
W7O_3W7O_A,1,2,2,2,2
W7P_3W7P_A,1,2,2,2,2
WA2_3T4O_A,1,1,1,1,1
WDU_4WDU_A,1,2,2,2,2
WLL_3WV3_A,1,2,2,2,2
WOW_3KBA_A,2,1,1,2,2
WRO_3W1T_A,1,2,2,2,3
WZB_2X7T_A,2,2,2,3,3
X02_3QQK_A,1,2,2,1,1
X07_3QQF_A,1,1,1,2,2
X40_3QU0_A,2,2,1,2,2
X42_3QTZ_A,2,2,1,2,2
X46_3QTS_A,1,2,2,2,2
X4B_3QX4_A,1,1,1,2,2
X62_3QWK_A,1,1,2,1,2
X6A_3QWJ_A,1,1,2,1,2
X72_3QZI_A,1,1,1,2,2
X73_3R1S_A,1,1,2,1,2
X75_3R1Q_A,1,1,2,1,2
X7G_4XG7_A,3,2,2,2,3
X9F_2X9F_A,2,2,2,1,2
XEB_5FJ2_A,1,2,2,2,3
XJ1_2XJ1_A,2,2,1,2,2
XQ9_5ALZ_A,1,1,1,1,2
XRO_3W1X_A,2,1,2,2,2
XRS_3ZDH_A,1,1,1,1,3
Y1Z_4NQN_A,1,2,1,1,1
Y46_3ZLK_A,2,2,2,2,2
YEJ_5A82_A,1,1,2,1,1
YI1_2Y2F_A,2,3,2,3,1
YM3_2YM3_A,1,2,1,1,1
YM7_2YM7_A,2,2,2,1,1
YNE_2YNE_A,1,2,2,2,2
YX1_2VUR_A,1,1,2,1,1
Z02_3R7V_A,1,1,1,2,2
Z12_3FUR_A,1,2,2,1,1
Z68_3R9N_A,1,2,2,1,2
Z99_3KS9_A,1,1,2,1,1
ZEN_1V2K_T,2,1,2,2,2
ZMA_4EIY_A,2,1,1,2,3
ZST_2FZ8_A,2,2,2,3,1
ZX6_2ZX6_A,1,1,1,2,1
