torsion_1 torsion_2
-1.2853677405594717 2.8056809680354022
-1.3038790987406688 2.7752569099879247
1.307053610559187 -2.7759518614222385
1.307053610559187 -2.7759518614222385
-1.3038790987406688 2.7752569099879247
-1.3038790987406688 2.7752569099879247
-1.3038790987406688 2.7752569099879247
1.2813341035659045 -2.8049804145750707
0.012485249508923648 -2.5898851933425964
-0.32616359943174394 -1.0211060427207703
0.030017051231340387 2.6336404525626347
0.07358200313575998 -2.3878821108208816
0.016001522684457245 1.0031529591589012
-0.0324167309763531 -2.7751897384269046
-0.1868895817541492 -0.6444115357258585
0.28755861674973743 0.9928893493726602
-0.061839746183679226 -2.655033640697167
0.07569215065748444 2.9206725416146995
-0.05168251986492168 -0.8456832753546871
-0.30023678193294684 -0.9394656414949412
0.32361037878877263 0.8673849752435309
-0.03441581974889018 -2.77655402020563
-0.1888537926619992 0.4926258214940787
0.1612536685853256 0.8107169210522879
0.4045906009632261 1.0453403766784624
0.4062910781622606 0.9413377831493368
0.4062910781622606 -2.1665935615290786
-0.4048253813808935 -1.045643560875554
0.4066831877693353 0.9412060974075744
0.4066831877693353 -2.1667068697987832
-0.40978292696204177 -1.0468741426485246
0.41097909854267 -2.1666117604133617
0.41097909854267 0.9413232004575022
0.3663072167580889 -2.8238445993768493
0.04647088643611405 0.412637597178683
-0.7037876925788136 2.2239131111041748
-0.3374699752497409 -1.0191248141145273
-0.5068361217458655 2.8640630406127308
-0.035393254390670835 2.177543617002508
0.0747454458049884 -2.9690540980361906
0.3871326691827439 1.06993538381209
-0.29939799448422466 2.0336953235606767
-0.29939799448422466 -1.1171854915563793
0.05926293201898436 1.077280716089429
0.5931548770585751 1.8082258868641048
-0.5508468321269444 -0.9193477710581353
0.10623006755309744 -2.6076521920208657
0.02534750573235748 1.479139109909249
0.02534750573235748 -1.5325218736724746
0.0033888077412812137 2.4390105534014093
-0.4722168330306014 2.7221221408802903
-0.4722168330306014 -0.4979509916906814
-0.12770778892486132 -2.6349571602292623
-0.2965217006176483 2.368125141908232
0.4725246793609853 2.0296802354054817
0.033259079910318436 -2.3464797198422658
-0.33169505328904003 2.0247115842427035
-0.33169505328904003 -1.1228868783836614
0.05106942260564521 1.0825204093204397
-0.8504013969230466 -0.5322106548434072
-0.3448596057291843 2.9297778283207965
0.14135459718705393 0.8556228430271307
-0.33993213772144154 1.6418357288725738
0.3588545191688179 -2.6633298878179428
0.3588545191688179 0.5504312927205474
0.3128098654574916 0.8268644202958091
0.05954631790288072 -2.3824476900900144
0.03314937427756698 2.401536899468531
0.003251615249660971 2.6966087189626275
-0.12018749027180158 2.214688333684941
0.1589324476498518 1.4839520658040777
0.1589324476498518 -1.5548742708147123
0.05419971433026866 -2.4322058143537104
0.005086620310581473 -1.5094205731541237
0.005086620310581473 1.5147551296781625
0.22666650500131424 1.1100481214455125
0.2964281331311593 -2.615435911513868
0.2964281331311593 0.5906061093160245
0.2335097728745571 0.7307328850012211
0.02382992118798913 1.5910400416792427
-0.11554359827251358 -0.8377425250601448
0.23017822049299475 -2.4459928614413085
0.23017822049299475 0.7396745696431519
0.21835162695440646 0.7717259506824893
0.03959919771754511 2.718022708430748
0.055939675056315634 2.5096599679288576
-0.22267621566693252 1.6423231186813247
0.2028188230882906 0.5492800269091292
0.20915128858273432 -2.8204809210418778
0.07404658389741882 -1.184501604427467
0.07404658389741882 1.426333824101062
0.2103565262443732 -1.3260319924235422
0.2103565262443732 1.5076538676327602
0.04798376393412986 0.8982705092098799
-0.9821305320807044 2.7310289869022264
-0.9821305320807044 -0.4546975010240358
-0.4240546750916293 -0.24581876914549355
-0.4240546750916293 2.8516400501078314
-0.05716027298853335 -2.511477436094785
-0.38673917105236905 2.2415702969771902
-0.38673917105236905 -0.9265497097782832
0.07911237304646222 0.8243580806044226
-0.13638020375817042 2.6762892148669275
-0.20184628977458044 -0.6111791668696087
-0.05778595540733725 -0.8833057625413883
0.14255559028071155 2.7096156996506857
0.09821913435351713 -2.3139514530368617
0.33434681119052834 -2.7298962867348022
-0.09434357985827634 1.0519535317443314
-0.0940068027371612 1.052665603322465
-0.42761455082187216 -1.1694882082131721
-0.42761455082187216 1.9510269626689842
-0.3481706914180727 -1.0643960214860309
-0.4747919863685763 -0.6791998741870847
0.06405003350754097 2.609702131296844
0.06888558710155182 -0.7788188593147548
0.2700211919590412 1.1174705337731197
0.2700211919590412 -2.0906785500908454
-0.1876659926163581 -0.6869339105589262
0.31705020250604554 -2.865894067019773
0.10392503514673623 -1.1622091258059966
-0.3556000032665032 -0.9282103598946572
0.44718549288313975 0.7423498605625717
-0.2611524992198563 2.4494283473785403
0.04255156728135882 -2.3573096740881443
0.03923166498601801 -2.3583811954047618
0.055818440614860125 -2.357779364475012
-0.011899329217592096 2.3759175294692323
-0.0022337863282843227 2.3313305926294885
0.329468414847039 0.2815247720110547
0.26991598155325824 0.9725179101020076
0.12997583122572753 -2.28823153786343
0.09177976679220687 -2.3061385932506786
0.8509958387272979 0.5653832731907036
-0.8526681362104557 -0.5641442924937884
-0.8944597366761783 -0.4650018850730932
-0.8065926422685968 2.735334979452816
-0.8804105759602291 -0.4627309929628667
-0.8210475493227596 2.7415827313877648
-0.18709262621765085 -0.6433453788279635
0.16642440964130564 1.0167763425315477
0.16642440964130564 -2.170628152376636
-0.08552934014895491 -0.6322351534321945
-0.07843774559514226 -0.7151153352058559
-0.4788437558443386 -0.8797341777857574
0.0002427904324971669 2.3890422794518216
-0.0003045701649832201 2.394898033372625
0.5753840973725058 -2.9904568318955143
0.4499224004660521 0.1341987577080427
-0.81551042195466 -0.6011321475388777
0.03592711023726305 -0.9353614142608284
0.09213426586714 -2.343363803341993
0.8572304338080581 0.5497953520037181
-0.8166231306955573 2.7388375769804747
-0.8834319469224706 -0.4669332181293786
0.8846655672335595 0.4670318338026308
0.8156677609334725 -2.738496101931668
0.2423645161948165 1.1084375345581865
0.2423645161948165 -1.9901603345111245
-0.8040203480148781 -0.6039490067837722
0.4746996251822401 -2.8881397540891363
0.8057438626288036 0.6026717646930104
-0.05080531450947599 2.3268786616854
-0.36751617782052265 2.949028836572018
0.073608751473933 -2.2952501592473165
-0.07093533656915475 -1.0811951268519258
-0.04317961165011863 -1.0409729042896196
-0.08403346121102964 -1.087263435227563
0.05741992136692076 1.134632193226925
0.0733922131577519 1.1175995136169563
0.07091216943461312 1.1001568187785884
-0.020155933622515804 1.0514330463914392
0.13346591359806134 0.7963290674691447
-0.35340167644762593 -1.3076334751517211
0.26703963803943725 2.970334570374872
-0.3832135202680912 -1.0636307789335429
0.0466851093703813 0.3954498655464126
-0.009557237980763696 2.3106669945889746
-0.4242839507900915 -0.6072184650430226
0.06267713110630717 -2.239967552777748
-0.26830238012294144 1.5357873000533406
-0.3118037469818174 1.7707243723168349
0.14609117375461173 2.4453768672715857
-0.2621931242303442 -1.5091860413686289
-0.2621931242303442 1.5960084748682697
-0.29683907518742625 1.7913355993113385
0.1456303038549369 -2.495617065728709
0.1456303038549369 0.6935373083388747
0.27215001502895564 0.9327229688311623
0.20509526202836809 0.7695119125303302
0.026446126073191224 -2.3865867464846344
-0.01857839274711787 -2.0647387446691816
-0.593530947432214 -1.821626333997444
0.3511074246068298 1.307726546394096
0.34717186715193177 -2.1738465714339745
0.011261467430256194 2.06639303880672
0.026712876596384487 2.0740118224191018
-0.05468501387658778 -1.4693990520033555
-0.05468501387658778 1.6490834671135732
0.1556407186857231 -0.8249386271933999
0.1556407186857231 2.325289914433184
-0.3576316680248484 2.660836813676387
-0.3576316680248484 -0.5526727671466372
-0.02004012855031689 2.739618771606781
-0.13355208869387744 2.8909949389072485
0.15083685426417706 -2.124766477672282
-0.2097680253797854 -0.7598393287896402
-0.21913498847060514 2.272165427449747
-0.2397725757471886 -1.0920239958691906
-0.0634463754970513 0.8490268661842706
-0.0634463754970513 -2.300789599522207
-0.0416746389588736 1.6693119684485629
-0.0416746389588736 -1.6299592627717916
0.5928510833700067 -2.5669625517408283
0.5928510833700067 0.6061682435838968
0.7386503061565415 0.5948129264890429
0.7386503061565415 -2.5152415853658185
0.3096964363155135 -1.8433073977041352
-0.2637561749860419 1.7939801482858306
-0.28981311648000785 -0.9852053539395572
0.14547307998095774 2.4450255060851407
0.019668535606859924 2.064287161813671
0.25946989621377525 1.5087266702878843
0.25946989621377525 -1.5960709736065113
0.02709292859765725 -1.1001751326166866
-0.02746266695938782 -2.633908621917094
0.5935452621434575 1.8203720103829373
-0.2046700442281517 -0.7694030226340466
-0.04781156052439983 2.099924138463952
-0.04781156052439983 -0.9426146626551579
-0.009036707586036828 2.6706762617346484
-0.3077576332263477 1.8028983502810043
-0.29475762956453466 1.7865699970399749
-0.11313685662655935 2.4667027472101597
0.2117278151756468 -0.866411484499815
0.2117278151756468 2.2998858745301214
-0.05100002366189644 2.2683396380422156
-0.062018179780551776 2.241006777781069
0.0006088376151208169 -2.3626684241176643
-0.006979268895795226 -2.031810838508192
0.14778842708252146 -0.7498576308154098
0.14778842708252146 2.3910776020986697
-0.015384583136580603 -2.293707169939663
0.10850358980512632 2.6496308439914817
0.10738897115022797 2.6486595472680508
-0.10451573045082807 -2.6457950781606168
-0.3497412332998257 2.898789663287832
0.007876188480138172 2.4162751134472398
0.035744736652134214 1.150434785452226
0.0985667638555392 -2.3129762799433085
0.07123078596608473 -2.298636565601209
-0.10562695627456772 -2.642691407985524
0.1034878597145014 2.6403114722124292
-0.1052046496444665 -2.6417614487445182
-0.10187864745588364 2.3113881480865364
0.0538212205171004 2.302278615113316
0.0958659501833834 -2.3141914403118293
-0.09536340766084332 2.313169814143748
0.14158762396478136 -2.777111141476343
-0.04448196472103886 -1.0162500545288242
0.15328556442132935 2.3781141016208784
-0.006863524558590431 -2.4900339295057896
-0.17053304436221592 1.3550158742577252
-0.17053304436221592 -1.4978574747920883
-0.03845937068855297 2.174628591332373
-0.041046271159949035 0.6210782970760739
0.18005148219965855 -2.7990427527500867
-0.4023666232923998 -0.9271214378669028
-0.4023666232923998 2.3302311157374063
-0.2774244403410082 2.0447445042974026
-0.2774244403410082 -0.9810882492778747
-0.3585801487815265 1.6678211705866264
-0.3585801487815265 -1.4371107291036271
-0.356058271102971 -1.4923189164477038
-0.356058271102971 1.6859344910416296
-0.3574380380937206 1.7147925534006876
-0.3574380380937206 -1.4353754552370033
-0.360431825956385 -1.4405970092233784
-0.360431825956385 1.6924202893185178
0.14556791560123838 0.8375519780339958
-0.603060292079433 2.699117126984444
-0.14484903885332814 1.3441953501962591
-0.14484903885332814 -1.5053356536431899
-0.12609952801218502 2.6529884288619554
0.18619153181224465 -2.680461019718494
0.17657371381616388 -2.6760361949803824
0.27638600740104785 0.5929954086952368
0.24279148226323666 0.5513370150364919
-0.27333920514631016 -0.5932821854451398
0.21469283361438607 0.5355324968687555
0.3885946037069881 -1.6997072922548084
0.07808294425751937 1.4920151005163658
0.07808294425751937 -1.5925005805510035
0.02762694631885516 -2.4037891033421097
0.02762694631885516 0.7627812181443737
0.008310743883966814 -2.3112049119574056
-0.05326584464071634 -2.3030842254669817
0.10119930739377106 -2.3119566423327
0.016793419436834496 2.2948304929089622
0.06175266682166632 -2.240219968756504
-0.07032850088797563 2.299558049148449
0.04761127509164262 2.5183482257264407
0.10025546567697484 -2.33894457544015
0.397295369578592 -2.9316275767994315
-0.8867645293737876 -0.4579066222365051
-0.7784441305816853 2.740790651202244
0.5837050127959614 0.6774128479587889
-0.5973213956601238 -0.6653758437619618
-0.4049187620930013 2.941197111845052
-0.07029901146021264 2.298411865980233
0.0938430806443752 -2.3802483811260884
-0.054322227005579295 -2.304023846239198
0.028306231546220775 -2.3236635097310736
0.01656725450311495 2.293843188075244
0.08350041585633343 -2.3245040631983422
-0.061848436356160434 2.239622776626473
0.0700899110270313 -2.2978214270469017
0.06265376400781526 -2.2398931084899365
-0.07010883894798757 2.2977776003162242
0.04911089390918348 -2.2670236869311005
-0.3518623732003397 -0.9386764150292722
-0.016685806212458916 -2.294110192535401
0.04423598687861437 -2.274449864220584
-0.062285651033581135 2.2406532325363053
-0.3082189882374045 1.7971043851254536
-0.04906422922440168 2.455241089450116
0.09473965850509304 -1.0554693336596397
0.09799890436235877 -1.0559525945292167
-0.0782010623616437 -2.6126569359749894
-0.0835344726186184 -2.6101278172627937
-0.035428285179986835 1.997661833391242
-0.035428285179986835 -1.1731927057319709
0.11167769801200113 0.8769333154416099
-0.458380788586903 -0.6707017255170242
-0.4932146994918357 -0.665625449950203
0.3886731072487659 -1.6996620069759114
0.14654950301957326 -2.380923780285227
-0.12415997027834373 -2.7440210157971143
-0.0315317722899425 2.0006610525302646
-0.0315317722899425 -1.169070571895754
0.03964587857067358 -1.9986431786363368
0.03964587857067358 1.174519877566054
-0.09529730873881047 -1.1706548839737312
-0.09529730873881047 1.988312071198303
0.015231013504059013 2.2256139426717643
0.015231013504059013 -0.9578068997896256
-0.03494877567245167 2.4640704370011357
-0.31952515103602885 1.7788939856690666
-0.02443369549743474 1.0547898617421492
0.02654358123839759 -2.6224705153409653
-0.5929339548182341 -0.6670016100325008
-0.13488799531737727 -0.8866343505217786
-0.14812777788956105 -1.0151634275773311
-0.14812777788956105 2.089964361535418
0.007109207030701025 1.1071400631231616
-0.05221002467280391 -1.13318751418043
0.08251915924912827 1.0804728584642114
-0.2578294896010763 -0.4437199131410913
0.08101056514444971 -2.3223358939722365
-0.07660717084894983 -1.1180709039959065
-0.10313538047858553 -1.0711538558466829
0.13138414150523073 0.7809486919651851
0.13138414150523073 -2.360934352878812
0.4001678806958959 -2.9809015259211584
0.19414773730349585 0.9458359585945796
0.14846235830528795 0.9108815805974664
-0.4181844700379767 2.917949707800436
-2.5475937328748133 -2.4198371254972697
-2.627487432626512 -2.6624941268595888
-2.9452738213982017 -1.9176101830219188
-2.756009334098134 -2.5970238007954265
-2.5499545931631182 -2.3905498900913225
-2.7261423078174163 -2.3414180781136213
-2.9664575808269573 -1.6516898201448045
-2.6115297924819236 -2.3918513641748893
-2.8503510477536835 -2.2664712091169483
-2.8562612747794134 -2.350984629788244
-2.507736970500848 -1.616090485344005
-2.565764145079541 -2.415476208588041
-3.0510277912083215 -1.5517820003279077
-2.6350456600084606 -2.0507321525935627
-2.5041411875237825 -2.789723994697155
-2.7457731834079677 -1.81670250650754
-2.532864832737862 -2.4468988465889714
-2.5439910660109417 -2.4952648195781064
-3.0226157162121687 -1.536023837154851
-3.033150418948813 -1.608486392217634
-2.5925351252627946 -2.4902326130892027
-2.8179852317372616 -2.3502406017506376
-2.5596699817104493 -2.459191400906648
-2.5386092591058445 -2.457022714347919
-2.791587119314925 -2.3097682467541363
-2.7521939143941516 -1.9166911168040768
-2.9645857603977133 -2.153348528982346
-2.4651263413636126 -2.495558540552865
-2.6115297924819236 -2.3918513641748893
-2.47592471153566 -2.746449888069174
-2.49223535455852 -2.431261582568553
-3.0020612040020644 -1.5273250085821413
-3.0020612040020644 -1.5273250085821413
-2.891340579071912 -2.198327938401322
-2.65212535085212 -2.147914237754876
-2.8075555899928526 -2.2486897307184464
-2.703737162757233 -2.3945271891288846
-2.5770575964123874 -2.4484658592297204
-2.891340579071912 -2.198327938401322
-2.8443067529239463 -2.248523382792909
-2.5455883669948576 -2.4021929070381005
-2.5233882932236327 -2.4488153406391344
-3.0191928652085163 -1.5394620196082405
-2.6886112411162872 -2.448179391896884
-2.683462082794767 -2.122999632460191
-2.6089164276800303 -2.5063296138873903
-2.756009334098134 -2.5970238007954265
-2.5167580495076414 -2.3975324087196896
-2.7427303403286403 -2.2819814584559963
-2.530608705096203 -2.454205719174212
-2.747523506846286 -2.255196968825894
-2.701930020690602 -2.225678600790463
-3.1371480407197962 -1.6294439445063975
-2.641296382024071 -2.469124367898436
-2.55322307615473 -2.498388071574764
-2.7406470566699763 -2.609500989277227
-2.287360026574248 -2.3692208925111897
-2.5167580495076414 -2.3975324087196896
-2.3516656425758944 -2.8810334406641687
-2.576382671892867 -2.4185947709495226
-2.8324560850935785 -2.4392370403311228
-2.5399855654694456 -2.4712020734249056
-2.6350456600084606 -2.0507321525935627
-2.763625641849225 -2.269729602848848
-2.9264828733810853 -2.269971705861561
-2.5120294087837842 -2.470873567569047
-2.6020849652679257 -2.6599478249632003
-2.6465025310035317 -2.7042653133038392
-2.865017735370353 -2.153647950650314
-2.7487153193981104 -2.4139285016518586
-3.0226157162121687 -1.536023837154851
-2.6635938197032183 -2.3812097637379517
-3.007031472319337 -1.5218511839151814
-2.6484301095088028 -2.204120090677711
-2.5455883669948576 -2.4021929070381005
-2.661708932744935 -2.28874691243806
-2.7496442015577562 -2.3474641647342605
-3.033150418948813 -1.608486392217634
-2.763625641849225 -2.269729602848848
-2.661708932744935 -2.28874691243806
-2.576382671892867 -2.4185947709495226
-2.5556250066652493 -2.423412043267769
-3.1185520989101088 -1.87034708066318
-2.931487354410188 -2.3979182442451874
-2.747523506846286 -2.255196968825894
-2.6350456600084606 -2.0507321525935627
-2.756009334098134 -2.5970238007954265
-2.6740892403839864 -2.5892881729839288
-2.7406470566699763 -2.609500989277227
-2.701930020690602 -2.225678600790463
-2.9626648569822667 -2.1204800491339624
-2.92988460685096 -2.127268991207921
-3.0755919778018117 -2.2250415690151804
-3.136674715136965 -0.7039514340353179
-3.045762952382273 -1.460295487062304
-2.756009334098134 -2.5970238007954265
-2.9021181463549275 -2.3882275817585192
-2.6777100795249016 -2.5774908663962357
-2.5596699817104493 -2.459191400906648
-2.6020849652679257 -2.6599478249632003
-3.0191928652085163 -1.5394620196082405
-2.661708932744935 -2.28874691243806
-2.5386092591058445 -2.457022714347919
-2.883771720741432 -2.245318730028374
-2.565764145079541 -2.415476208588041
-2.5475937328748133 -2.4198371254972697
-2.763625641849225 -2.269729602848848
-2.883771720741432 -2.245318730028374
-3.0020612040020644 -1.5273250085821413
-2.8430358366769517 -2.1271078236369787
-2.5718659739653766 -2.3642666099098246
-2.9264828733810853 -2.269971705861561
-2.8788308779529683 -2.2740745235354
-3.0507047145591546 -2.165971707470744
-2.6051289381442597 -2.700482005271581
-2.755227779111805 -1.6093941637260871
-2.8075555899928526 -2.2486897307184464
-2.7367807338361603 -2.584624607026369
-3.0510277912083215 -1.5517820003279077
-2.9254788382679333 -1.53952317157303
-2.5556250066652493 -2.423412043267769
-2.7496442015577562 -2.3474641647342605
-2.7213117479872757 -2.3390757647271183
-2.5399855654694456 -2.4712020734249056
-2.7521939143941516 -1.9166911168040768
-2.8290710120695755 -2.4236506258508768
-2.8292447237172533 -2.4228596738239863
-2.5756634450945297 -2.445775312777079
-2.6425537094702616 -2.4437632979182147
-2.7496442015577562 -2.3474641647342605
-2.576676599247023 0.8452016226194656
-2.7405254374642367 0.8891438619051256
-2.893958395379416 0.9528789750474014
-3.0993540935742345 0.5393531473020992
-2.9185261744630497 1.0794082660987474
-2.788163215100552 0.8237693339401828
-2.840345567178149 0.9363911657785088
-2.849683697651346 0.7870146390562711
-2.6794586223336148 0.6806626589612205
-2.69075500424567 0.8081843580190369
-2.8102692545429893 0.8721701751303671
-2.6091063878542538 1.009382369044771
-2.791036099231 0.888400173530183
-2.8547873828135435 1.0357465604170355
-2.6119186055955907 0.6840207761484293
-2.9450512091392604 0.8750897943439189
-2.8547873828135435 1.0357465604170355
-2.7931960172808457 0.8549643424576262
-2.5551140859259465 0.6181373737328509
-2.8004140855075508 0.6612825073187413
-2.9241422545133515 0.8319779887327212
-2.6635660475356935 0.6887174944374147
-2.7405254374642367 0.8891438619051256
-2.8435402298674184 0.94273972439455
-2.4875015437436674 0.5357330373257349
-2.6635660475356935 0.6887174944374147
-2.79984923564888 0.8635816069758742
-2.9780519788074296 0.9045784770923856
-2.6091063878542538 1.009382369044771
-2.7176037328535902 1.2253736687380106
-2.7815841546752957 0.9097837547249156
-2.9450512091392604 0.8750897943439189
-2.7405254374642367 0.8891438619051256
-2.849683697651346 0.7870146390562711
-2.9780519788074296 0.9045784770923856
-2.8599324550942704 0.9383905865571476
-2.7405254374642367 0.8891438619051256
-2.8759079478473986 0.8840878555355384
-2.791036099231 0.888400173530183
-2.8243651252685766 0.8396449575540935
-2.69075500424567 0.8081843580190369
-2.8759079478473986 0.8840878555355384
-3.0259810521474853 2.0978123005537466
-2.753703508347876 0.9219573863048256
-3.1371480407197962 1.6295656598409032
-2.6024911196320866 0.6281501323486477
-2.7147651163810647 0.6340004212325173
-2.8004140855075508 0.6612825073187413
-2.8759079478473986 0.8840878555355384
-2.9366110274410246 0.8178885939168109
-2.7303087378494166 1.0114312139159638
-2.893958395379416 0.9528789750474014
-2.6816769117667034 0.5881174823274199
-2.6508730837016854 0.7716591686960439
-2.974109324686628 1.471444410834034
-2.5551140859259465 0.6181373737328509
-2.9245109067363817 0.8549561301700863
-2.8599324550942704 0.9383905865571476
-3.0993540935742345 0.5393531473020992
-2.8547873828135435 1.0357465604170355
-2.7502039104836764 1.1201150075778186
-2.7242796950006687 0.8200939981910053
-2.6816769117667034 0.5881174823274199
-2.7405254374642367 0.8891438619051256
-2.9780519788074296 0.9045784770923856
-2.8011014689126306 0.803930438357727
-2.79984923564888 0.8635816069758742
-3.101298589740739 2.3579620662251357
-2.8495292146483684 0.7786286299675494
-2.6508730837016854 0.7716591686960439
-2.6119186055955907 0.6840207761484293
-2.293692949521296 0.7212763795842237
-2.974109324686628 1.471444410834034
-2.69075500424567 0.8081843580190369
-2.9326244075169265 1.018343543153116
-2.8011014689126306 0.803930438357727
-2.7683486967071933 0.9057580357936336
-2.8547873828135435 1.0357465604170355
-2.7931960172808457 0.8549643424576262
-2.79984923564888 0.8635816069758742
-3.101298589740739 2.3579620662251357
-2.763625641849225 0.8643929946086306
-2.6635660475356935 0.6887174944374147
-3.0804382486087056 1.5149690420091977
-2.9241422545133515 0.8319779887327212
-2.6130472118402577 0.7839310039513524
-2.79984923564888 0.8635816069758742
-2.4875015437436674 0.5357330373257349
-3.1371480407197962 1.6295656598409032
-2.6601372488516555 0.6089327499774497
-2.9618805134907245 0.9739693750257784
-2.7747467590928414 0.6823025249583848
-2.4470439431763173 0.3557719095510848
-2.7502039104836764 1.1201150075778186
-2.8102692545429893 0.8721701751303671
-2.69075500424567 0.8081843580190369
-2.5551140859259465 0.6181373737328509
-3.093802305679868 1.6430866602052747
-3.0066546940014285 0.8261535942608261
-2.7815841546752957 0.9097837547249156
2.755671767559598 2.2793951681129734
2.740204424443049 -0.8157232600907642
2.92584460587771 2.1886582457604646
3.0395443109170945 1.4685452398877528
2.947292940073437 -0.9479269774296653
2.6246635660001347 -0.9710555290517754
2.6342696632870566 2.444301582733193
2.688098515180032 2.5722943790747164
2.9587784460313062 -0.9729962078407518
3.1187655233018066 1.8583175104047305
2.829857807138916 2.2682443603429907
2.9972871923258864 -0.9964848455546592
2.651615553932808 2.5864132621830733
2.9587784460313062 -0.9729962078407518
2.8353615523946964 -0.8939856174938988
2.9001802251318693 -0.9014996599463404
3.126656116281752 2.461012701932175
2.5259939345569085 2.4572939345047144
2.921200939520068 2.398933569738684
2.985909501058908 1.6113803548602057
3.101725048364328 -1.5077558401081326
2.6992708091869253 2.095323321911741
3.0265515031939376 2.2186576718478133
2.5180591631788443 2.4290871733379027
2.7157701598905515 -0.7548815335104655
2.8747910913645183 2.362751911665466
2.713474003252793 2.2228667058150773
2.7519236816522405 1.8292385299058118
2.7631298160964386 1.90957835896756
2.524973890329411 2.4570184573205287
2.9330281576308272 2.400537087972849
2.5652509771467185 -0.6682133947247795
2.9828697429697986 1.6177817008263269
2.626737749365188 -0.6667186796153883
2.5545213886337184 2.8172263124782364
2.8611450300689465 2.109437714573381
2.812706225827497 2.2172162051941315
2.626737749365188 -0.6667186796153883
2.7157701598905515 -0.7548815335104655
3.137878540479781 2.773345361570804
2.6326705798065935 -0.9414838029712156
2.719186281430543 -0.8726587996554894
2.7559971664376524 2.1929502170480704
2.546620762690034 2.3859837018285543
2.0833974556495742 3.1370565825252155
2.7868027959766346 -0.7187791660922599
2.8288188493413307 -1.2010737778995595
3.0395443109170945 1.4685452398877528
2.8478743093059737 2.350776735592304
2.7880860729830075 2.6871338867651167
2.1028308845609605 -0.7426785591256772
2.722297281521005 1.982921662716841
2.7233429619226337 1.896522627833592
2.5728037930488505 -0.9439721168486211
2.828441512895223 2.251181367663949
2.7298972219515583 2.2366574773280816
2.720773070003686 -1.216301574140282
2.547768377139601 -0.6168137954608299
2.67629283398027 2.267041895831422
2.723057423324792 -0.8495831512300414
2.9173029083656776 -1.097626877855525
2.8808321302343662 -0.8504525667473646
2.5261480658234667 2.4564619463418085
2.57778648309184 2.4406823608644617
2.5652509771467185 -0.6682133947247795
2.848906400299701 -0.7270779087473201
2.947292940073437 -0.9479269774296653
3.0988193003186213 1.4650737917162369
2.7740509617405684 -0.7166388335327603
3.032629259077696 2.138786718003571
2.7777953164495766 2.550500224613808
2.7559971664376524 -1.0041047136104628
2.985909501058908 1.6113803548602057
3.1187655233018066 -1.2617201731962149
2.5162254473866006 2.512905150817524
2.6954659733141684 2.3439646255784234
2.79503104308452 -1.297340954666831
2.7192073742745806 2.1181441119394537
2.84624061074238 2.410648665827233
3.137878540479781 2.773345361570804
3.101725048364328 -1.5077558401081326
2.851285512326837 2.106279534069297
2.9001802251318693 2.2305240789293737
2.7886188017141764 2.305157379424483
3.101725048364328 -1.5077558401081326
2.7988213297413127 1.8857782907726444
2.7649621029669924 -0.8389074462036943
2.546620762690034 2.3859837018285543
3.109733069518985 1.7467453240076958
2.8371548477578004 2.158965089160053
2.927677796413576 -0.9188053328352679
2.9207945830261366 -1.0364627161577518
2.756641506613608 1.9128243838095096
2.8747910913645183 2.362751911665466
3.1326315449874254 -0.015446159402880138
2.7272379925345693 -0.8464664042917929
2.8749101876172096 2.310284668156489
2.5840185637131827 -0.7751097150390155
2.5827766795494047 2.3659321031128195
2.6771164381047416 2.2951211640279894
2.7559971664376524 -1.0041047136104628
2.9736574582358712 1.6788554147007149
2.7559971664376524 -1.0041047136104628
2.6771164381047416 2.2951211640279894
3.1081392080499173 1.4588584418547048
2.719186281430543 2.2725741728564226
2.7317700807326304 2.2914757012917017
2.906335564340364 2.1816882760984595
2.779118323566566 -0.8601293981228569
2.7328394124906623 -0.7670713712164211
2.6584572195538234 -0.6433256575939429
2.279798995700356 2.3744102608094493
2.9660298576456965 -0.963365743778564
2.565192359076955 2.409352009015978
2.7025080070624816 1.9429384526375482
2.789052827575043 2.3358454830892854
2.796424318817169 2.302032440597773
2.9828697429697986 1.6177817008263269
2.740204424443049 2.3602026034696717
2.6954659733141684 2.3439646255784234
2.8278692553856377 -0.9174090419599502
3.137895679508971 3.1356421439220568
2.9828697429697986 1.6177817008263269
2.826747748923468 2.388611294104415
2.8411446613570024 -0.9382356133919201
2.7861134368708647 -0.6086408459383522
2.9001802251318693 -0.9014996599463404
2.531886498953189 2.3914085102248777
2.84624061074238 2.410648665827233
2.7224432518518578 2.2287252306231027
2.713474003252793 2.2228667058150773
2.851285512326837 2.106279534069297
2.483781300172002 2.2975603978861017
2.533525441540315 2.4333492680055424
2.7886188017141764 2.305157379424483
2.7501889927058176 -0.8048171217450931
2.279798995700356 2.3744102608094493
2.796424318817169 2.302032440597773
2.524973890329411 2.4570184573205287
2.8823115467494 2.38802806268548
2.7183249619949867 -0.8761318525586009
2.5123919067273515 2.437238775900356
3.094260951389097 -0.1308116448305734
2.84624061074238 2.410648665827233
2.535490192095496 -0.6140178740411804
2.6246635660001347 2.2158580671395813
2.6954659733141684 2.3439646255784234
2.57778648309184 2.4406823608644617
2.1028308845609605 -0.7426785591256772
2.8431046050349926 -0.6670127029568816
2.5184466371393888 2.452404937881476
2.652130526539732 -1.0399303626942609
2.5259939345569085 2.4572939345047144
2.7501889927058176 2.3747900347996875
2.780431029441728 -0.9814930803850004
2.8411446613570024 2.2150639514870165
3.1161438778143054 -2.1883873327156818
2.9001802251318693 2.2305240789293737
2.5445408687956728 2.37741862473226
2.52526641480278 2.4557787940224767
2.7649621029669924 -0.8389074462036943
3.109733069518985 1.7467453240076958
2.9001802251318693 2.2305240789293737
2.55534897525888 -0.9167466733567392
2.7157701598905515 -0.7548815335104655
2.7046857015640224 2.61359830020245
2.9330281576308272 2.400537087972849
2.826747748923468 2.388611294104415
2.783335024456855 2.276130457914581
2.8827053339389743 -0.8552015443957828
2.8027407568197376 2.2771226727722595
2.6671255552524467 2.593264705345328
2.7389183827775376 -0.639231147967089
2.7880860729830075 2.6871338867651167
2.8431046050349926 -0.6670127029568816
2.7438861204321 2.3147562025419752
2.544387038594289 2.3469516548803315
2.801409144835906 2.1969475331204005
2.6584572195538234 -0.6433256575939429
3.1379930098115016 -2.0821578194203285
2.722297281521005 1.982921662716841
2.5126862356826773 2.511244323293549
2.5827766795494047 2.3659321031128195
2.968959615425087 2.2454113688638384
