Torsion_1 Torsion_2
1.1983549612444044 1.1984997242040845
1.1983549612444044 -2.0651931179748333
-2.0652204578648488 1.1984997242040845
-2.0652204578648488 -2.0651931179748333
-1.2154898048982663 -0.6377957144863501
-1.2154898048982663 2.5632105030020735
1.1983549612444044 1.1984997242040845
1.1983549612444044 -2.0651931179748333
-2.0652204578648488 1.1984997242040845
-2.0652204578648488 -2.0651931179748333
1.260557393833827 1.1005776064216692
1.260557393833827 -2.076380598194784
-1.5587590180270023 -1.4891488164813727
-1.5587590180270023 1.6274160389286003
1.671532729678776 -1.4891488164813727
1.671532729678776 1.6274160389286003
1.2943500409155668 -1.7610276241378542
1.2943500409155668 1.3888472371298501
-1.8862638384064634 1.175206293021304
-1.8862638384064634 -1.9790732811961942
-1.419856350833647 -1.4227620709398274
-1.419856350833647 1.6949757441430569
-1.4227620709398274 1.6934813044175352
-1.7020379131878733 -1.8032087536832082
-1.7020379131878733 1.3902169474415667
-2.114719336075593 1.0712466174489925
-2.114719336075593 -2.1042613087550075
1.0472154699962792 1.0712466174489925
1.0472154699962792 -2.1042613087550075
2.4655663702372888 -1.2173682385150268
2.4655663702372888 1.9257872570689472
-1.217368238515027 -0.7334215669579603
-1.5393302334547436 -1.2611289501399947
-1.5393302334547436 1.9089402773685806
-0.9829662821504976 -1.345771790780903
-0.9829662821504976 1.814978602819767
1.4739844752215754 -3.0119089810604303
1.4739844752215754 0.13279431657989393
-1.1339527599266255 2.3333197538801635
-1.1339527599266255 -0.8469282451109499
-1.0690080409823342 -1.0500678911521162
-1.0690080409823342 2.1679851953283182
2.1130740588037655 -1.0500678911521162
2.1130740588037655 2.1679851953283182
2.101305122596234 2.2432491666056626
2.101305122596234 -0.989373360758099
-1.074009230396 2.2432491666056626
-1.074009230396 -0.989373360758099
1.2943500409155668 -1.7610276241378542
1.2943500409155668 1.3888472371298501
1.1983549612444044 1.1984997242040845
1.1983549612444044 -2.0651931179748333
-2.0652204578648488 1.1984997242040845
-2.0652204578648488 -2.0651931179748333
-1.8185005664466218 -1.6421837635864027
-1.8185005664466218 1.519827862153392
1.7228924282520603 1.718837583497645
1.7228924282520603 -1.426686190171664
1.718837583497645 -1.4230581301929786
1.8374747731121854 1.6794450621472774
1.8374747731121854 -1.4478225906687663
1.942214277980584 1.9431393522147837
1.942214277980584 -1.223093893606406
-1.2400049312212873 1.9431393522147837
-1.2400049312212873 -1.223093893606406
2.1031374719177722 2.1032228664623474
2.1031374719177722 -1.0580917557630396
-1.057925675424651 2.1032228664623474
-1.057925675424651 -1.0580917557630396
1.8368858352064235 1.679614355217809
1.8368858352064235 -1.4483661616504397
1.7188876366375472 1.7643504268903125
1.7188876366375472 -1.3914928990278579
-2.2078618454294423 1.2548186494258233
-2.2078618454294423 -1.8805478101518736
1.2548186494258233 0.964572808257459
-1.2570102312794524 -0.7485551033022604
-1.2570102312794524 2.4323217041987704
-1.5577003053086855 1.4762968145717565
-1.5577003053086855 -1.649499584085237
1.6242277443953177 1.4762968145717565
1.6242277443953177 -1.649499584085237
1.1983549612444044 1.1984997242040845
1.1983549612444044 -2.0651931179748333
-2.0652204578648488 1.1984997242040845
-2.0652204578648488 -2.0651931179748333
-1.0646414557961434 -1.0476028538140019
-1.0646414557961434 2.186352878702858
2.121213992533148 -1.0476028538140019
2.121213992533148 2.186352878702858
1.4801408083953433 1.38162888175101
1.4801408083953433 -1.7307582715810361
1.1983549612444044 1.1984997242040845
1.1983549612444044 -2.0651931179748333
-2.0652204578648488 1.1984997242040845
-2.0652204578648488 -2.0651931179748333
1.2943500409155668 -1.7610276241378542
1.2943500409155668 1.3888472371298501
1.1983549612444044 1.1984997242040845
1.1983549612444044 -2.0651931179748333
-2.0652204578648488 1.1984997242040845
-2.0652204578648488 -2.0651931179748333
-2.114719336075593 1.0712466174489925
-2.114719336075593 -2.1042613087550075
1.0472154699962792 1.0712466174489925
1.0472154699962792 -2.1042613087550075
1.4288990729392372 -1.6068898050415639
1.4288990729392372 1.5676164681365734
-1.6810245981494585 -1.6068898050415639
-1.6810245981494585 1.5676164681365734
-1.4685583024668574 -1.33095202662928
-1.4685583024668574 1.832611553227118
1.7150557199490166 -1.33095202662928
1.7150557199490166 1.832611553227118
-2.114719336075593 1.0712466174489925
-2.114719336075593 -2.1042613087550075
1.0472154699962792 1.0712466174489925
1.0472154699962792 -2.1042613087550075
-1.2865735892768435 1.7721812366743614
-1.2865735892768435 -1.3947208560035105
1.7450984123262916 -0.7275044706282229
1.7450984123262916 2.466796245214524
-1.3624937265587642 -0.7275044706282229
-1.3624937265587642 2.466796245214524
-1.2865735892768435 1.7721812366743614
-1.2865735892768435 -1.3947208560035105
1.1983549612444044 1.1984997242040845
1.1983549612444044 -2.0651931179748333
-2.0652204578648488 1.1984997242040845
-2.0652204578648488 -2.0651931179748333
-2.42479877341132 1.2825495624273715
-2.42479877341132 -1.8533307177957576
1.2825495624273715 0.7741801767146408
-1.3754419720369053 2.5437557177696184
-1.3754419720369053 -0.6518740820982127
1.7634708922419562 2.5437557177696184
1.7634708922419562 -0.6518740820982127
1.11331594596465 -2.0599648528316643
1.11331594596465 1.11321624870977
-2.0600176966397687 -2.0599648528316643
-2.0600176966397687 1.11321624870977
-1.3071290839927292 -1.139008067624197
-1.3071290839927292 2.04720283047256
1.841694462774672 -1.139008067624197
1.841694462774672 2.04720283047256
1.8018189362141273 -1.299706144653999
1.8018189362141273 1.8337142795934656
1.311293743542176 0.9746553518811096
1.311293743542176 -2.202035819048438
-1.8398563287314518 0.9746553518811096
-1.8398563287314518 -2.202035819048438
-1.4509663846717396 -1.4509856762769933
-1.4509663846717396 1.7195386970417166
-1.4509856762769933 1.7195736389151883
1.474911456392666 -2.938224090980018
1.474911456392666 0.22705269649141988
-1.6162598143849622 -2.938224090980018
-1.6162598143849622 0.22705269649141988
-1.458462504999045 -1.6181066100952481
-1.458462504999045 1.5649614814441957
1.667268620498303 -1.6181066100952481
1.667268620498303 1.5649614814441957
-2.114719336075593 1.0712466174489925
-2.114719336075593 -2.1042613087550075
1.0472154699962792 1.0712466174489925
1.0472154699962792 -2.1042613087550075
1.7812355902430308 1.4916785115664823
1.7812355902430308 -1.6260733851496514
-2.114719336075593 1.0712466174489925
-2.114719336075593 -2.1042613087550075
1.0472154699962792 1.0712466174489925
1.0472154699962792 -2.1042613087550075
1.1983549612444044 1.1984997242040845
1.1983549612444044 -2.0651931179748333
-2.0652204578648488 1.1984997242040845
-2.0652204578648488 -2.0651931179748333
-1.4631936930069562 -1.4681339836248244
-1.4631936930069562 1.6488640595364903
-1.4681339836248244 1.6683280098602469
1.1983549612444044 1.1984997242040845
1.1983549612444044 -2.0651931179748333
-2.0652204578648488 1.1984997242040845
-2.0652204578648488 -2.0651931179748333
-1.2512782651686494 -1.0823678495548563
-1.2512782651686494 2.0916244241840607
-2.114719336075593 1.0712466174489925
-2.114719336075593 -2.1042613087550075
1.0472154699962792 1.0712466174489925
1.0472154699962792 -2.1042613087550075
-2.114719336075593 1.0712466174489925
-2.114719336075593 -2.1042613087550075
1.0472154699962792 1.0712466174489925
1.0472154699962792 -2.1042613087550075
1.2354465407399462 0.9823030648102872
1.2354465407399462 -2.1983598367989026
1.4823951352679878 1.376500432660094
1.4823951352679878 -1.7383585953573946
-3.141571808564966 -1.557934324487463
-3.141571808564966 1.5577967622511535
-1.4339745283940835 -1.4341206987443658
-1.4339745283940835 1.740984907893788
-1.4341206987443658 1.7411321595260367
-1.3086199998111867 2.880425223422196
-1.3086199998111867 -0.2658038823427819
1.3771079813004676 -1.9528621178079681
1.3771079813004676 1.1934816201202505
1.4743233432011715 1.3237299589882798
1.4743233432011715 -1.810311106564894
-2.114719336075593 1.0712466174489925
-2.114719336075593 -2.1042613087550075
1.0472154699962792 1.0712466174489925
1.0472154699962792 -2.1042613087550075
-1.2512782651686494 -1.0823678495548563
-1.2512782651686494 2.0916244241840607
1.1983549612444044 1.1984997242040845
1.1983549612444044 -2.0651931179748333
-2.0652204578648488 1.1984997242040845
-2.0652204578648488 -2.0651931179748333
-1.2677257294118385 -0.8124729965015115
-1.2677257294118385 2.3339882880388156
-1.5110053627270303 -1.5107952198202863
-1.5110053627270303 1.6936329710780553
1.693603810097441 -1.5107952198202863
1.693603810097441 1.6936329710780553
1.836127305887674 1.6789858746727893
1.836127305887674 -1.4487434789657427
1.1983549612444044 1.1984997242040845
1.1983549612444044 -2.0651931179748333
-2.0652204578648488 1.1984997242040845
-2.0652204578648488 -2.0651931179748333
2.1031374719177722 2.1032228664623474
2.1031374719177722 -1.0580917557630396
-1.057925675424651 2.1032228664623474
-1.057925675424651 -1.0580917557630396
-1.9133886816631607 1.1582893399974012
-1.9133886816631607 -1.9982991190069979
-1.2199914528573774 1.6588566216269753
-1.2199914528573774 -1.514334964025253
2.2168360407258954 -1.3097166282841026
2.2168360407258954 1.827312393903153
-1.3097166282841026 -0.9657326583710063
-1.3829118979645274 -1.3382888453048907
-1.3829118979645274 1.782527263418382
2.0499204935606086 -1.243584153867831
2.0499204935606086 1.9027639280640605
-1.7046639770789782 -1.6742446737723025
-1.7046639770789782 1.51801654297121
-2.1669882709958777 -1.7813765557423575
-2.1669882709958777 1.385954511509578
1.324101988594002 1.2594725356904055
1.324101988594002 -1.887020019894986
-2.183444916420291 -1.7170424068204182
-2.183444916420291 1.43710895732448
-2.1669882709958777 -1.7813765557423575
-2.1669882709958777 1.385954511509578
-2.030311472058928 -2.4779492354703745
-2.030311472058928 0.7211734720000454
1.1437033485510057 -2.4779492354703745
1.1437033485510057 0.7211734720000454
-2.183444916420291 -1.7170424068204182
-2.183444916420291 1.43710895732448
1.6486076805310785 2.9767502405956394
1.6486076805310785 -0.1853870126966429
-1.4702896069153755 2.9767502405956394
-1.4702896069153755 -0.1853870126966429
-1.6836857587064733 -1.7500458232510498
-1.6836857587064733 1.4352555011771382
2.118772059554361 -1.0787481808467356
2.118772059554361 2.0737653756123864
-1.3238799424654328 -1.5686850352397188
-1.3238799424654328 1.6307649199624397
1.825236566954684 -1.5686850352397188
1.825236566954684 1.6307649199624397
-1.2411834409958062 -1.5066275805719063
-1.2411834409958062 1.6272667524015618
-2.1283016384092033 -2.471695325790774
-2.1283016384092033 0.7135569216879845
1.0236516539387985 -2.471695325790774
1.0236516539387985 0.7135569216879845
1.4989044265033955 1.5536883939791732
1.4989044265033955 -1.5623449167930012
-1.1963762583282507 1.8666472079985608
-1.1963762583282507 -1.260978341556484
2.884161185030606 -1.3720931740166449
2.884161185030606 1.7451764582784923
-1.7256982111363974 -1.5106244488675207
-1.7256982111363974 1.7030732703189904
1.9050255891493826 1.8897956807456848
1.9050255891493826 -1.2571303784374137
-1.2752742521347182 1.8897956807456848
-1.2752742521347182 -1.2571303784374137
-2.1669882709958777 -1.7813765557423575
-2.1669882709958777 1.385954511509578
-1.6489419655389745 -2.976391250628937
-1.6489419655389745 0.18600071095775197
1.4700268696845984 -2.976391250628937
1.4700268696845984 0.18600071095775197
-1.3102705435105686 2.309546480904361
-1.3102705435105686 -0.8757854332118
-2.1669882709958777 -1.7813765557423575
-2.1669882709958777 1.385954511509578
1.542270241233483 0.7101253003633697
1.542270241233483 -2.4799338648255485
-2.183444916420291 -1.7170424068204182
-2.183444916420291 1.43710895732448
1.2295430485045151 -2.0981236605895877
1.2295430485045151 1.2452100681307978
1.3012255718386785 -2.1449515272552913
1.3012255718386785 1.0733745985384753
2.4096779583814576 1.9422832325647499
2.4096779583814576 -1.2633009211316901
1.3988581487782834 1.104733518050229
1.3988581487782834 -2.0474078952978982
-1.7144602790711239 -2.3689837397338502
-1.7144602790711239 0.8138048366325501
1.4202043035195675 -2.3689837397338502
1.4202043035195675 0.8138048366325501
-2.2543956521724327 1.2210342291440472
-2.2543956521724327 -1.9108793427414288
1.1578401373577858 0.8125021148988713
1.1578401373577858 -2.302176669411513
1.2729979931628979 1.148637805682834
1.2729979931628979 -2.073585053909432
-1.2870883790127696 2.5596609918665965
-1.2870883790127696 -0.6435776374047656
1.8138495181668486 2.5596609918665965
1.8138495181668486 -0.6435776374047656
-1.6489419655389745 -2.976391250628937
-1.6489419655389745 0.18600071095775197
1.4700268696845984 -2.976391250628937
1.4700268696845984 0.18600071095775197
-1.500505811499616 -1.5406004074863617
-1.500505811499616 1.5741869230565502
-2.4496323717536 -1.9144635376164068
-2.4496323717536 1.241063296436743
1.4356402832629382 -1.613887142215408
1.4356402832629382 1.5187033411004502
-1.2667758907363855 -0.716194454147934
-1.2667758907363855 2.479163397812526
-1.6836857587064733 -1.7500458232510498
-1.6836857587064733 1.4352555011771382
-2.1669882709958777 -1.7813765557423575
-2.1669882709958777 1.385954511509578
1.1873311591809044 0.7030550507134795
1.1873311591809044 -2.493191209975678
-2.493191209975678 -1.9614466054186728
1.243915469466209 1.5081197714239778
1.243915469466209 -1.6258104362166863
-1.3622041589598353 2.283668497299869
-1.3622041589598353 -0.9348780517517017
1.7783305432990941 2.283668497299869
1.7783305432990941 -0.9348780517517017
-2.183444916420291 -1.7170424068204182
-2.183444916420291 1.43710895732448
-2.1669882709958777 -1.7813765557423575
-2.1669882709958777 1.385954511509578
-2.183444916420291 -1.7170424068204182
-2.183444916420291 1.43710895732448
1.1843291502378275 0.7099070371295902
1.1843291502378275 -2.4858904985431804
-2.4858904985431804 -1.9662624589188449
-1.6489419655389745 -2.976391250628937
-1.6489419655389745 0.18600071095775197
1.4700268696845984 -2.976391250628937
1.4700268696845984 0.18600071095775197
-2.183444916420291 -1.7170424068204182
-2.183444916420291 1.43710895732448
-1.4619264025502159 1.5604472123609987
-1.4619264025502159 -1.635042627623426
3.050652088987896 1.8008007002555673
3.050652088987896 -1.4773717865305622
-1.4937097279311637 1.915348332942704
-1.4937097279311637 -1.2986062661769142
1.6292470076075818 1.915348332942704
1.6292470076075818 -1.2986062661769142
-2.1669882709958777 -1.7813765557423575
-2.1669882709958777 1.385954511509578
1.4470984507126452 1.4735314879886772
1.4470984507126452 -1.6670629325981072
-1.6974122443049708 1.4735314879886772
-1.6974122443049708 -1.6670629325981072
-2.274728616095711 -1.8178172818907992
-2.274728616095711 1.3045898187019258
-1.4390640309344855 1.9846410854703318
-1.4390640309344855 -1.2268602101143489
1.9846410854703318 1.6949004333033875
-1.2268602101143489 1.6949004333033875
1.565856684724111 -1.5055260140706574
1.565856684724111 1.6199032108101918
1.8352241516672254 -1.341707455324083
1.8352241516672254 1.8056200419636337
1.3526990172639926 -1.9986965449708898
1.3526990172639926 1.151316923508714
-1.930170011879432 1.286533908477136
-1.930170011879432 -1.8445722394053563
-1.508832783606229 1.4568931247973809
-1.508832783606229 -1.6617567560235362
1.648628588615367 1.4568931247973809
1.648628588615367 -1.6617567560235362
1.7532996661887863 -0.941560791566226
1.7532996661887863 2.2868521061361395
-1.385391438563695 -0.941560791566226
-1.385391438563695 2.2868521061361395
-2.1669882709958777 -1.7813765557423575
-2.1669882709958777 1.385954511509578
2.3142906500019538 -1.0384082745069165
2.3142906500019538 2.0451835202824933
1.9310346197373296 1.9208624149029236
1.9310346197373296 -1.2401869465748196
-1.2525122711201178 1.9208624149029236
-1.2525122711201178 -1.2401869465748196
-3.0139191182607052 1.6371891551954272
-3.0139191182607052 -1.501485192855831
1.3595257008448052 0.6761945467095639
1.3595257008448052 -2.5292747322881537
2.84275359489006 1.7264612195184958
2.84275359489006 -1.3808910912802725
-1.4514216224084737 1.739994973926203
-1.4514216224084737 -1.3712490853458363
-1.118248550245162 1.9565142465132097
-1.118248550245162 -1.1842967972323024
-2.183444916420291 -1.7170424068204182
-2.183444916420291 1.43710895732448
-1.4066354853637275 1.2549455466017811
-1.4066354853637275 -1.7980268510673842
0.8763817159749603 0.8167089804170916
0.8763817159749603 -2.1854823578029996
-1.1784672745520135 1.9669796441903176
-1.1784672745520135 -1.1893060137386025
1.993408884112292 1.9669796441903176
1.993408884112292 -1.1893060137386025
-1.178538528606852 -1.1892459165796412
-1.178538528606852 1.967029393067923
1.9933228872293567 -1.1892459165796412
1.9933228872293567 1.967029393067923
-1.035577355312129 1.8530104006634842
-1.035577355312129 -1.3261017956883971
2.1391846329501525 1.8530104006634842
2.1391846329501525 -1.3261017956883971
-1.5053617826404586 1.6186405692291694
-1.5053617826404586 -1.5079649194823312
1.6186405692291694 1.6399449049695838
1.1727726816485329 -2.133911526037283
1.1727726816485329 1.1146670421635403
1.1709646900471753 -2.1384783446662348
1.1709646900471753 1.110821936154284
-3.111194454630497 1.519199518003111
-3.111194454630497 -1.6548234993371602
-1.6548234993371602 0.04101209358557532
-1.035577355312129 1.8530104006634842
-1.035577355312129 -1.3261017956883971
2.1391846329501525 1.8530104006634842
2.1391846329501525 -1.3261017956883971
-2.1247175463864645 -2.124756116205042
-2.1247175463864645 1.0546003192841675
1.0544790170390503 -2.124756116205042
1.0544790170390503 1.0546003192841675
-1.035577355312129 1.8530104006634842
-1.035577355312129 -1.3261017956883971
2.1391846329501525 1.8530104006634842
2.1391846329501525 -1.3261017956883971
1.0914578970935171 1.0370306635630826
1.0914578970935171 -2.154452704984629
-2.151720382941155 -2.151670202503146
-2.151720382941155 1.0361541591397994
1.0360328348707957 -2.151670202503146
1.0360328348707957 1.0361541591397994
-1.3558396422032417 -1.2767494790797118
-1.3558396422032417 1.8596758938927547
1.8141632564690997 -1.2767494790797118
1.8141632564690997 1.8596758938927547
1.517041220658303 1.4085984586685547
1.517041220658303 -1.741921166587778
-2.1247175463864645 -2.124756116205042
-2.1247175463864645 1.0546003192841675
1.0544790170390503 -2.124756116205042
1.0544790170390503 1.0546003192841675
2.6246962245243504 -1.1781167037740699
2.6246962245243504 2.0124050310450796
2.62474997198188 -1.1781657621572215
2.62474997198188 2.0122949096539227
-1.5332185269755936 -1.4945278962942699
-1.5332185269755936 1.6676124541399715
1.6697455060569442 -1.4945278962942699
1.6697455060569442 1.6676124541399715
-1.2301069603398198 2.2021322064599334
-1.2301069603398198 -0.9814998676093983
1.2306572957735382 -2.2213189327366973
1.2306572957735382 0.9749388224712804
2.5630355559285767 -1.0428623392758645
2.5630355559285767 2.1438406443473768
2.563129750444036 -1.042889064712057
2.563129750444036 2.1436983826646125
1.6074361709912846 1.5140168285341449
1.6074361709912846 -1.6355361663205812
-1.494122948918853 1.5140168285341449
-1.494122948918853 -1.6355361663205812
-1.035577355312129 1.8530104006634842
-1.035577355312129 -1.3261017956883971
2.1391846329501525 1.8530104006634842
2.1391846329501525 -1.3261017956883971
1.835293618580841 1.7586151142783317
1.835293618580841 -1.3712412322312468
1.7586151142783317 -1.2983957736782592
-2.151720382941155 -2.151670202503146
-2.151720382941155 1.0361541591397994
1.0360328348707957 -2.151670202503146
1.0360328348707957 1.0361541591397994
0.9474745177739733 1.0207191796687807
0.9474745177739733 -2.167318958179297
0.6827927977760234 -1.8408910147279351
0.6827927977760234 1.3314092207374875
-2.5542181170514975 -1.8408910147279351
-2.5542181170514975 1.3314092207374875
-1.348320931701981 -0.40825346164613924
-1.348320931701981 2.7406349580963045
1.749697441668312 -0.40825346164613924
1.749697441668312 2.7406349580963045
-1.9810725175837571 -1.645578874954907
-1.9810725175837571 1.4696132331062797
-1.645578874954907 1.1878199683796404
1.4696132331062797 1.1878199683796404
-1.0203913480998996 -1.028701357967753
-1.0203913480998996 2.1051583302872925
-1.028701357967753 2.120938179972618
1.419601625502252 1.569903458352504
1.419601625502252 -1.6169946232784338
-1.6968672442535953 1.569903458352504
-1.6968672442535953 -1.6169946232784338
1.3632059083132904 1.3633394362538387
1.3632059083132904 -1.8173817014679663
-1.8175561543281349 1.3633394362538387
-1.8175561543281349 -1.8173817014679663
1.301714189558237 -2.387193452752341
1.301714189558237 0.8178248824846945
-1.832023535805847 -2.387193452752341
-1.832023535805847 0.8178248824846945
1.3016443633082628 -2.387161803807991
1.3016443633082628 0.8179510681387556
-1.8319958110616261 -2.387161803807991
-1.8319958110616261 0.8179510681387556
2.5138802429927503 -1.3063124542798354
2.5138802429927503 1.8784483250669017
-2.151720382941155 -2.151670202503146
-2.151720382941155 1.0361541591397994
1.0360328348707957 -2.151670202503146
1.0360328348707957 1.0361541591397994
1.6074361709912846 1.5140168285341449
1.6074361709912846 -1.6355361663205812
-1.494122948918853 1.5140168285341449
-1.494122948918853 -1.6355361663205812
-1.5269055325500167 -1.2150501221230656
-1.5269055325500167 1.9473799362872002
-1.2150501221230656 1.5972359238803597
-2.151720382941155 -2.151670202503146
-2.151720382941155 1.0361541591397994
1.0360328348707957 -2.151670202503146
1.0360328348707957 1.0361541591397994
-1.6451770802852181 1.465358088716089
-1.6451770802852181 -1.6709511090862235
1.9600837071235664 -1.0896858927084672
1.9600837071235664 2.0708629860713685
-1.9601002365402527 1.0897679285344144
-1.9601002365402527 -2.0708252147427726
-1.1370549897235522 2.0706262266019873
-1.1370549897235522 -1.1221109886510447
-1.1371453985750357 2.0707312052078684
-1.1371453985750357 -1.1219358017560201
-1.6451770802852181 1.465358088716089
-1.6451770802852181 -1.6709511090862235
2.121407116443256 1.8889578235079165
2.121407116443256 -1.2986482204860184
-1.184199326746347 2.1294612316652604
-1.184199326746347 -1.1177102853124177
-2.151720382941155 -2.151670202503146
-2.151720382941155 1.0361541591397994
1.0360328348707957 -2.151670202503146
1.0360328348707957 1.0361541591397994
1.2668974175531595 1.0136774277249183
1.2668974175531595 -2.2018678109309193
-1.2668974175531595 -1.0136120245516789
-1.2668974175531595 2.2018678109309193
1.3263473882979586 1.0534685423155608
1.3263473882979586 -1.988615166533073
-1.035577355312129 1.8530104006634842
-1.035577355312129 -1.3261017956883971
2.1391846329501525 1.8530104006634842
2.1391846329501525 -1.3261017956883971
-1.6451770802852181 1.465358088716089
-1.6451770802852181 -1.6709511090862235
-2.1247175463864645 -2.124756116205042
-2.1247175463864645 1.0546003192841675
1.0544790170390503 -2.124756116205042
1.0544790170390503 1.0546003192841675
1.344473821908723 0.9794939648421159
1.344473821908723 -2.187017253282267
1.9565000713246448 1.9362433646048087
1.9565000713246448 -1.2189935590901328
2.479406255683862 -1.2909065350175637
2.479406255683862 1.9018684817876441
1.2475825231797513 0.6780208741844373
1.2475825231797513 -2.5162263653868884
-1.035577355312129 1.8530104006634842
-1.035577355312129 -1.3261017956883971
2.1391846329501525 1.8530104006634842
2.1391846329501525 -1.3261017956883971
-1.4803954186294566 -1.497774043224282
-1.4803954186294566 1.6188168573846775
1.7029904746933502 -1.497774043224282
1.7029904746933502 1.6188168573846775
1.9750763089013825 -1.3274366742998913
1.9750763089013825 1.8471840145114424
-1.1676326833629556 -1.3274366742998913
-1.1676326833629556 1.8471840145114424
-1.035577355312129 1.8530104006634842
-1.035577355312129 -1.3261017956883971
2.1391846329501525 1.8530104006634842
2.1391846329501525 -1.3261017956883971
-2.151720382941155 -2.151670202503146
-2.151720382941155 1.0361541591397994
1.0360328348707957 -2.151670202503146
1.0360328348707957 1.0361541591397994
1.774388286412958 -1.0509661583562564
1.774388286412958 2.1475172814780974
1.2019097719317564 0.6148552966112271
1.2019097719317564 -2.5923468732930224
-1.035577355312129 1.8530104006634842
-1.035577355312129 -1.3261017956883971
2.1391846329501525 1.8530104006634842
2.1391846329501525 -1.3261017956883971
-1.7761778354020392 -1.6649494026950309
-1.7761778354020392 1.528622329371994
-1.7762233832986924 -1.6650359606304064
-1.7762233832986924 1.5284985216772857
-2.151720382941155 -2.151670202503146
-2.151720382941155 1.0361541591397994
1.0360328348707957 -2.151670202503146
1.0360328348707957 1.0361541591397994
-2.151720382941155 -2.151670202503146
-2.151720382941155 1.0361541591397994
1.0360328348707957 -2.151670202503146
1.0360328348707957 1.0361541591397994
-1.035577355312129 1.8530104006634842
-1.035577355312129 -1.3261017956883971
2.1391846329501525 1.8530104006634842
2.1391846329501525 -1.3261017956883971
-1.7325289310760266 1.2360792288323454
-1.7325289310760266 -1.9416246506687276
-2.6589076785498897 1.1958547384450395
-2.6589076785498897 -2.0220278166038472
-2.151720382941155 -2.151670202503146
-2.151720382941155 1.0361541591397994
1.0360328348707957 -2.151670202503146
1.0360328348707957 1.0361541591397994
1.6074361709912846 1.5140168285341449
1.6074361709912846 -1.6355361663205812
-1.494122948918853 1.5140168285341449
-1.494122948918853 -1.6355361663205812
-2.1247175463864645 -2.124756116205042
-2.1247175463864645 1.0546003192841675
1.0544790170390503 -2.124756116205042
1.0544790170390503 1.0546003192841675
-1.035577355312129 1.8530104006634842
-1.035577355312129 -1.3261017956883971
2.1391846329501525 1.8530104006634842
2.1391846329501525 -1.3261017956883971
-1.3935346902030672 2.238442311268154
-1.3935346902030672 -0.9283223577674883
-2.151720382941155 -2.151670202503146
-2.151720382941155 1.0361541591397994
1.0360328348707957 -2.151670202503146
1.0360328348707957 1.0361541591397994
1.8578503706147396 -1.4769661377539582
1.8578503706147396 1.6407762955419023
-1.293075777438986 -1.1519188695622493
-1.293075777438986 2.011333938643025
-1.035577355312129 1.8530104006634842
-1.035577355312129 -1.3261017956883971
2.1391846329501525 1.8530104006634842
2.1391846329501525 -1.3261017956883971
1.7211954806135517 -1.1879831302818926
1.7211954806135517 1.9593309869699724
-1.4448800387703247 -1.1879831302818926
-1.4448800387703247 1.9593309869699724
-1.3308285068479933 -0.5301661968926936
-1.3308285068479933 2.6322665231156126
1.769937651926626 -0.5301661968926936
1.769937651926626 2.6322665231156126
-1.1802772941628852 1.3611967781337853
-1.1802772941628852 -1.740619449023213
-1.6629231968327718 1.4150236532119234
-1.6629231968327718 -1.7792501065390718
-1.2114419670451326 -0.9861523112390382
-1.2114419670451326 2.172360950071603
-2.151720382941155 -2.151670202503146
-2.151720382941155 1.0361541591397994
1.0360328348707957 -2.151670202503146
1.0360328348707957 1.0361541591397994
1.1576983938221261 1.1576431992658849
1.1576983938221261 -1.9724704285117267
1.1576431992658849 -1.9724747002369363
-1.7038189548308507 -1.6212023676748224
-1.7038189548308507 1.547922492294248
1.4081719973506035 -1.6212023676748224
1.4081719973506035 1.547922492294248
-1.7037391411569762 -1.621360750367831
-1.7037391411569762 1.548024815635274
1.4081086287508018 -1.621360750367831
1.4081086287508018 1.548024815635274
-2.151720382941155 -2.151670202503146
-2.151720382941155 1.0361541591397994
1.0360328348707957 -2.151670202503146
1.0360328348707957 1.0361541591397994
-1.3682620816082833 -1.2547893829988734
-1.3682620816082833 1.8992204600256817
1.7943020141478057 -1.2547893829988734
1.7943020141478057 1.8992204600256817
1.7752303043778457 1.7481676266219686
1.7752303043778457 -1.371487571811871
-2.151720382941155 -2.151670202503146
-2.151720382941155 1.0361541591397994
1.0360328348707957 -2.151670202503146
1.0360328348707957 1.0361541591397994
1.2866868511140743 1.2773532712051496
1.2866868511140743 -1.8621005177098933
1.323173035520186 -1.9744224184073969
1.323173035520186 1.2262083436107334
1.6575755172544 1.9160403570816624
1.6575755172544 -1.2903800942135495
-1.0843821866188006 -0.35287363506428937
-1.0843821866188006 2.8150890864002376
2.8150890864002376 2.022974527302054
-1.7548328526258752 -2.7543439835315713
-1.7548328526258752 0.5488684357174585
-1.1888296788909831 2.620110829907056
-1.1888296788909831 -0.7051870961863976
1.3792327376894582 -2.7543439835315713
1.3792327376894582 0.5488684357174585
1.9360503028185279 2.620110829907056
1.9360503028185279 -0.7051870961863976
1.9600837071235664 -1.0896858927084672
1.9600837071235664 2.0708629860713685
-1.9601002365402527 1.0897679285344144
-1.9601002365402527 -2.0708252147427726
2.3871624538607485 -1.3315466571256078
2.3871624538607485 1.843798287578902
-1.943546739870727 1.2298891356212744
-1.943546739870727 -1.929260222083646
1.2360923176574055 1.2298891356212744
1.2360923176574055 -1.929260222083646
-1.9441743974027548 -1.929643731125031
-1.9441743974027548 1.229155270710524
1.2350601141958324 -1.929643731125031
1.2350601141958324 1.229155270710524
1.1836126148869792 0.7887344352999032
1.1836126148869792 -2.407680503528923
1.1836439133819723 0.7887676228794727
1.1836439133819723 -2.4077874115775106
2.6385041321853313 1.9768541712414571
2.6385041321853313 -1.240078359889098
1.6775834071108737 -1.4114890940790794
1.6775834071108737 1.780590681290014
1.4392048522716148 -3.0093677342410428
1.4392048522716148 0.13448752680977255
-3.0093677342410428 -1.6788564701684205
1.5858190920138178 1.5898619478018015
1.5858190920138178 -1.556200252613233
-1.5446356623813227 1.5898619478018015
-1.5446356623813227 -1.556200252613233
-1.6629231968327718 1.4150236532119234
-1.6629231968327718 -1.7792501065390718
-1.2114419670451326 -0.9861523112390382
-1.2114419670451326 2.172360950071603
2.6246962245243504 -1.1781167037740699
2.6246962245243504 2.0124050310450796
2.62474997198188 -1.1781657621572215
2.62474997198188 2.0122949096539227
2.280818061300991 -0.9969093126198119
2.280818061300991 2.193918159557911
-0.9122403167835106 -0.9969093126198119
-0.9122403167835106 2.193918159557911
-1.3285984613516713 -0.9682017104187262
-1.3285984613516713 2.26014735452434
-1.3286428169498972 -0.9681900500061298
-1.3286428169498972 2.260054160686755
-1.247041563693594 -0.7767418566959171
-1.247041563693594 2.4236387010958795
1.8951780125851816 -0.7767418566959171
1.8951780125851816 2.4236387010958795
-1.247093678297025 2.4235484211816227
-1.247093678297025 -0.776821012357044
1.8950665100047897 2.4235484211816227
1.8950665100047897 -0.776821012357044
1.3276419546682499 -2.5604792608290206
1.3276419546682499 0.6452267220394875
-1.3277622108181633 2.5604497029246143
-1.3277622108181633 -0.6452491922001916
-2.5713416350704503 -2.0950447539354817
-2.5713416350704503 0.9804938147620593
0.5761765557873065 -2.0950447539354817
0.5761765557873065 0.9804938147620593
-1.0843821866188006 -0.35287363506428937
-1.0843821866188006 2.8150890864002376
2.8150890864002376 2.022974527302054
-1.6629231968327718 1.4150236532119234
-1.6629231968327718 -1.7792501065390718
-1.2114419670451326 -0.9861523112390382
-1.2114419670451326 2.172360950071603
-1.035577355312129 1.8530104006634842
-1.035577355312129 -1.3261017956883971
2.1391846329501525 1.8530104006634842
2.1391846329501525 -1.3261017956883971
1.3336396132603778 -1.9731014406890475
1.3336396132603778 1.1660594490645593
-1.8092054996390188 -1.9731014406890475
-1.8092054996390188 1.1660594490645593
1.8092531683942452 -1.1660372059407662
1.8092531683942452 1.9731248992288133
-1.3336745601243052 -1.1660372059407662
-1.3336745601243052 1.9731248992288133
-1.358269338499504 -0.8326764470279232
-1.358269338499504 2.3393732843993984
-1.0843821866188006 -0.35287363506428937
-1.0843821866188006 2.8150890864002376
2.8150890864002376 2.022974527302054
1.1630143631969216 0.9468789225461387
1.1630143631969216 -2.2007206924096088
-2.151720382941155 -2.151670202503146
-2.151720382941155 1.0361541591397994
1.0360328348707957 -2.151670202503146
1.0360328348707957 1.0361541591397994
-1.272732932966033 -0.889576166510851
-1.272732932966033 2.2933007312460103
-2.1247175463864645 -2.124756116205042
-2.1247175463864645 1.0546003192841675
1.0544790170390503 -2.124756116205042
1.0544790170390503 1.0546003192841675
-3.097827615505312 -1.624221752480207
-3.097827615505312 1.5987756107278446
1.3250591328938603 0.9328862065670089
1.3250591328938603 -2.248057010827441
1.3111890258829888 -2.2804825175671346
1.3111890258829888 0.9108608192497867
-1.035577355312129 1.8530104006634842
-1.035577355312129 -1.3261017956883971
2.1391846329501525 1.8530104006634842
2.1391846329501525 -1.3261017956883971
-1.8060445341097227 1.2524269739436587
-1.8060445341097227 -1.901755537386908
-1.3026341002893709 -1.2524269739436587
-1.3026341002893709 1.901755537386908
1.3026341002893709 1.2524269739436587
1.3026341002893709 -1.901755537386908
1.8060445341097227 -1.2524269739436587
1.8060445341097227 1.901755537386908
-1.0843821866188006 -0.35287363506428937
-1.0843821866188006 2.8150890864002376
2.8150890864002376 2.022974527302054
-1.5596888704482756 -1.5882728080844064
-1.5596888704482756 1.5747677965504447
-1.5467431234646953 1.5882728080844064
-1.5467431234646953 -1.5747677965504447
1.5467431234646953 -1.5882728080844064
1.5467431234646953 1.5747677965504447
1.5596888704482756 1.5882728080844064
1.5596888704482756 -1.5747677965504447
1.2437123732346762 1.0790523072926423
1.2437123732346762 -2.0973410853683565
-1.4193692222397816 2.50307408706312
-1.4193692222397816 -0.6785778352811312
1.7197809016018637 2.50307408706312
1.7197809016018637 -0.6785778352811312
1.2291530779166149 0.9806123951296865
1.2291530779166149 -2.202519996776382
-1.230155124710085 -0.8350402754109082
-1.230155124710085 2.373155794041415
-1.2302105225904514 2.373179724131148
-1.2302105225904514 -0.835127500582358
-1.202785082564387 -0.9987584171174834
-1.202785082564387 2.157099587455797
-1.6406204464769059 1.4528186029648733
-1.6406204464769059 -1.7342757589977105
-1.3537381838123235 -0.39096883691825085
-1.3537381838123235 2.7590946523811626
1.7451091371703147 -0.39096883691825085
1.7451091371703147 2.7590946523811626
-1.2416705204970646 1.465485994692887
-1.2416705204970646 -1.6277081741532287
1.245570114234303 -2.458563245129543
1.245570114234303 0.7477262043742415
-2.458563245129543 -1.8914293447874464
1.1943178145674869 1.194107892927807
1.1943178145674869 -1.9530540772799554
-1.9530566682576815 1.194107892927807
-1.9530566682576815 -1.9530540772799554
-1.0843821866188006 -0.35287363506428937
-1.0843821866188006 2.8150890864002376
2.8150890864002376 2.022974527302054
-1.035577355312129 1.8530104006634842
-1.035577355312129 -1.3261017956883971
2.1391846329501525 1.8530104006634842
2.1391846329501525 -1.3261017956883971
-1.2115043422868303 -0.8525792916039783
-1.2115043422868303 2.350063692464453
-1.4095976385032891 2.7028380675022365
-1.4095976385032891 -0.4777208684708765
1.9136887914020198 -0.8525792916039783
1.9136887914020198 2.350063692464453
1.727568695948882 2.7028380675022365
1.727568695948882 -0.4777208684708765
-2.151720382941155 -2.151670202503146
-2.151720382941155 1.0361541591397994
1.0360328348707957 -2.151670202503146
1.0360328348707957 1.0361541591397994
-1.5484687926682146 1.2898160225124469
-1.5484687926682146 -1.8228948681150643
-1.1902530860691085 1.4299490647284858
-1.1902530860691085 -1.6953687754936961
1.987637035413191 1.7929463229338587
1.987637035413191 -1.391606319947205
1.778458498305623 2.4245477790220873
1.778458498305623 -0.7516975923118954
2.4245477790220873 -1.3739457650763973
1.2450741884261198 -2.0965450643552335
1.2450741884261198 1.0805203550722535
-1.6703410676271693 1.3638255819963736
-1.6703410676271693 -1.8309079752587925
-1.6703745303115136 1.3638516866639407
-1.6703745303115136 -1.8310083769220924
1.5666573060039406 -3.1415817871921825
1.5666573060039406 -0.003235973942803194
-1.5719978196252296 -3.1415817871921825
-1.5719978196252296 -0.003235973942803194
1.5204696616108668 -2.9953825704840527
1.5204696616108668 0.1608323224913745
-1.6184953364587307 -2.9953825704840527
-1.6184953364587307 0.1608323224913745
1.4173086449547867 1.4346249702838114
1.4173086449547867 -1.7104255120290959
1.8547379317363037 1.9343367991640268
1.8547379317363037 -1.1908425418588
1.095917116245197 1.0910191370382927
1.095917116245197 -2.0613388026182786
-2.0278658960986724 1.0910191370382927
-2.0278658960986724 -2.0613388026182786
-1.808529306153239 -2.111676390926054
-1.808529306153239 1.0526469446175337
-2.594748332603612 -2.172435471957521
-2.594748332603612 1.1108759598004343
-1.360416479931194 2.5871795539359375
-1.360416479931194 -0.7230313198575634
-1.7440935339258778 -1.7510190441959284
-1.7440935339258778 1.4246971070343135
-1.419745302399142 -1.5697061363857154
-1.419745302399142 1.616776709424909
1.696681969611024 -1.5697061363857154
1.696681969611024 1.616776709424909
1.1089857648819177 -2.4940536800639928
1.1089857648819177 0.7614742950549999
-2.051245949069467 -2.4940536800639928
-2.051245949069467 0.7614742950549999
-3.022414702073859 1.4019943570406108
-3.022414702073859 -1.7222191568913159
1.4019943570406108 0.1197439497401766
-1.3850471123730654 -1.2799294521155609
-1.3850471123730654 1.8665143765343701
1.774823454012662 -1.2799294521155609
1.774823454012662 1.8665143765343701
-1.8333447808894494 0.6657084558591857
-1.8333447808894494 -2.527405948740674
1.8660725165115497 2.1855601334351378
1.8660725165115497 -0.992001315491855
-2.7587519263356985 1.3426989997617351
-2.7587519263356985 -1.7676299781577016
-1.4297378820887725 1.9661553632503914
-1.4297378820887725 -1.1831347944690334
-0.9092621667919262 -0.6183180908230343
-0.9092621667919262 2.562995218521885
-1.5498783095019546 1.4297938966514105
-1.5498783095019546 -1.410966926181062
-1.272553141597295 -0.8458592155443787
-1.272553141597295 2.348475425878824
1.632478724940069 -1.3829037022299466
1.632478724940069 1.827681770510355
-1.4649168013268992 1.3516390851067144
-1.4649168013268992 -1.7587273026381365
1.0507785029845467 -2.1159282898039713
1.0507785029845467 1.1118610193724459
1.1118610193724456 -2.1559027367494217
-1.8109158124040872 -1.5160669685430543
-1.8109158124040872 1.3218262397542924
-1.628122423313952 -1.6323416493166223
-1.628122423313952 1.5113740849492618
1.4837131101683225 -1.6323416493166223
1.4837131101683225 1.5113740849492618
1.4564657124429128 1.4935707375673537
1.4564657124429128 -1.6615758648638657
-1.6644275774523647 1.4935707375673537
-1.6644275774523647 -1.6615758648638657
1.6505921823599725 1.6790694771237316
1.6505921823599725 -1.418373074670876
-1.5095205295101481 2.9152529990260443
-1.5095205295101481 -0.2999699403662121
1.6149221665788396 2.9152529990260443
1.6149221665788396 -0.2999699403662121
0.8308409904161825 0.8626008904059277
0.8308409904161825 -2.2583015651587566
-1.2948849568750094 2.6923362494344465
-1.2948849568750094 -0.44991931628973136
1.8048860168273355 2.6923362494344465
1.8048860168273355 -0.44991931628973136
3.0953790370186534 -1.4991643117064057
3.0953790370186534 1.6741168385540885
1.674116838554089 -0.05886901391504001
-1.5768946998432287 -1.232756526094882
-1.5768946998432287 1.9296284498407672
-1.232756526094882 1.5500294071015976
-1.4649168013268992 1.3516390851067144
-1.4649168013268992 -1.7587273026381365
1.9019843038604274 1.8476613120672998
1.9019843038604274 -1.2840216661756734
-2.2360478293755275 -1.9655572793891696
-2.2360478293755275 1.1431137695118236
-1.4280530681196106 2.9321741481356707
-1.4280530681196106 -0.2241191187932573
2.9321741481356707 1.7465712041069552
-1.4910951657195064 2.0136205854838574
-1.4910951657195064 -1.2171299967531826
1.5815751154906392 2.776207018822915
1.5815751154906392 -0.4112529514652222
-1.5753987102931726 2.776207018822915
-1.5753987102931726 -0.4112529514652222
2.525782029110406 -1.1739158992475316
2.525782029110406 1.972802721354053
-1.1766542546108727 -1.2021394285346862
-1.1766542546108727 1.942478271732772
1.5941503052582875 -1.975067429365868
1.5941503052582875 1.2007248252119118
-2.0849727752440352 1.1132154995303536
-2.0849727752440352 -2.0435150479521296
1.742480270736005 -0.6806744524018618
1.742480270736005 2.4878165584416077
-2.251242937583654 1.0622001392219285
-2.251242937583654 -2.120806232347398
1.0294768724238554 1.0622001392219285
1.0294768724238554 -2.120806232347398
1.1308799921136157 1.2489243615738663
1.1308799921136157 -1.8605947003538157
