Torsion_1 Torsion_2
-1.5430670305682375 1.550514685530408
-1.5430670305682375 -1.542915342468159
1.550386860215447 1.550514685530408
1.550386860215447 -1.542915342468159
-1.168382852793788 -0.9807415643304412
-1.168382852793788 2.1217417727583054
1.9270172306496147 -0.9807415643304412
1.9270172306496147 2.1217417727583054
2.813812295942172 1.795813716009975
2.813812295942172 -1.3744193133472853
-0.29004073869290975 1.795813716009975
-0.29004073869290975 -1.3744193133472853
-1.5677705679852054 1.567788397142042
-1.5677705679852054 -1.567748328537805
1.5677390919968364 1.567788397142042
1.5677390919968364 -1.567748328537805
-1.5677705679852054 1.567788397142042
-1.5677705679852054 -1.567748328537805
1.5677390919968364 1.567788397142042
1.5677390919968364 -1.567748328537805
-0.8698660232996456 1.9233213178909254
-0.8698660232996456 -1.1916716420513112
2.2259603833325166 1.9233213178909254
2.2259603833325166 -1.1916716420513112
2.1465970059365005 -1.2828885836548525
2.1465970059365005 1.830619700921496
-0.9659096758641064 -1.2828885836548525
-0.9659096758641064 1.830619700921496
-1.0541870827276476 2.0560812968179376
-1.0541870827276476 -1.054504248230117
2.056065388845149 2.0560812968179376
2.056065388845149 -1.054504248230117
1.8422255899345177 2.113832391831062
1.8422255899345177 -0.9804848041365106
-1.252651535168263 2.113832391831062
-1.252651535168263 -0.9804848041365106
1.8629882103217186 -1.2113739975627011
1.8629882103217186 1.9190530629938223
-1.2635040670395914 -1.2113739975627011
-1.2635040670395914 1.9190530629938223
1.7682269209905865 -1.271830972407183
1.7682269209905865 1.8261899189367392
-1.369906291996135 -1.271830972407183
-1.369906291996135 1.8261899189367392
1.56920020120027 1.5694291229497586
1.56920020120027 -1.5691711317707195
-1.5693878261380478 1.5694291229497586
-1.5693878261380478 -1.5691711317707195
-1.8452517359927323 -2.269545995461396
-1.8452517359927323 0.8365839958703596
1.2900165055870239 -2.269545995461396
1.2900165055870239 0.8365839958703596
-2.9654060524894876 1.4384366317391089
-2.9654060524894876 -1.765700686345531
0.1687224667253797 1.4384366317391089
0.1687224667253797 -1.765700686345531
-1.0302890328245933 -0.5668439153801613
-1.0302890328245933 2.555369074845115
2.0900659415993816 -0.5668439153801613
2.0900659415993816 2.555369074845115
-1.554584353248426 -1.5579749955250375
-1.554584353248426 1.5579199381764421
1.5541810940675775 -1.5579749955250375
1.5541810940675775 1.5579199381764421
-1.5678118685098108 1.56766119628648
-1.5678118685098108 -1.56773820704976
1.56756227873737 1.56766119628648
1.56756227873737 -1.56773820704976
1.5694131387320638 -1.5692664409891872
1.5694131387320638 1.56917912382446
-1.569015164090077 -1.5692664409891872
-1.569015164090077 1.56917912382446
1.4033538370306808 1.76349882803046
1.4033538370306808 -1.3209489566703378
-1.7017083797772719 1.76349882803046
-1.7017083797772719 -1.3209489566703378
-1.5677705679852054 1.567788397142042
-1.5677705679852054 -1.567748328537805
1.5677390919968364 1.567788397142042
1.5677390919968364 -1.567748328537805
-1.8256596376636995 1.301340394320806
-1.8256596376636995 -1.825717517542771
1.3013217379323632 1.301340394320806
1.3013217379323632 -1.825717517542771
1.1639202064640382 1.1849717740439873
1.1639202064640382 -1.8484699652495857
-2.0353078295557547 1.1849717740439873
-2.0353078295557547 -1.8484699652495857
1.727125977836994 1.3378512608078226
1.727125977836994 -1.739324245474544
-1.3744341137902496 1.3378512608078226
-1.3744341137902496 -1.739324245474544
1.2696511574080218 1.3015219048013227
1.2696511574080218 -1.7185850887016463
-1.882564404316415 1.3015219048013227
-1.882564404316415 -1.7185850887016463
-1.5677705679852054 1.567788397142042
-1.5677705679852054 -1.567748328537805
1.5677390919968364 1.567788397142042
1.5677390919968364 -1.567748328537805
-1.561552472700978 -3.1415559507479367
-1.561552472700978 -8.073811855461767e-05
1.5614804708006957 -3.1415559507479367
1.5614804708006957 -8.073811855461767e-05
-1.6254610201732473 -1.698320232433005
-1.6254610201732473 1.4159576878495947
1.500799605626123 -1.698320232433005
1.500799605626123 1.4159576878495947
-0.8816475883614605 -0.8817273007544297
-0.8816475883614605 2.2291107677232667
2.2291209531012406 -0.8817273007544297
2.2291209531012406 2.2291107677232667
-1.3928756678587666 -1.7124614731613315
-1.3928756678587666 1.392933162042725
1.712475716989397 -1.7124614731613315
1.712475716989397 1.392933162042725
1.5566238800269727 1.5533227729886425
1.5566238800269727 -1.5532980210503666
-1.5564162239222548 1.5533227729886425
-1.5564162239222548 -1.5532980210503666
-1.7720773476614793 -1.8128185179474932
-1.7720773476614793 1.3036454019583519
1.3480891781480966 -1.8128185179474932
1.3480891781480966 1.3036454019583519
-1.5671187421332118 1.5670493380466424
-1.5671187421332118 -1.5672213285739847
1.5671211486609284 1.5670493380466424
1.5671211486609284 -1.5672213285739847
1.5694131387320638 -1.5692664409891872
1.5694131387320638 1.56917912382446
-1.569015164090077 -1.5692664409891872
-1.569015164090077 1.56917912382446
1.6973965569641933 -0.7204119777720126
1.6973965569641933 2.382573122178392
-1.436007180012236 -0.7204119777720126
-1.436007180012236 2.382573122178392
1.7830445759227287 1.924588438556046
1.7830445759227287 -1.1886462223977918
-1.3606532480039837 1.924588438556046
-1.3606532480039837 -1.1886462223977918
-1.3021761497416928 1.8272837979698118
-1.3021761497416928 -1.3130223886399999
1.8080993922427977 1.8272837979698118
1.8080993922427977 -1.3130223886399999
1.792501882862471 1.8282568879016492
1.792501882862471 -1.2540443421960066
-1.3100060800495439 1.8282568879016492
-1.3100060800495439 -1.2540443421960066
-1.5677705679852054 1.567788397142042
-1.5677705679852054 -1.567748328537805
1.5677390919968364 1.567788397142042
1.5677390919968364 -1.567748328537805
-1.5671187421332118 1.5670493380466424
-1.5671187421332118 -1.5672213285739847
1.5671211486609284 1.5670493380466424
1.5671211486609284 -1.5672213285739847
-1.5708793121385434 -1.5708806458073523
-1.5708793121385434 1.5707453113165402
1.5707044355209594 -1.5708806458073523
1.5707044355209594 1.5707453113165402
1.0136200390364827 1.781782328530202
1.0136200390364827 -1.2392991740153338
-2.052667854042477 1.781782328530202
-2.052667854042477 -1.2392991740153338
1.348572727280739 -3.115182298318951
1.348572727280739 0.03165843289350704
-1.7952411438066416 -3.115182298318951
-1.7952411438066416 0.03165843289350704
-1.5706683323261945 -1.5707072642709794
-1.5706683323261945 1.57064508876299
1.5706129619870035 -1.5707072642709794
1.5706129619870035 1.57064508876299
-1.5706683323261945 -1.5707072642709794
-1.5706683323261945 1.57064508876299
1.5706129619870035 -1.5707072642709794
1.5706129619870035 1.57064508876299
-1.5671187421332118 1.5670493380466424
-1.5671187421332118 -1.5672213285739847
1.5671211486609284 1.5670493380466424
1.5671211486609284 -1.5672213285739847
-1.569116280110841 1.5689802063994567
-1.569116280110841 -1.5691772336961292
1.569090687476258 1.5689802063994567
1.569090687476258 -1.5691772336961292
1.565819681872207 3.141575697642908
1.565819681872207 -1.3240933580482545e-05
-1.565795282019465 3.141575697642908
-1.565795282019465 -1.3240933580482545e-05
-1.5671187421332118 1.5670493380466424
-1.5671187421332118 -1.5672213285739847
1.5671211486609284 1.5670493380466424
1.5671211486609284 -1.5672213285739847
1.4019195421721669 1.4019278765025447
1.4019195421721669 -1.6882851751533223
-1.6882639694983408 1.4019278765025447
-1.6882639694983408 -1.6882851751533223
-1.2692582451265122 -1.2701465193585142
-1.2692582451265122 1.859429054525964
1.8600291432265943 -1.2701465193585142
1.8600291432265943 1.859429054525964
1.8167830099072075 1.8169263104389581
1.8167830099072075 -1.2712771175416695
-1.2715110427609835 1.8169263104389581
-1.2715110427609835 -1.2712771175416695
-1.5677705679852054 1.567788397142042
-1.5677705679852054 -1.567748328537805
1.5677390919968364 1.567788397142042
1.5677390919968364 -1.567748328537805
1.5694131387320638 -1.5692664409891872
1.5694131387320638 1.56917912382446
-1.569015164090077 -1.5692664409891872
-1.569015164090077 1.56917912382446
1.56920020120027 1.5694291229497586
1.56920020120027 -1.5691711317707195
-1.5693878261380478 1.5694291229497586
-1.5693878261380478 -1.5691711317707195
1.5634788628780611 3.141410059498466
1.5634788628780611 -8.214911667990212e-05
-1.5677055555404829 3.141410059498466
-1.5677055555404829 -8.214911667990212e-05
-2.1218227820511855 -1.90185981938407
-2.1218227820511855 1.1934475281585943
0.9960364369651336 -1.90185981938407
0.9960364369651336 1.1934475281585943
1.1289805190062994 0.8837501878097728
1.1289805190062994 -2.1881029159481624
-1.9920459774250752 0.8837501878097728
-1.9920459774250752 -2.1881029159481624
-1.6282500256312848 1.4764009082299059
-1.6282500256312848 -1.623784719963315
1.459928095596571 1.4764009082299059
1.459928095596571 -1.623784719963315
-0.6822584932353087 2.0743069972355173
-0.6822584932353087 -1.0318760534771345
2.435556355259975 2.0743069972355173
2.435556355259975 -1.0318760534771345
-1.3343623203211286 -1.2487086322557306
-1.3343623203211286 1.868229435453487
1.7858529584297935 -1.2487086322557306
1.7858529584297935 1.868229435453487
-0.9491994787338275 2.0719319287261673
-0.9491994787338275 -1.060087910475797
2.125819809136395 2.0719319287261673
2.125819809136395 -1.060087910475797
-3.1058066485657427 -1.3764778530711965
-3.1058066485657427 1.791036760261536
-0.015122814821138633 -1.3764778530711965
-0.015122814821138633 1.791036760261536
0.9688452648570304 1.2318516942773001
0.9688452648570304 -1.883988880046896
-2.143557483236556 1.2318516942773001
-2.143557483236556 -1.883988880046896
-0.8322042377075828 2.0642636071366307
-0.8322042377075828 -1.076367610339504
2.300122248118599 2.0642636071366307
2.300122248118599 -1.076367610339504
-1.108630090248347 -0.9300440906193934
-1.108630090248347 2.1820822125520665
1.9877154928419023 -0.9300440906193934
1.9877154928419023 2.1820822125520665
1.4317705594689287 1.3841890150789298
1.4317705594689287 -1.7371853456828663
-1.707019932480745 1.3841890150789298
-1.707019932480745 -1.7371853456828663
1.0343185352754465 0.9827745065754261
1.0343185352754465 -2.1282733422763975
-2.0759385441354095 0.9827745065754261
-2.0759385441354095 -2.1282733422763975
1.868084598283743 -1.16549051765024
1.868084598283743 1.9469582203641231
-1.2452119918001376 -1.16549051765024
-1.2452119918001376 1.9469582203641231
1.8038178842532337 -0.6286071403721053
1.8038178842532337 2.468893372944518
-1.3397983995858662 -0.6286071403721053
-1.3397983995858662 2.468893372944518
1.8478276123164912 -1.1600240582703425
1.8478276123164912 1.9489697400224568
-1.2664156702576832 -1.1600240582703425
-1.2664156702576832 1.9489697400224568
-1.2647962833591218 1.951596324386588
-1.2647962833591218 -1.1537781925442685
1.8492781320014497 1.951596324386588
1.8492781320014497 -1.1537781925442685
1.6658203152748288 1.442249549277805
1.6658203152748288 -1.7034752785472567
-1.4344448074078084 1.442249549277805
-1.4344448074078084 -1.7034752785472567
-1.005095481361065 2.1669831740535748
-1.005095481361065 -0.9487675672358924
2.0923498216995293 2.1669831740535748
2.0923498216995293 -0.9487675672358924
2.0130038082661446 -0.9116698911933452
2.0130038082661446 2.1956759026810877
-1.0956721902456343 -0.9116698911933452
-1.0956721902456343 2.1956759026810877
-1.3343623203211286 -1.2487086322557306
-1.3343623203211286 1.868229435453487
1.7858529584297935 -1.2487086322557306
1.7858529584297935 1.868229435453487
1.5647239938572846 -3.1415268499331503
1.5647239938572846 -3.518938592256447e-05
-1.5646741714117711 -3.1415268499331503
-1.5646741714117711 -3.518938592256447e-05
0.45537643751164975 1.100032052756056
0.45537643751164975 -2.05446824471603
-2.6323466696994022 1.100032052756056
-2.6323466696994022 -2.05446824471603
1.6169638111766107 3.128361291893568
1.6169638111766107 -0.014751972899446072
-1.52310660772951 3.128361291893568
-1.52310660772951 -0.014751972899446072
2.2347799571665328 -0.9541966374162779
2.2347799571665328 2.1859921347618174
-0.7408186257682825 -0.9541966374162779
-0.7408186257682825 2.1859921347618174
-2.102734963716082 0.6601815808655717
-2.102734963716082 -2.4555854839499713
1.005560214594782 0.6601815808655717
1.005560214594782 -2.4555854839499713
1.4405906014195626 -1.6528149783326715
1.4405906014195626 1.4399546227504894
-1.6541712670034867 -1.6528149783326715
-1.6541712670034867 1.4399546227504894
2.1778044812717443 -1.0040729170605176
2.1778044812717443 2.0995308125209338
-0.9333979808787576 -1.0040729170605176
-0.9333979808787576 2.0995308125209338
-1.5678279735180893 3.1415531937278134
-1.5678279735180893 -5.687083981791669e-05
1.5677868708788503 3.1415531937278134
1.5677868708788503 -5.687083981791669e-05
-1.7257015099686723 -1.7391936396758247
-1.7257015099686723 1.4018754400617393
1.4061891565342257 -1.7391936396758247
1.4061891565342257 1.4018754400617393
1.6464442660342207 1.6558780009196044
1.6464442660342207 -1.4357594053518556
-1.4429823568335298 1.6558780009196044
-1.4429823568335298 -1.4357594053518556
-1.3343623203211286 -1.2487086322557306
-1.3343623203211286 1.868229435453487
1.7858529584297935 -1.2487086322557306
1.7858529584297935 1.868229435453487
-1.4507883214860962 -1.372274831995021
-1.4507883214860962 1.6882207587938916
1.6605057858104686 -1.372274831995021
1.6605057858104686 1.6882207587938916
-2.2538830841091455 0.9798343001974977
-2.2538830841091455 -2.069792802750084
0.8018965327402909 0.9798343001974977
0.8018965327402909 -2.069792802750084
-2.5055764988656923 -2.0483488374934953
-2.5055764988656923 1.064794121688912
0.6118195541252534 -2.0483488374934953
0.6118195541252534 1.064794121688912
1.9078508584368252 2.2560816782255357
1.9078508584368252 -0.8453478912559451
-1.2127619041401076 2.2560816782255357
-1.2127619041401076 -0.8453478912559451
-0.8415164368727971 -1.3275990413523668
-0.8415164368727971 1.8112728910246696
2.2641920204487196 -1.3275990413523668
2.2641920204487196 1.8112728910246696
1.8972825166663407 -1.0254983602928638
1.8972825166663407 2.0266504621527774
-1.1994342746923885 -1.0254983602928638
-1.1994342746923885 2.0266504621527774
0.9169701993594945 -1.913688343112569
0.9169701993594945 1.1855545999191723
-2.19085868156533 -1.913688343112569
-2.19085868156533 1.1855545999191723
-1.099511880964324 -0.915972597020297
-1.099511880964324 2.156567610547037
2.013895545039045 -0.915972597020297
2.013895545039045 2.156567610547037
-1.5639583056479496 3.1415585739323086
-1.5639583056479496 0.00010693908738048162
1.5638574321287368 3.1415585739323086
1.5638574321287368 0.00010693908738048162
2.2822147339320917 -0.9970653335234142
2.2822147339320917 2.1114774750301533
-0.8304571856371233 -0.9970653335234142
-0.8304571856371233 2.1114774750301533
-0.9305075170161855 2.090277653268383
-0.9305075170161855 -1.0094908404526661
2.180439055087789 2.090277653268383
2.180439055087789 -1.0094908404526661
-1.3343623203211286 -1.2487086322557306
-1.3343623203211286 1.868229435453487
1.7858529584297935 -1.2487086322557306
1.7858529584297935 1.868229435453487
1.0343185352754465 0.9827745065754261
1.0343185352754465 -2.1282733422763975
-2.0759385441354095 0.9827745065754261
-2.0759385441354095 -2.1282733422763975
1.1813558123968062 1.0388567568997369
1.1813558123968062 -2.0958240394086736
-1.9341470953008058 1.0388567568997369
-1.9341470953008058 -2.0958240394086736
2.193568462257943 -0.995696675750097
2.193568462257943 2.1269278686114745
-0.8770531043006796 -0.995696675750097
-0.8770531043006796 2.1269278686114745
-1.5298163010026136 -1.5467045959722132
-1.5298163010026136 1.5481952894705682
1.5316599876428147 -1.5467045959722132
1.5316599876428147 1.5481952894705682
-1.2926640573250026 2.352830911145587
-1.2926640573250026 -0.7419334241966582
1.8487851480885398 2.352830911145587
1.8487851480885398 -0.7419334241966582
0.014686418767372965 -1.7347763499408482
0.014686418767372965 1.4090528714234476
3.1361165158232183 -1.7347763499408482
3.1361165158232183 1.4090528714234476
0.8928277481431895 1.0535582022972143
0.8928277481431895 -2.0699061754160044
-2.175780691647001 1.0535582022972143
-2.175780691647001 -2.0699061754160044
-2.175465123612858 1.0527836344818486
-2.175465123612858 -2.070428507581705
0.8932415850862273 1.0527836344818486
0.8932415850862273 -2.070428507581705
1.9219526247906191 1.9220022740967064
1.9219526247906191 -1.2200842837927677
-1.2200932436814096 1.9220022740967064
-1.2200932436814096 -1.2200842837927677
1.2538387515708602 -1.8681763395072069
1.2538387515708602 1.2537995672633464
-1.868286183856938 -1.8681763395072069
-1.868286183856938 1.2537995672633464
2.2672630779724963 -1.0640601812054322
2.2672630779724963 2.0347026313784204
-0.8436593196846718 -1.0640601812054322
-0.8436593196846718 2.0347026313784204
-1.8582876371215973 1.310827444383387
-1.8582876371215973 -1.823964396579247
1.2563936393706376 1.310827444383387
1.2563936393706376 -1.823964396579247
-1.9470659308091605 -1.946992551604708
-1.9470659308091605 1.1610819275067261
1.1611031519176631 -1.946992551604708
1.1611031519176631 1.1610819275067261
1.1611059230945908 1.1611576198032272
1.1611059230945908 -1.946937297821744
-1.9470335886598804 1.1611576198032272
-1.9470335886598804 -1.946937297821744
-1.3247759345917487 1.9102765667004946
-1.3247759345917487 -1.1999969727807265
1.7971383882233682 1.9102765667004946
1.7971383882233682 -1.1999969727807265
1.9534064133559577 1.9528772783425603
1.9534064133559577 -1.1571060729861098
-1.1566070533597108 1.9528772783425603
-1.1566070533597108 -1.1571060729861098
-1.1567648433699356 1.9529943556323655
-1.1567648433699356 -1.1569234409410822
1.9531981465973516 1.9529943556323655
1.9531981465973516 -1.1569234409410822
-0.4731494471844696 1.8396477708338146
-0.4731494471844696 -1.2781606493719575
2.630502406367729 1.8396477708338146
2.630502406367729 -1.2781606493719575
-2.0927429298407523 1.1031709684949866
-2.0927429298407523 -1.9891722726462377
1.0365854306081814 1.1031709684949866
1.0365854306081814 -1.9891722726462377
-2.0713689450738246 1.2077187704616328
-2.0713689450738246 -1.891416440870488
0.9869284801133413 1.2077187704616328
0.9869284801133413 -1.891416440870488
-2.0713942429442236 -1.8912143859673394
-2.0713942429442236 1.2080416455139287
0.9868906752282315 -1.8912143859673394
0.9868906752282315 1.2080416455139287
1.9040328248904745 1.7921303519944944
1.9040328248904745 -1.3303950184690658
-1.2122274477213841 1.7921303519944944
-1.2122274477213841 -1.3303950184690658
-2.0414159651907338 1.1640094118880606
-2.0414159651907338 -1.9526233422595913
1.0354234766981707 1.1640094118880606
1.0354234766981707 -1.9526233422595913
-1.6908429303264263 1.3763436749606817
-1.6908429303264263 -1.7070491459150334
1.4562020031428902 1.3763436749606817
1.4562020031428902 -1.7070491459150334
2.456230477800852 -0.9775922224032264
2.456230477800852 2.054516949548336
-0.6561057275174637 -0.9775922224032264
-0.6561057275174637 2.054516949548336
2.011001965737517 -1.2872508760141683
2.011001965737517 1.7844882982885315
-1.1115065577144279 -1.2872508760141683
-1.1115065577144279 1.7844882982885315
2.1859319422497623 2.0964338822045696
2.1859319422497623 -1.003229010593638
-0.9240528229952982 2.0964338822045696
-0.9240528229952982 -1.003229010593638
0.7537183967591643 0.753787578850424
0.7537183967591643 -2.3422688943731567
-2.3422547092186066 0.753787578850424
-2.3422547092186066 -2.3422688943731567
0.7537764991491955 0.75381969772682
0.7537764991491955 -2.342260176483542
-2.342199095322719 0.75381969772682
-2.342199095322719 -2.342260176483542
-1.864582096299168 1.3652355916553784
-1.864582096299168 -1.751447777816344
1.2569012684869156 1.3652355916553784
1.2569012684869156 -1.751447777816344
-1.8435663612738942 -1.871633073433103
-1.8435663612738942 1.2458310240302928
1.2837086364724328 -1.871633073433103
1.2837086364724328 1.2458310240302928
1.4289156303332509 1.4150436300501956
1.4289156303332509 -1.6774074117224196
-1.6720107562119146 1.4150436300501956
-1.6720107562119146 -1.6774074117224196
1.3476856538533568 0.2777058048607611
1.3476856538533568 -2.818789464339686
-1.7671059339684538 0.2777058048607611
-1.7671059339684538 -2.818789464339686
2.068314143891054 -1.0787707810508618
2.068314143891054 2.0682092567426995
-1.0787336639788299 -1.0787707810508618
-1.0787336639788299 2.0682092567426995
2.1521980948752133 2.152659787630165
2.1521980948752133 -0.9178602540979033
-0.9183411681818362 2.152659787630165
-0.9183411681818362 -0.9178602540979033
1.9080944110458664 1.7944578180489719
1.9080944110458664 -1.3280724282069756
-1.207884475802415 1.7944578180489719
-1.207884475802415 -1.3280724282069756
-1.943593861023162 -1.8772805332539788
-1.943593861023162 1.2454630663482567
1.161657792567583 -1.8772805332539788
1.161657792567583 1.2454630663482567
1.9534064133559577 1.9528772783425603
1.9534064133559577 -1.1571060729861098
-1.1566070533597108 1.9528772783425603
-1.1566070533597108 -1.1571060729861098
-1.1567648433699356 1.9529943556323655
-1.1567648433699356 -1.1569234409410822
1.9531981465973516 1.9529943556323655
1.9531981465973516 -1.1569234409410822
-1.7760094771135828 -2.945177041956184
-1.7760094771135828 0.2435247859761337
1.3617291342650901 -2.945177041956184
1.3617291342650901 0.2435247859761337
-1.081511878998473 1.760673838093581
-1.081511878998473 -1.3498646042014928
2.001084535885585 1.760673838093581
2.001084535885585 -1.3498646042014928
-1.735705175270666 -1.5758719712562932
-1.735705175270666 1.5506263725302043
1.395442041627852 -1.5758719712562932
1.395442041627852 1.5506263725302043
-2.1809105477133075 1.3190364112561737
-2.1809105477133075 -1.8010537132493538
0.9306225179700778 1.3190364112561737
0.9306225179700778 -1.8010537132493538
1.5899530106534387 -1.1246175725182055
1.5899530106534387 2.0082234919892814
-1.5680676723255582 -1.1246175725182055
-1.5680676723255582 2.0082234919892814
-1.2193431964383015 2.245440899853903
-1.2193431964383015 -0.8627852057094832
1.902813339968575 2.245440899853903
1.902813339968575 -0.8627852057094832
2.22019969961703 -1.0449969546192657
2.22019969961703 2.0649890800047856
-0.8807717170772139 -1.0449969546192657
-0.8807717170772139 2.0649890800047856
1.1868173441288106 -1.9175361126723496
1.1868173441288106 1.1867397463128209
-1.9173826036996062 -1.9175361126723496
-1.9173826036996062 1.1867397463128209
-1.917633941042118 1.1862088526102068
-1.917633941042118 -1.9179073092725787
1.1864697335028187 1.1862088526102068
1.1864697335028187 -1.9179073092725787
1.0993501272034423 -2.2084210668048
1.0993501272034423 0.9003493263226522
-1.9888276946798011 -2.2084210668048
-1.9888276946798011 0.9003493263226522
-0.9931107521930493 2.1140782484094536
-0.9931107521930493 -1.0019806200704078
2.1024458935812054 2.1140782484094536
2.1024458935812054 -1.0019806200704078
-1.904626219335715 1.2060401940905632
-1.904626219335715 -1.9045332790017007
1.2060438510296356 1.2060401940905632
1.2060438510296356 -1.9045332790017007
1.165889824393689 1.1660752731072894
1.165889824393689 -1.959538611623283
-1.959551881844012 1.1660752731072894
-1.959551881844012 -1.959538611623283
1.1350003014173686 1.1350109722192876
1.1350003014173686 -1.9650910948013933
-1.9650297558649996 1.1350109722192876
-1.9650297558649996 -1.9650910948013933
-0.4731494471844696 1.8396477708338146
-0.4731494471844696 -1.2781606493719575
2.630502406367729 1.8396477708338146
2.630502406367729 -1.2781606493719575
-1.6050636711059927 1.2457805701876545
-1.6050636711059927 -1.886764461930708
1.5374297469570326 1.2457805701876545
1.5374297469570326 -1.886764461930708
-0.8813374071611029 -1.0361544328530339
-0.8813374071611029 2.0713306125449624
2.2200872325375274 -1.0361544328530339
2.2200872325375274 2.0713306125449624
-1.9045795331445452 1.330378317414751
-1.9045795331445452 -1.792353941593049
1.2103388573132388 1.330378317414751
1.2103388573132388 -1.792353941593049
-2.2043701908902134 -2.021589847314771
-2.2043701908902134 1.0784385276288826
0.9036894664210064 -2.021589847314771
0.9036894664210064 1.0784385276288826
-2.0919542387683956 -2.319176346339949
-2.0919542387683956 0.7732610615269357
1.0367016174631876 -2.319176346339949
1.0367016174631876 0.7732610615269357
1.8476222471651251 1.8475766869040389
1.8476222471651251 -1.264051837518958
-1.2640417455766404 1.8475766869040389
-1.2640417455766404 -1.264051837518958
-1.122015044985382 1.971538608569183
-1.122015044985382 -1.1220980908468823
1.97157975077564 1.971538608569183
1.97157975077564 -1.1220980908468823
-0.4731494471844696 1.8396477708338146
-0.4731494471844696 -1.2781606493719575
2.630502406367729 1.8396477708338146
2.630502406367729 -1.2781606493719575
-1.6132510536728053 1.6145373930197562
-1.6132510536728053 -1.5281906338091094
1.5296547564014107 1.6145373930197562
1.5296547564014107 -1.5281906338091094
-1.154836362276717 -1.1547486107457283
-1.154836362276717 1.9562550432671661
1.9562408095323014 -1.1547486107457283
1.9562408095323014 1.9562550432671661
1.9562733516845126 -1.154778310059836
1.9562733516845126 1.9563309748335123
-1.1547899036400397 -1.154778310059836
-1.1547899036400397 1.9563309748335123
1.2108055317530988 1.114842478146409
1.2108055317530988 -1.9695441611862987
-1.8890099476093702 1.114842478146409
-1.8890099476093702 -1.9695441611862987
-1.154836362276717 -1.1547486107457283
-1.154836362276717 1.9562550432671661
1.9562408095323014 -1.1547486107457283
1.9562408095323014 1.9562550432671661
1.9562733516845126 -1.154778310059836
1.9562733516845126 1.9563309748335123
-1.1547899036400397 -1.154778310059836
-1.1547899036400397 1.9563309748335123
-1.9665553318725704 -1.966201928773512
-1.9665553318725704 1.140381812098965
1.1399586644200177 -1.966201928773512
1.1399586644200177 1.140381812098965
1.1400817198782496 1.1401045782921073
1.1400817198782496 -1.9662992406532178
-1.9663065865880252 1.1401045782921073
-1.9663065865880252 -1.9662992406532178
2.228429053786344 1.9374674880703646
2.228429053786344 -1.1796306675329908
-0.8802666625666917 1.9374674880703646
-0.8802666625666917 -1.1796306675329908
-1.1301656896816676 1.970480061281744
-1.1301656896816676 -1.1333293401793196
1.9741043189103769 1.970480061281744
1.9741043189103769 -1.1333293401793196
-1.130067969890256 1.9705462081822889
-1.130067969890256 -1.1333157378742698
1.9741362039651982 1.9705462081822889
1.9741362039651982 -1.1333157378742698
1.1927364034535468 0.9758892035528456
1.1927364034535468 -2.07686761928784
-1.9019281482303247 0.9758892035528456
-1.9019281482303247 -2.07686761928784
1.1852233094645093 0.9657478400851476
1.1852233094645093 -2.0866533082795398
-1.907588288614497 0.9657478400851476
-1.907588288614497 -2.0866533082795398
1.9255950220272133 1.8965417879759452
1.9255950220272133 -1.1852179877532427
-1.1951543315538196 1.8965417879759452
-1.1951543315538196 -1.1852179877532427
-1.9129431212700443 -2.277741404788599
-1.9129431212700443 0.8316330970348966
1.1937778709777156 -2.277741404788599
1.1937778709777156 0.8316330970348966
1.9534064133559577 1.9528772783425603
1.9534064133559577 -1.1571060729861098
-1.1566070533597108 1.9528772783425603
-1.1566070533597108 -1.1571060729861098
-1.1567648433699356 1.9529943556323655
-1.1567648433699356 -1.1569234409410822
1.9531981465973516 1.9529943556323655
1.9531981465973516 -1.1569234409410822
-3.141556052738904 -1.576001529956364
-3.141556052738904 1.575752642088033
0.00015417117909949032 -1.576001529956364
0.00015417117909949032 1.575752642088033
-1.119045478289363 2.1896909432925384
-1.119045478289363 -0.9152528459502273
1.9724125160499635 2.1896909432925384
1.9724125160499635 -0.9152528459502273
0.8061900062191929 0.8059147053893626
0.8061900062191929 -2.327399812783053
-2.3273630199046225 0.8059147053893626
-2.3273630199046225 -2.327399812783053
-1.6132510536728053 1.6145373930197562
-1.6132510536728053 -1.5281906338091094
1.5296547564014107 1.6145373930197562
1.5296547564014107 -1.5281906338091094
2.1561551303506103 1.7696597645533654
2.1561551303506103 -1.3371836472177465
-0.9580346459976674 1.7696597645533654
-0.9580346459976674 -1.3371836472177465
-1.9787295265797058 1.1226132126528623
-1.9787295265797058 -1.9787076633601692
1.1226566825928284 1.1226132126528623
1.1226566825928284 -1.9787076633601692
1.1227283602797813 -1.9790017611644681
1.1227283602797813 1.122425578443625
-1.9786917801241373 -1.9790017611644681
-1.9786917801241373 1.122425578443625
2.068314143891054 -1.0787707810508618
2.068314143891054 2.0682092567426995
-1.0787336639788299 -1.0787707810508618
-1.0787336639788299 2.0682092567426995
2.1521980948752133 2.152659787630165
2.1521980948752133 -0.9178602540979033
-0.9183411681818362 2.152659787630165
-0.9183411681818362 -0.9178602540979033
1.9932228244506702 -1.1167599161106385
1.9932228244506702 1.9886591612389133
-1.1155484758525824 -1.1167599161106385
-1.1155484758525824 1.9886591612389133
1.9925046614801254 1.9888359683583727
1.9925046614801254 -1.1165520488309104
-1.116260901737054 1.9888359683583727
-1.116260901737054 -1.1165520488309104
-1.154836362276717 -1.1547486107457283
-1.154836362276717 1.9562550432671661
1.9562408095323014 -1.1547486107457283
1.9562408095323014 1.9562550432671661
1.9562733516845126 -1.154778310059836
1.9562733516845126 1.9563309748335123
-1.1547899036400397 -1.154778310059836
-1.1547899036400397 1.9563309748335123
-1.0363818659988968 -1.0390457845517451
-1.0363818659988968 2.0966954227220778
2.0999816228002395 -1.0390457845517451
2.0999816228002395 2.0966954227220778
-1.0385233052464669 -1.0351285135700403
-1.0385233052464669 2.1015444309050744
2.097909585794423 -1.0351285135700403
2.097909585794423 2.1015444309050744
1.9534064133559577 1.9528772783425603
1.9534064133559577 -1.1571060729861098
-1.1566070533597108 1.9528772783425603
-1.1566070533597108 -1.1571060729861098
-1.1567648433699356 1.9529943556323655
-1.1567648433699356 -1.1569234409410822
1.9531981465973516 1.9529943556323655
1.9531981465973516 -1.1569234409410822
-1.2615042398552603 -1.013699231668812
-1.2615042398552603 2.095150472630342
1.8315530778440485 -1.013699231668812
1.8315530778440485 2.095150472630342
1.0131262277435304 0.8882632634804873
1.0131262277435304 -2.222046543663008
-2.0958283642876068 0.8882632634804873
-2.0958283642876068 -2.222046543663008
-2.0965120894928484 0.8889252119729459
-2.0965120894928484 -2.221396450461113
1.0123908043940752 0.8889252119729459
1.0123908043940752 -2.221396450461113
-2.2518513668299276 -2.25194102767126
-2.2518513668299276 0.8434681679155465
0.8433670796557938 -2.25194102767126
0.8433670796557938 0.8434681679155465
-2.251836537555172 -2.252008054792279
-2.251836537555172 0.8434836412107245
0.8434933900601727 -2.252008054792279
0.8434933900601727 0.8434836412107245
-2.194764971154226 -1.8697537595458193
-2.194764971154226 1.2529532430631447
0.9165661469238577 -1.8697537595458193
0.9165661469238577 1.2529532430631447
0.7707899739254823 -1.9858646788536687
0.7707899739254823 1.0959456270680725
-2.327123662587497 -1.9858646788536687
-2.327123662587497 1.0959456270680725
-1.9857637583159977 0.7707010952668404
-1.9857637583159977 -2.327158965719031
1.0960748810359693 0.7707010952668404
1.0960748810359693 -2.327158965719031
-0.9223749589826381 2.0676014483867866
-0.9223749589826381 -1.040617434733601
2.1885632796321057 2.0676014483867866
2.1885632796321057 -1.040617434733601
1.323728779860066 1.0048835556253648
1.323728779860066 -2.1073877533541663
-1.7964275926381799 1.0048835556253648
-1.7964275926381799 -2.1073877533541663
-1.5893431625088628 1.5515947554881304
-1.5893431625088628 -1.6147418836130638
1.5182707490497638 1.5515947554881304
1.5182707490497638 -1.6147418836130638
-1.5891856707467757 1.5515644932907935
-1.5891856707467757 -1.6147216275629308
1.518224538455716 1.5515644932907935
1.518224538455716 -1.6147216275629308
-0.8331714005999372 2.082551895707482
-0.8331714005999372 -1.0344760084815758
2.2749777392911588 2.082551895707482
2.2749777392911588 -1.0344760084815758
1.2229734960637408 -2.426615963095603
1.2229734960637408 0.6626442321965568
-1.8837673608222452 -2.426615963095603
-1.8837673608222452 0.6626442321965568
1.0996710536846923 -2.2941192329345
1.0996710536846923 0.8240138569781834
-2.010125334144827 -2.2941192329345
-2.010125334144827 0.8240138569781834
1.9464736266101506 1.9463704262655814
1.9464736266101506 -1.1639417375613956
-1.1637130655389956 1.9463704262655814
-1.1637130655389956 -1.1639417375613956
-1.1638083133978536 1.946350019067904
-1.1638083133978536 -1.1638534248547536
1.9463235196046749 1.946350019067904
1.9463235196046749 -1.1638534248547536
2.068314143891054 -1.0787707810508618
2.068314143891054 2.0682092567426995
-1.0787336639788299 -1.0787707810508618
-1.0787336639788299 2.0682092567426995
2.1521980948752133 2.152659787630165
2.1521980948752133 -0.9178602540979033
-0.9183411681818362 2.152659787630165
-0.9183411681818362 -0.9178602540979033
-1.9787295265797058 1.1226132126528623
-1.9787295265797058 -1.9787076633601692
1.1226566825928284 1.1226132126528623
1.1226566825928284 -1.9787076633601692
1.1227283602797813 -1.9790017611644681
1.1227283602797813 1.122425578443625
-1.9786917801241373 -1.9790017611644681
-1.9786917801241373 1.122425578443625
-1.5652170206066665 -1.5685022816727443
-1.5652170206066665 1.5688914530095155
1.5652522300747216 -1.5685022816727443
1.5652522300747216 1.5688914530095155
-1.1922830589533846 -1.2948861069115836
-1.1922830589533846 1.823676875783314
1.9210163204100963 -1.2948861069115836
1.9210163204100963 1.823676875783314
-1.2023172410201008 1.9938734087761858
-1.2023172410201008 -1.1129193633401815
1.906360794558469 1.9938734087761858
1.906360794558469 -1.1129193633401815
1.9534064133559577 1.9528772783425603
1.9534064133559577 -1.1571060729861098
-1.1566070533597108 1.9528772783425603
-1.1566070533597108 -1.1571060729861098
-1.1567648433699356 1.9529943556323655
-1.1567648433699356 -1.1569234409410822
1.9531981465973516 1.9529943556323655
1.9531981465973516 -1.1569234409410822
-2.186254225759945 1.1131930429642236
-2.186254225759945 -1.9971339302711737
0.9263113037003278 1.1131930429642236
0.9263113037003278 -1.9971339302711737
-1.9787295265797058 1.1226132126528623
-1.9787295265797058 -1.9787076633601692
1.1226566825928284 1.1226132126528623
1.1226566825928284 -1.9787076633601692
1.1227283602797813 -1.9790017611644681
1.1227283602797813 1.122425578443625
-1.9786917801241373 -1.9790017611644681
-1.9786917801241373 1.122425578443625
-1.036516331429481 -0.9516231173474555
-1.036516331429481 2.1610985856044906
2.0794895371259936 -0.9516231173474555
2.0794895371259936 2.1610985856044906
-1.089745727215422 -1.0895670876697823
-1.089745727215422 1.9936264377905073
1.9933873413405807 -1.0895670876697823
1.9933873413405807 1.9936264377905073
1.9935136986674662 -1.0897079712682323
1.9935136986674662 1.9934408483913664
-1.0896188008546406 -1.0897079712682323
-1.0896188008546406 1.9934408483913664
1.8619006245311476 -1.1178928264366592
1.8619006245311476 1.9764555588634665
-1.2589145979570473 -1.1178928264366592
-1.2589145979570473 1.9764555588634665
-1.348452310955052 2.1304677929779037
-1.348452310955052 -0.9762274976165621
1.7656477828115638 2.1304677929779037
1.7656477828115638 -0.9762274976165621
1.8494615083554797 -1.1471932296348915
1.8494615083554797 1.9550667838357967
-1.26503782344024 -1.1471932296348915
-1.26503782344024 1.9550667838357967
-1.971449466741604 1.3157073949115254
-1.971449466741604 -1.8042724367262397
1.1358116619400342 1.3157073949115254
1.1358116619400342 -1.8042724367262397
1.9252993871232917 -1.1683452362969236
1.9252993871232917 1.9418234319270244
-1.1890868006112918 -1.1683452362969236
-1.1890868006112918 1.9418234319270244
1.833428125596502 -1.246306963920699
1.833428125596502 1.8740291946629186
-1.2992324297182691 -1.246306963920699
-1.2992324297182691 1.8740291946629186
1.92311346702358 -1.24311078043512
1.92311346702358 1.8800641601992472
-1.2010496801619375 -1.24311078043512
-1.2010496801619375 1.8800641601992472
-1.9217789618758985 -1.921711958962533
-1.9217789618758985 1.198764659644249
1.1986095099371787 -1.921711958962533
1.1986095099371787 1.198764659644249
-1.13745310233929 -1.1251182140332927
-1.13745310233929 1.9762269467093976
1.9688668094564181 -1.1251182140332927
1.9688668094564181 1.9762269467093976
1.9688043902462244 -1.125075058391043
1.9688043902462244 1.97623044808113
-1.137528075446865 -1.125075058391043
-1.137528075446865 1.97623044808113
-1.8874614200340807 -1.7884669748810504
-1.8874614200340807 1.334811781722811
1.2307119469775971 -1.7884669748810504
1.2307119469775971 1.334811781722811
1.5753027508679116 1.5749811202375537
1.5753027508679116 -1.5662631347017524
-1.5660504809661504 1.5749811202375537
-1.5660504809661504 -1.5662631347017524
-3.1415496680627046 -1.575024950740377
-3.1415496680627046 1.5750679647394719
-1.867465759395603e-05 -1.575024950740377
-1.867465759395603e-05 1.5750679647394719
1.3071617696783204 1.1889869284348413
1.3071617696783204 -1.9331814665479312
-1.8038539655146266 1.1889869284348413
-1.8038539655146266 -1.9331814665479312
1.231729959706465 1.1173474974951705
1.231729959706465 -2.0043159041345024
-1.8714402703128286 1.1173474974951705
-1.8714402703128286 -2.0043159041345024
1.701110741033822 1.3008116153768001
1.701110741033822 -1.7813100799482342
-1.404703924641837 1.3008116153768001
-1.404703924641837 -1.7813100799482342
-2.1958558507510704 0.9462675471633657
-2.1958558507510704 -2.1624054691157064
0.9065416458669291 0.9462675471633657
0.9065416458669291 -2.1624054691157064
-1.897514224331276 1.2494681307099094
-1.897514224331276 -1.8742874098150957
1.2229461831105752 1.2494681307099094
1.2229461831105752 -1.8742874098150957
1.2023467251617583 1.2362125300705156
1.2023467251617583 -1.8906679234044295
-1.9132645554757264 1.2362125300705156
-1.9132645554757264 -1.8906679234044295
-1.154836362276717 -1.1547486107457283
-1.154836362276717 1.9562550432671661
1.9562408095323014 -1.1547486107457283
1.9562408095323014 1.9562550432671661
1.9562733516845126 -1.154778310059836
1.9562733516845126 1.9563309748335123
-1.1547899036400397 -1.154778310059836
-1.1547899036400397 1.9563309748335123
-1.3441386533230062 -1.384492016740396
-1.3441386533230062 1.753545229596825
1.7894752779724077 -1.384492016740396
1.7894752779724077 1.753545229596825
-1.9787295265797058 1.1226132126528623
-1.9787295265797058 -1.9787076633601692
1.1226566825928284 1.1226132126528623
1.1226566825928284 -1.9787076633601692
1.1227283602797813 -1.9790017611644681
1.1227283602797813 1.122425578443625
-1.9786917801241373 -1.9790017611644681
-1.9786917801241373 1.122425578443625
-3.14146106212037 1.5777828202698116
-3.14146106212037 -1.5778294255365413
-9.826393471250102e-05 1.5777828202698116
-9.826393471250102e-05 -1.5778294255365413
2.116280625529481 2.172130830825034
2.116280625529481 -0.9377431069022791
-0.9926979376540596 2.172130830825034
-0.9926979376540596 -0.9377431069022791
1.8166400911012672 -1.1913221354766466
1.8166400911012672 1.9174442330978143
-1.3028540278481027 -1.1913221354766466
-1.3028540278481027 1.9174442330978143
-1.154836362276717 -1.1547486107457283
-1.154836362276717 1.9562550432671661
1.9562408095323014 -1.1547486107457283
1.9562408095323014 1.9562550432671661
1.9562733516845126 -1.154778310059836
1.9562733516845126 1.9563309748335123
-1.1547899036400397 -1.154778310059836
-1.1547899036400397 1.9563309748335123
1.9820514246070517 -1.1209949240959982
1.9820514246070517 1.9799920136036708
-1.1162832806396865 -1.1209949240959982
-1.1162832806396865 1.9799920136036708
1.981988204921928 -1.1211865695146033
1.981988204921928 1.9799083361796652
-1.1162053486395576 -1.1211865695146033
-1.1162053486395576 1.9799083361796652
-1.2168732394092416 -1.0005892160940848
-1.2168732394092416 2.102460689474042
1.8191875566297517 -1.0005892160940848
1.8191875566297517 2.102460689474042
-1.1778529101709885 1.469867811678518
-1.1778529101709885 -1.6618350878639987
1.937723820235818 1.469867811678518
1.937723820235818 -1.6618350878639987
1.4698650685403987 1.9378618406692638
1.4698650685403987 -1.177705450785075
-1.661686992649185 1.9378618406692638
-1.661686992649185 -1.177705450785075
-2.2571383871220014 -1.9263017661586912
-2.2571383871220014 1.1766882731995139
0.7951443643345122 -1.9263017661586912
0.7951443643345122 1.1766882731995139
-1.9262202197870288 -2.2571567065276525
-1.9262202197870288 0.7949760707597736
1.1767658224560922 -2.2571567065276525
1.1767658224560922 0.7949760707597736
1.9534064133559577 1.9528772783425603
1.9534064133559577 -1.1571060729861098
-1.1566070533597108 1.9528772783425603
-1.1566070533597108 -1.1571060729861098
-1.1567648433699356 1.9529943556323655
-1.1567648433699356 -1.1569234409410822
1.9531981465973516 1.9529943556323655
1.9531981465973516 -1.1569234409410822
-1.5698931593298042 1.5709498204416568
-1.5698931593298042 -1.570994855075862
1.5698644116458331 1.5709498204416568
1.5698644116458331 -1.570994855075862
-2.104844753163044 1.2854206123118757
-2.104844753163044 -1.8247476677285144
1.0132670796642742 1.2854206123118757
1.0132670796642742 -1.8247476677285144
-1.061157528863557 -1.0469675631152953
-1.061157528863557 2.072092496316855
2.0209743241891776 -1.0469675631152953
2.0209743241891776 2.072092496316855
1.9464736266101506 1.9463704262655814
1.9464736266101506 -1.1639417375613956
-1.1637130655389956 1.9463704262655814
-1.1637130655389956 -1.1639417375613956
-1.1638083133978536 1.946350019067904
-1.1638083133978536 -1.1638534248547536
1.9463235196046749 1.946350019067904
1.9463235196046749 -1.1638534248547536
-0.9495605182780827 -1.0451092712639334
-0.9495605182780827 2.057740211576974
2.1621368094498354 -1.0451092712639334
2.1621368094498354 2.057740211576974
-2.151537959880113 1.0357190243634289
-2.151537959880113 -2.063413731791825
0.9595650291559265 1.0357190243634289
0.9595650291559265 -2.063413731791825
1.5604428241880792 3.1247930743692836
1.5604428241880792 -0.01926861145105229
-1.5752997295847813 3.1247930743692836
-1.5752997295847813 -0.01926861145105229
1.1927364034535468 0.9758892035528456
1.1927364034535468 -2.07686761928784
-1.9019281482303247 0.9758892035528456
-1.9019281482303247 -2.07686761928784
1.1852233094645093 0.9657478400851476
1.1852233094645093 -2.0866533082795398
-1.907588288614497 0.9657478400851476
-1.907588288614497 -2.0866533082795398
1.132024613753254 -2.0477441445455105
1.132024613753254 1.0588099891222416
-1.9790673316237362 -2.0477441445455105
-1.9790673316237362 1.0588099891222416
1.058788297354825 1.1321782015922321
1.058788297354825 -1.9788806956909581
-2.0478042131115446 1.1321782015922321
-2.0478042131115446 -1.9788806956909581
1.359585561501807 -1.8193135505038813
1.359585561501807 1.2725160316522413
-1.7170155029278333 -1.8193135505038813
-1.7170155029278333 1.2725160316522413
1.701110741033822 1.3008116153768001
1.701110741033822 -1.7813100799482342
-1.404703924641837 1.3008116153768001
-1.404703924641837 -1.7813100799482342
-1.7930110942578112 -2.057654602940507
-1.7930110942578112 1.0322863692110602
1.3291446796494477 -2.057654602940507
1.3291446796494477 1.0322863692110602
-1.793246209893748 1.0329488936167133
-1.793246209893748 -2.057035264281127
1.3291277662168404 1.0329488936167133
1.3291277662168404 -2.057035264281127
-1.9833241955194678 -2.1785512363379222
-1.9833241955194678 0.9302744353695108
1.1304453839577 -2.1785512363379222
1.1304453839577 0.9302744353695108
-1.2960271517153092 2.1238080832024417
-1.2960271517153092 -0.9487268191673365
1.8573009558280233 2.1238080832024417
1.8573009558280233 -0.9487268191673365
-1.161918234747807 -1.219749026231064
-1.161918234747807 1.897843185554567
1.9503726227889087 -1.219749026231064
1.9503726227889087 1.897843185554567
-1.9787295265797058 1.1226132126528623
-1.9787295265797058 -1.9787076633601692
1.1226566825928284 1.1226132126528623
1.1226566825928284 -1.9787076633601692
1.1227283602797813 -1.9790017611644681
1.1227283602797813 1.122425578443625
-1.9786917801241373 -1.9790017611644681
-1.9786917801241373 1.122425578443625
1.5876026672522194 3.1369278318581584
1.5876026672522194 -0.0054813167991162315
-1.5439305312102418 3.1369278318581584
-1.5439305312102418 -0.0054813167991162315
1.9534064133559577 1.9528772783425603
1.9534064133559577 -1.1571060729861098
-1.1566070533597108 1.9528772783425603
-1.1566070533597108 -1.1571060729861098
-1.1567648433699356 1.9529943556323655
-1.1567648433699356 -1.1569234409410822
1.9531981465973516 1.9529943556323655
1.9531981465973516 -1.1569234409410822
-1.154836362276717 -1.1547486107457283
-1.154836362276717 1.9562550432671661
1.9562408095323014 -1.1547486107457283
1.9562408095323014 1.9562550432671661
1.9562733516845126 -1.154778310059836
1.9562733516845126 1.9563309748335123
-1.1547899036400397 -1.154778310059836
-1.1547899036400397 1.9563309748335123
-1.8297075293203562 0.8707507186479777
-1.8297075293203562 -2.2355394713542576
1.3104591174511557 0.8707507186479777
1.3104591174511557 -2.2355394713542576
-3.141563116652671 -1.5748257634035352
-3.141563116652671 1.5748399834509552
3.02850869505676e-05 -1.5748257634035352
3.02850869505676e-05 1.5748399834509552
1.9924110645452462 1.9928200161175509
1.9924110645452462 -1.1088782410948295
-1.1092876861667385 1.9928200161175509
-1.1092876861667385 -1.1088782410948295
-1.1198212321477947 -1.1199581379862156
-1.1198212321477947 1.985423675602388
1.9856598557086538 -1.1199581379862156
1.9856598557086538 1.985423675602388
0.9308077915795021 1.012104697829683
0.9308077915795021 -2.0920534520096568
-2.179966009755503 1.012104697829683
-2.179966009755503 -2.0920534520096568
-1.9218918199079567 -1.8000817728179448
-1.9218918199079567 1.3225942868071543
1.185074278679777 -1.8000817728179448
1.185074278679777 1.3225942868071543
2.4036126954759753 -0.3395992256699674
2.4036126954759753 2.8435435689326325
-0.6960635888617052 -0.3395992256699674
-0.6960635888617052 2.8435435689326325
-1.2766165718817373 -0.8889524049118268
-1.2766165718817373 2.2187697132153335
1.854279256557556 -0.8889524049118268
1.854279256557556 2.2187697132153335
-1.8316179018074608 1.3105066499311013
-1.8316179018074608 -1.8252103497288137
1.3054909288026233 1.3105066499311013
1.3054909288026233 -1.8252103497288137
1.2996658962463503 -1.8582367238366149
1.2996658962463503 1.2726939867090497
-1.829621998978666 -1.8582367238366149
-1.829621998978666 1.2726939867090497
-2.0201373785364773 -2.2062703836449256
-2.0201373785364773 0.9018947402135782
1.0705124335497522 -2.2062703836449256
1.0705124335497522 0.9018947402135782
-1.8248133499062236 -2.0052787643353556
-1.8248133499062236 1.0895676612642307
1.2939633538287756 -2.0052787643353556
1.2939633538287756 1.0895676612642307
1.0962296439876629 1.1712875971679937
1.0962296439876629 -1.929934895203038
-2.0038710360887535 1.1712875971679937
-2.0038710360887535 -1.929934895203038
1.9215592796899 -1.3408840720042612
1.9215592796899 1.782584308437156
-1.1974358447503415 -1.3408840720042612
-1.1974358447503415 1.782584308437156
-0.20389432972946306 -0.5028210495783426
-0.20389432972946306 2.6483601132198897
2.9567336587269626 -0.5028210495783426
2.9567336587269626 2.6483601132198897
1.5140505753503424 1.4331737668879387
1.5140505753503424 -1.6908475912636616
-1.5935156153428365 1.4331737668879387
-1.5935156153428365 -1.6908475912636616
1.5771586055455076 1.5644932378129428
1.5771586055455076 -1.5772356687123226
-1.5645571560979492 1.5644932378129428
-1.5645571560979492 -1.5772356687123226
2.0966384682602293 2.1749628763961355
2.0966384682602293 -0.9148663919309968
-1.0148080590968216 2.1749628763961355
-1.0148080590968216 -0.9148663919309968
-0.5847552452098318 -0.9400881442551595
-0.5847552452098318 2.185763186440364
2.535728609653956 -0.9400881442551595
2.535728609653956 2.185763186440364
1.1832014442156829 1.1835073070237452
1.1832014442156829 -1.9295696639097644
-1.9299063046945295 1.1835073070237452
-1.9299063046945295 -1.9295696639097644
1.1834775775433015 1.1832578402133818
1.1834775775433015 -1.9298556638487958
-1.9295671081593948 1.1832578402133818
-1.9295671081593948 -1.9298556638487958
-1.405174067387032 1.3006941433594061
-1.405174067387032 -1.781515592215115
1.6994569870609821 1.3006941433594061
1.6994569870609821 -1.781515592215115
1.7827728690182145 3.1361306473808663
1.7827728690182145 -0.02128024625194484
-1.3595157133019664 3.1361306473808663
-1.3595157133019664 -0.02128024625194484
-1.556913636056292 3.0523542079851893
-1.556913636056292 -0.08337937395191296
1.5737988103219516 3.0523542079851893
1.5737988103219516 -0.08337937395191296
-0.008239618135415894 -1.5719525337129714
-0.008239618135415894 1.5722114924386084
3.1324555659352753 -1.5719525337129714
3.1324555659352753 1.5722114924386084
-1.6132510536728053 1.6145373930197562
-1.6132510536728053 -1.5281906338091094
1.5296547564014107 1.6145373930197562
1.5296547564014107 -1.5281906338091094
-1.7683484986367486 1.4251901603340908
-1.7683484986367486 -1.7034007266630158
1.3567001396835159 1.4251901603340908
1.3567001396835159 -1.7034007266630158
3.049485020235006 -1.5558788109967783
3.049485020235006 1.567952274048334
-0.08723177236258223 -1.5558788109967783
-0.08723177236258223 1.567952274048334
2.57372149705592 2.158230625846522
2.57372149705592 -0.9707317063963861
-0.550874446915428 2.158230625846522
-0.550874446915428 -0.9707317063963861
1.2352523865317304 -1.7674880698972182
1.2352523865317304 1.3581843233412314
-1.8839922250786796 -1.7674880698972182
-1.8839922250786796 1.3581843233412314
-1.8685006049443047 0.8838845273645614
-1.8685006049443047 -2.2243012636500645
1.2524101817946285 0.8838845273645614
1.2524101817946285 -2.2243012636500645
2.224757680850116 1.8685592251751275
2.224757680850116 -1.2521590501139994
-0.8833174100376872 1.8685592251751275
-0.8833174100376872 -1.2521590501139994
-1.124265657198466 -1.264774792822396
-1.124265657198466 1.8491349399411352
1.9733424858529411 -1.264774792822396
1.9733424858529411 1.8491349399411352
1.9715211117630693 1.9647492298755291
1.9715211117630693 -1.1369986424877963
-1.13949756385451 1.9647492298755291
-1.13949756385451 -1.1369986424877963
1.9673273429071967 -1.1267248157117347
1.9673273429071967 1.975517823647389
-1.1391576439346516 -1.1267248157117347
-1.1391576439346516 1.975517823647389
-1.1318174669314587 -1.1246555069763
-1.1318174669314587 1.9759912791006315
1.9742270625345577 -1.1246555069763
1.9742270625345577 1.9759912791006315
1.9705798252931246 -1.1227829633708277
1.9705798252931246 1.9789124815259136
-1.1336423893360603 -1.1227829633708277
-1.1336423893360603 1.9789124815259136
1.1332311466959277 -1.9774263292878533
1.1332311466959277 1.1231255995217944
-1.9810254552090503 -1.9774263292878533
-1.9810254552090503 1.1231255995217944
1.1355668501022664 1.1230502578646089
1.1355668501022664 -1.9787646109215926
-1.9743618162783596 1.1230502578646089
-1.9743618162783596 -1.9787646109215926
-1.268984093526093 2.236653935169793
-1.268984093526093 -0.8735549497724014
1.8568367578426883 2.236653935169793
1.8568367578426883 -0.8735549497724014
-1.3985871067200555 1.4571434707043869
-1.3985871067200555 -1.6861768359121014
1.7533555529127671 1.4571434707043869
1.7533555529127671 -1.6861768359121014
2.2143980141220987 -1.0321077368785039
2.2143980141220987 2.078997390412411
-0.8867507151956027 -1.0321077368785039
-0.8867507151956027 2.078997390412411
-1.7781889918590925 -2.5896488671840876
-1.7781889918590925 0.5110295820055879
1.3834564526639865 -2.5896488671840876
1.3834564526639865 0.5110295820055879
-2.1164341629610117 -2.002629946312687
-2.1164341629610117 1.111593516045199
0.9492362862863942 -2.002629946312687
0.9492362862863942 1.111593516045199
1.1426409232600212 0.9786585086525864
1.1426409232600212 -2.0836591524210784
-1.9861697373592229 0.9786585086525864
-1.9861697373592229 -2.0836591524210784
-1.140249498483615 1.9793784697892352
-1.140249498483615 -1.1218264385294683
1.963884168969923 1.9793784697892352
1.963884168969923 -1.1218264385294683
-1.1461137775637689 1.987668373206001
-1.1461137775637689 -1.1131541220925394
1.959824583577473 1.987668373206001
1.959824583577473 -1.1131541220925394
-2.022999678029784 1.3127412520374058
-2.022999678029784 -1.7954829831682109
1.0866378090716677 1.3127412520374058
1.0866378090716677 -1.7954829831682109
-1.8685006049443047 0.8838845273645614
-1.8685006049443047 -2.2243012636500645
1.2524101817946285 0.8838845273645614
1.2524101817946285 -2.2243012636500645
2.224757680850116 1.8685592251751275
2.224757680850116 -1.2521590501139994
-0.8833174100376872 1.8685592251751275
-0.8833174100376872 -1.2521590501139994
1.872203427452275 -1.077620863724883
1.872203427452275 2.009383552314296
-1.2421733401996964 -1.077620863724883
-1.2421733401996964 2.009383552314296
-1.3965967350616533 1.1135300043750835
-1.3965967350616533 -1.9866359668450264
1.7613485484282965 1.1135300043750835
1.7613485484282965 -1.9866359668450264
2.3569111069035684 1.7484454931466966
2.3569111069035684 -1.3716200477502156
-0.7370847732331864 1.7484454931466966
-0.7370847732331864 -1.3716200477502156
-1.296325954851622 3.1029808739201648
-1.296325954851622 -0.04364690041703997
1.8065461655113708 3.1029808739201648
1.8065461655113708 -0.04364690041703997
-1.8685006049443047 0.8838845273645614
-1.8685006049443047 -2.2243012636500645
1.2524101817946285 0.8838845273645614
1.2524101817946285 -2.2243012636500645
2.224757680850116 1.8685592251751275
2.224757680850116 -1.2521590501139994
-0.8833174100376872 1.8685592251751275
-0.8833174100376872 -1.2521590501139994
-2.3876871706071716 1.0059650460851084
-2.3876871706071716 -2.1023321455393984
0.7296390458272503 1.0059650460851084
0.7296390458272503 -2.1023321455393984
2.5766173698159736 1.9156755352099635
2.5766173698159736 -1.229437792733347
-0.43768405869745797 1.9156755352099635
-0.43768405869745797 -1.229437792733347
-2.139149280195278 1.1421224544386026
-2.139149280195278 -1.96670273507606
0.9816131386540252 1.1421224544386026
0.9816131386540252 -1.96670273507606
-2.344052877904501 -1.9215468613104478
-2.344052877904501 1.1978181320380719
0.7634802179475214 -1.9215468613104478
0.7634802179475214 1.1978181320380719
1.9820120333588818 -0.9984423087070787
1.9820120333588818 2.114373801720988
-1.110043895908923 -0.9984423087070787
-1.110043895908923 2.114373801720988
-2.120399487387637 0.8665328162821883
-2.120399487387637 -2.210577922422914
0.9971413556248272 0.8665328162821883
0.9971413556248272 -2.210577922422914
-1.1882862077081047 2.2377434447289897
-1.1882862077081047 -0.8712655743967094
1.9305390194874983 2.2377434447289897
1.9305390194874983 -0.8712655743967094
-1.272655308209921 2.342472583134327
-1.272655308209921 -0.7585248332256158
1.8659010853000113 2.342472583134327
1.8659010853000113 -0.7585248332256158
0.8484458483315142 -1.8922458270518896
0.8484458483315142 1.252216408427625
-2.260541943082137 -1.8922458270518896
-2.260541943082137 1.252216408427625
-1.133169841681351 1.9831726762890296
-1.133169841681351 -1.1146156764801258
1.9689726656281354 1.9831726762890296
1.9689726656281354 -1.1146156764801258
1.9854464260303604 -1.1556833620217264
1.9854464260303604 1.9507363687759112
-1.116209253761581 -1.1556833620217264
-1.116209253761581 1.9507363687759112
1.3861834526359602 0.6716252848541284
1.3861834526359602 -2.4121241456988147
-1.7607875645983102 0.6716252848541284
-1.7607875645983102 -2.4121241456988147
-1.9468168327964646 1.1148302119995366
-1.9468168327964646 -1.9889859097390903
1.181360441155001 1.1148302119995366
1.181360441155001 -1.9889859097390903
-1.9523195965510787 1.1086245251520395
-1.9523195965510787 -1.992666482664697
1.1592508386415734 1.1086245251520395
1.1592508386415734 -1.992666482664697
-1.8685006049443047 0.8838845273645614
-1.8685006049443047 -2.2243012636500645
1.2524101817946285 0.8838845273645614
1.2524101817946285 -2.2243012636500645
2.224757680850116 1.8685592251751275
2.224757680850116 -1.2521590501139994
-0.8833174100376872 1.8685592251751275
-0.8833174100376872 -1.2521590501139994
-1.8685006049443047 0.8838845273645614
-1.8685006049443047 -2.2243012636500645
1.2524101817946285 0.8838845273645614
1.2524101817946285 -2.2243012636500645
2.224757680850116 1.8685592251751275
2.224757680850116 -1.2521590501139994
-0.8833174100376872 1.8685592251751275
-0.8833174100376872 -1.2521590501139994
-1.042784112567778 -1.67220682940741
-1.042784112567778 1.4458363390173408
2.078971926684951 -1.67220682940741
2.078971926684951 1.4458363390173408
1.0722919169129697 -1.895096512262922
1.0722919169129697 1.2061022634703114
-2.038468486774787 -1.895096512262922
-2.038468486774787 1.2061022634703114
-1.124265657198466 -1.264774792822396
-1.124265657198466 1.8491349399411352
1.9733424858529411 -1.264774792822396
1.9733424858529411 1.8491349399411352
-1.161293115251923 -1.1088678464034145
-1.161293115251923 1.9915266860915815
1.9588902319113548 -1.1088678464034145
1.9588902319113548 1.9915266860915815
-1.14894586176597 1.9865065888746187
-1.14894586176597 -1.114987912615802
1.9628847253142474 1.9865065888746187
1.9628847253142474 -1.114987912615802
1.485403017438442 -1.1178713784607717
1.485403017438442 1.9003690218135763
-1.6151751849057836 -1.1178713784607717
-1.6151751849057836 1.9003690218135763
-1.0352925825601595 2.224466633304786
-1.0352925825601595 -0.8892861208602312
2.0680307864075167 2.224466633304786
2.0680307864075167 -0.8892861208602312
1.975602287940895 -1.1274179692075648
1.975602287940895 1.9736228519935846
-1.129505380864065 -1.1274179692075648
-1.129505380864065 1.9736228519935846
1.9813052139375371 -1.1492881232815315
1.9813052139375371 1.9583476968698885
-1.1217530660506636 -1.1492881232815315
-1.1217530660506636 1.9583476968698885
-1.867092976435212 0.6561586105420815
-1.867092976435212 -2.4430574751566514
1.1794609946201378 0.6561586105420815
1.1794609946201378 -2.4430574751566514
1.887088874198607 -1.3332492088105665
1.887088874198607 1.7896938305088108
-1.231637989384258 -1.3332492088105665
-1.231637989384258 1.7896938305088108
1.1206962362595672 1.091987853966189
1.1206962362595672 -2.004261563035423
-1.982689176080736 1.091987853966189
-1.982689176080736 -2.004261563035423
1.1313888254606137 -1.9950088985451582
1.1313888254606137 1.1049272142957682
-1.9718883157684486 -1.9950088985451582
-1.9718883157684486 1.1049272142957682
1.485403017438442 -1.1178713784607717
1.485403017438442 1.9003690218135763
-1.6151751849057836 -1.1178713784607717
-1.6151751849057836 1.9003690218135763
0.9107381696254456 1.4251643790149227
0.9107381696254456 -1.7310970336094145
-2.192654183588299 1.4251643790149227
-2.192654183588299 -1.7310970336094145
1.3415883381148723 1.9628599202582562
1.3415883381148723 -1.1546772109193468
-1.7935097690637205 1.9628599202582562
-1.7935097690637205 -1.1546772109193468
1.2285734081162347 0.9123782243024114
1.2285734081162347 -2.199636565546835
-1.8783329985114836 0.9123782243024114
-1.8783329985114836 -2.199636565546835
-0.8746159761636002 1.8375491956110412
-0.8746159761636002 -1.2916677885671268
2.2365114928835452 1.8375491956110412
2.2365114928835452 -1.2916677885671268
-1.8685006049443047 0.8838845273645614
-1.8685006049443047 -2.2243012636500645
1.2524101817946285 0.8838845273645614
1.2524101817946285 -2.2243012636500645
2.224757680850116 1.8685592251751275
2.224757680850116 -1.2521590501139994
-0.8833174100376872 1.8685592251751275
-0.8833174100376872 -1.2521590501139994
1.6127806985101933 1.5243443120600026
1.6127806985101933 -1.6276105646762553
-1.5442851624318912 1.5243443120600026
-1.5442851624318912 -1.6276105646762553
1.1863555143923574 1.1156162817060493
1.1863555143923574 -1.9870676940356118
-1.9398378289921785 1.1156162817060493
-1.9398378289921785 -1.9870676940356118
1.1129667736778106 1.1581959788127176
1.1129667736778106 -1.9540322912878376
-1.988302995041661 1.1581959788127176
-1.988302995041661 -1.9540322912878376
-1.8685006049443047 0.8838845273645614
-1.8685006049443047 -2.2243012636500645
1.2524101817946285 0.8838845273645614
1.2524101817946285 -2.2243012636500645
2.224757680850116 1.8685592251751275
2.224757680850116 -1.2521590501139994
-0.8833174100376872 1.8685592251751275
-0.8833174100376872 -1.2521590501139994
-2.04277411032138 -1.768266078095731
-2.04277411032138 1.3833124986041239
1.0818956955296346 -1.768266078095731
1.0818956955296346 1.3833124986041239
-1.7873670416217755 1.3937001880030644
-1.7873670416217755 -1.7484512436758126
1.3489453476994384 1.3937001880030644
1.3489453476994384 -1.7484512436758126
-1.562803778437948 -3.0468412373479943
-1.562803778437948 0.08247607462388987
1.5607333012609768 -3.0468412373479943
1.5607333012609768 0.08247607462388987
1.7260382658745523 -1.5073499178793384
1.7260382658745523 1.6284079403581857
-1.406069564757718 -1.5073499178793384
-1.406069564757718 1.6284079403581857
-1.709853587004676 1.4845845887725027
-1.709853587004676 -1.6673911743312912
1.4400344212141116 1.4845845887725027
1.4400344212141116 -1.6673911743312912
-1.0456368868489554 -0.6220327450194346
-1.0456368868489554 2.4795808788129317
2.0111591288645414 -0.6220327450194346
2.0111591288645414 2.4795808788129317
-1.9520569388255258 1.1245070147089493
-1.9520569388255258 -1.9764754137752396
1.15280116400077 1.1245070147089493
1.15280116400077 -1.9764754137752396
1.1238296868703266 1.1642826884446107
1.1238296868703266 -1.9437513024337703
-1.9784142912089202 1.1642826884446107
-1.9784142912089202 -1.9437513024337703
1.9533484976149558 1.9881413134149704
1.9533484976149558 -1.1141882172676136
-1.1682056014621078 1.9881413134149704
-1.1682056014621078 -1.1141882172676136
-1.136170209338587 2.006309589613005
-1.136170209338587 -1.092704908575396
1.9713101624890847 2.006309589613005
1.9713101624890847 -1.092704908575396
-1.7667466617904521 -2.1621258850128013
-1.7667466617904521 0.9489501599838276
1.342080209506495 -2.1621258850128013
1.342080209506495 0.9489501599838276
-0.8705028124029917 1.7060033727900172
-0.8705028124029917 -1.3070132122179479
2.1680808075670397 1.7060033727900172
2.1680808075670397 -1.3070132122179479
-1.9281637609691644 -1.792158850797829
-1.9281637609691644 1.3309303010547662
1.185333423833789 -1.792158850797829
1.185333423833789 1.3309303010547662
-1.939500722479199 1.1670185369671777
-1.939500722479199 -1.938689736640586
1.177057960245281 1.1670185369671777
1.177057960245281 -1.938689736640586
-1.9042084110139545 1.139001384312212
-1.9042084110139545 -1.9651976400637194
1.2041787630723855 1.139001384312212
1.2041787630723855 -1.9651976400637194
1.9663819962226723 1.9825856519545826
1.9663819962226723 -1.1170359559822738
-1.1312828254573968 1.9825856519545826
-1.1312828254573968 -1.1170359559822738
-1.1535841369992847 -1.1218261988742426
-1.1535841369992847 1.9803022137240935
1.952883537567142 -1.1218261988742426
1.952883537567142 1.9803022137240935
-1.9252105167870215 -1.9762251746966077
-1.9252105167870215 1.126468517612877
1.2058419334034682 -1.9762251746966077
1.2058419334034682 1.126468517612877
-1.935925601982752 1.1256859634683225
-1.935925601982752 -1.9768336363862542
1.1804176820852406 1.1256859634683225
1.1804176820852406 -1.9768336363862542
1.8707323683809234 -1.3580989682010447
1.8707323683809234 1.7728903513515222
-1.249457313206495 -1.3580989682010447
-1.249457313206495 1.7728903513515222
1.1837680953633838 1.1685469496102185
1.1837680953633838 -1.93459138455497
-1.939974752307645 1.1685469496102185
-1.939974752307645 -1.93459138455497
-1.8685006049443047 0.8838845273645614
-1.8685006049443047 -2.2243012636500645
1.2524101817946285 0.8838845273645614
1.2524101817946285 -2.2243012636500645
2.224757680850116 1.8685592251751275
2.224757680850116 -1.2521590501139994
-0.8833174100376872 1.8685592251751275
-0.8833174100376872 -1.2521590501139994
-2.3065446384032957 -1.8063910307307285
-2.3065446384032957 1.337806904667606
0.8146656732814324 -1.8063910307307285
0.8146656732814324 1.337806904667606
0.9561750092729215 1.2950173775109886
0.9561750092729215 -1.8240063210764863
-2.1560749517451305 1.2950173775109886
-2.1560749517451305 -1.8240063210764863
-1.124265657198466 -1.264774792822396
-1.124265657198466 1.8491349399411352
1.9733424858529411 -1.264774792822396
1.9733424858529411 1.8491349399411352
-0.004045836682384365 -1.5736462686706043
-0.004045836682384365 1.5814302145657257
-3.139095676797315 -1.5736462686706043
-3.139095676797315 1.5814302145657257
-1.939500722479199 1.1670185369671777
-1.939500722479199 -1.938689736640586
1.177057960245281 1.1670185369671777
1.177057960245281 -1.938689736640586
-1.9042084110139545 1.139001384312212
-1.9042084110139545 -1.9651976400637194
1.2041787630723855 1.139001384312212
1.2041787630723855 -1.9651976400637194
