Torsion_1 Torsion_2
-0.03009287470021045 -3.1172287002007844
-0.03009287470021045 1.1761668691789375
-0.03009287470021045 -1.1382102981100666
-9.044334542789689e-05 -3.141541707854131
-9.044334542789689e-05 -1.040403528167605
-9.044334542789689e-05 1.0404929427342837
-0.010674663632128371 1.0884283618012953
-0.010674663632128371 -1.1651894932011924
-0.010674663632128371 3.0040210702109857
0.006988044915474777 1.1067113031129587
0.006988044915474777 -1.1099009399798836
0.006988044915474777 3.0981352227844616
0.03405393473004202 -2.8245825181989015
0.03405393473004202 -1.061876012396005
0.03405393473004202 1.2787718456707364
0.07855247637371673 0.9169404754879726
0.07855247637371673 -1.315536264707828
0.07855247637371673 2.9426383561294562
-0.03869960242152617 3.1289473202896616
-0.03869960242152617 -1.1134846324375438
-0.03869960242152617 1.1570744071052745
-2.0683247916458726e-05 1.0962294365410457
-2.0683247916458726e-05 -1.096145688534087
-2.0683247916458726e-05 3.1415787611513126
0.03471413938281372 3.138218001312168
0.03471413938281372 -1.1374369713595465
0.03471413938281372 1.1877592754364528
4.0055378191074196e-05 1.1271568203697662
4.0055378191074196e-05 -1.1271664902682874
4.0055378191074196e-05 3.141571002867848
-0.02036399568769355 3.09004891717787
-0.02036399568769355 0.9093360202281451
-0.02036399568769355 -0.9009159495514656
-0.042695590009361344 3.1047162975538596
-0.042695590009361344 1.126042646001222
-0.042695590009361344 -1.148555360353009
0.11543020450015062 -1.2418848637529236
0.11543020450015062 1.0564834469101172
0.11543020450015062 2.727179736826345
-0.022521567408640863 -3.0603044706497213
-0.022521567408640863 1.134672548274033
-0.022521567408640863 -0.9956896061676505
0.056695949240063534 -1.244937833764011
0.056695949240063534 0.819712508890824
0.056695949240063534 2.928958107339471
-0.023875229294182624 -3.1260104973918206
-0.023875229294182624 1.0781718618452552
-0.023875229294182624 -1.057260216230706
0.047933382415790565 1.1295247608885133
0.047933382415790565 -1.2146984770964089
0.047933382415790565 -2.9226999431040146
-0.032919211544064235 3.126148073674259
-0.032919211544064235 -1.2183171888015922
-0.032919211544064235 1.1642319243083072
-0.06256266483444055 -1.056120885575023
-0.06256266483444055 3.1386955462091457
-0.06256266483444055 1.110118958042049
0.06667612531380383 -0.9753374700850691
0.06667612531380383 1.213366583071957
0.06667612531380383 -3.0419489887594975
-0.01623592979402296 -3.047465809844264
-0.01623592979402296 0.9387075203302825
-0.01623592979402296 -0.8938230777905799
-0.06875484856980035 -1.0193199839213196
-0.06875484856980035 1.2597674641482128
-0.06875484856980035 -3.0462736711669476
2.781099552214443e-05 -1.125891932164596
2.781099552214443e-05 3.14156594835714
2.781099552214443e-05 1.1258836026783998
-0.010674663632128371 1.0884283618012953
-0.010674663632128371 -1.1651894932011924
-0.010674663632128371 3.0040210702109857
0.056695949240063534 -1.244937833764011
0.056695949240063534 0.819712508890824
0.056695949240063534 2.928958107339471
-0.0398367289781869 3.121227416527741
-0.0398367289781869 -1.137695339044686
-0.0398367289781869 1.119298797468298
-0.05370928065071183 2.9386685491300533
-0.05370928065071183 -1.1980249463772645
-0.05370928065071183 0.9741340563461061
0.09620961138469533 -1.261164004933193
0.09620961138469533 1.059109528458577
0.09620961138469533 2.7689585047196346
-0.016447961620057298 -3.1357520921988185
-0.016447961620057298 -1.0922057265983833
-0.016447961620057298 1.1043885496327945
-0.017545525516318595 1.1015407703441686
-0.017545525516318595 -1.0929043037744368
-0.017545525516318595 -3.1361779515958514
0.004569108713881001 1.0939925657197036
0.004569108713881001 -1.0977635677988404
0.004569108713881001 3.1401785371042146
-0.07831561290085098 -3.112959067362651
-0.07831561290085098 1.1259095944075759
-0.07831561290085098 -1.0711384559404928
-1.1105004190756999e-05 1.097273494024166
-1.1105004190756999e-05 -1.0971661994933728
-1.1105004190756999e-05 -3.141571048564356
-0.08005584490521757 -1.0655646658365987
-0.08005584490521757 1.1282440753712133
-0.08005584490521757 -3.1108068412324323
0.0035584382608928856 3.140334458791428
0.0035584382608928856 1.0962677999891446
0.0035584382608928856 -1.0989964590818528
0.02625059820517732 -1.1048864381095267
0.02625059820517732 3.1327180324744877
0.02625059820517732 1.0872700979220276
-9.751737447920056e-05 -1.094705430003101
-9.751737447920056e-05 1.094765534303643
-9.751737447920056e-05 -3.1415690950559596
0.016835549100296263 -1.1038105944638634
0.016835549100296263 3.135576936771748
0.016835549100296263 1.091756897120913
-0.08080680861514648 1.1256883666032793
-0.08080680861514648 -1.063788897772512
-0.08080680861514648 -3.111467052134096
-0.0038749178036045335 -3.1401951588403803
-0.0038749178036045335 -1.0969044866101865
-0.0038749178036045335 1.099944201706476
0.03954594113414695 3.124209849179296
0.03954594113414695 1.0805755819465996
0.03954594113414695 -1.1141963448832202
-0.023640371684273607 1.1047444521490533
-0.023640371684273607 -1.0917273946325363
-0.023640371684273607 -3.1336943436375306
-0.020287481474480142 -3.1341475138853867
-0.020287481474480142 -1.0888417730249607
-0.020287481474480142 1.102828454556079
-0.03281861341237896 -3.130904524927308
-0.03281861341237896 1.1078782073794151
-0.03281861341237896 -1.088621739195345
-0.0627476123619514 -1.0696813722590752
-0.0627476123619514 1.1199835644430083
-0.0627476123619514 -3.11766262504353
0.07717621439339463 -1.1223322644442886
0.07717621439339463 1.0711338899935507
0.07717621439339463 3.115872625064373
-0.019593493497819674 1.103275887080788
-0.019593493497819674 -3.135122458046557
-0.019593493497819674 -1.091534728955856
-0.026818284472940223 -3.1324262847182993
-0.026818284472940223 -1.0886166802958974
-0.026818284472940223 1.1064362643908003
-0.02495562618126548 -1.0537171177171767
-0.02495562618126548 1.140497357061498
-0.02495562618126548 -3.1013640307312285
-0.006649012142829173 -1.0953649265502172
-0.006649012142829173 1.0999334236423792
-0.006649012142829173 -3.139328298361425
-0.014225058537931714 1.10274837030787
-0.014225058537931714 -3.13664685898221
-0.014225058537931714 -1.0928116261539291
-0.03443889496824977 -1.0859418577667803
-0.03443889496824977 -3.1299151389845767
-0.03443889496824977 1.10861141262447
-0.047619905488821605 -3.0915881714022597
-0.047619905488821605 1.139892564900084
-0.047619905488821605 -1.0499732862945121
-0.13404624559080414 -0.9824445693424587
-0.13404624559080414 1.171969417501468
-0.13404624559080414 -3.0102934063718205
-0.0001567891405437353 1.0926588936170034
-0.0001567891405437353 3.1415403560511557
-0.0001567891405437353 -1.0926572675645339
-0.009071539128854254 -1.0927929422904763
-0.009071539128854254 1.0978969074844627
-0.009071539128854254 -3.1382692798095766
0.08402760186883489 3.083309825713158
0.08402760186883489 0.98496787831733
0.08402760186883489 -1.2795276849752368
0.021075910001606916 0.9662006686679606
0.021075910001606916 -1.2670606160303663
0.021075910001606916 2.956347193974593
-0.005530666637279681 1.1068822973982468
-0.005530666637279681 -1.089748365668714
-0.005530666637279681 -3.132197649597401
-0.0033944878628933807 3.1398364863807013
-0.0033944878628933807 1.0980959937390777
-0.0033944878628933807 -1.1010201343229855
-9.417053364107213e-05 1.0961409927464738
-9.417053364107213e-05 -3.141078149612681
-9.417053364107213e-05 -1.0950924054114197
0.005129034589718293 1.0945296989858384
0.005129034589718293 3.139690049736589
0.005129034589718293 -1.0978205924515272
0.04436111191511321 -1.1122166659421677
0.04436111191511321 1.0807403223118563
0.04436111191511321 3.125687449040095
0.0020406350747369977 -1.0977369875033283
0.0020406350747369977 1.0964141385719504
0.0020406350747369977 3.1408001572108617
-0.002061373382167697 1.0981102246745826
-0.002061373382167697 -3.1408854793515717
-0.002061373382167697 -1.0965599399543418
0.013705280148229892 -1.1013139531590188
0.013705280148229892 3.1369633422438485
0.013705280148229892 1.0923616719065194
0.006767989948983363 3.139187894495683
0.006767989948983363 -1.100111540957129
0.006767989948983363 1.0952808596102104
-0.01258140643840116 -3.13717237007676
-0.01258140643840116 1.1023656459861522
-0.01258140643840116 -1.0935749770057346
-0.014370413732675731 -3.1366457853363845
-0.014370413732675731 1.1028167076364217
-0.014370413732675731 -1.0928591672554546
0.03516024318014882 -0.8776238119370682
0.03516024318014882 2.825627734299265
0.03516024318014882 1.659885304609458
-0.006137529709844658 3.100402826669453
-0.006137529709844658 -1.1193937225070543
-0.006137529709844658 1.0604556664679383
0.0029153946527657104 1.0943240385259962
0.0029153946527657104 -1.0963667316432442
0.0029153946527657104 3.1406480322932806
0.0027536842742598806 3.1405891311285083
0.0027536842742598806 1.0967155447526802
0.0027536842742598806 -1.0981493228616541
-7.711989104173739e-05 -1.0943340876432714
-7.711989104173739e-05 1.0943756127942301
-7.711989104173739e-05 -3.141571171862592
-0.12043603903688757 -0.969135554993128
-0.12043603903688757 -2.952989555670577
-0.12043603903688757 1.2344831849004905
0.019493264968416437 1.0898441965444232
0.019493264968416437 3.1351526132749545
0.019493264968416437 -1.1028175668644673
0.0047233616915772 -1.0999502373738466
0.0047233616915772 3.137759116264281
0.0047233616915772 1.0912466371861373
0.04266833165907392 1.1957462093847269
0.04266833165907392 -1.1116975142373529
0.04266833165907392 -3.0254073178681953
0.017779592079896666 1.0913416111420382
0.017779592079896666 -1.1050841840571286
0.017779592079896666 3.135624670183532
-0.06871859310024069 -1.191393608929174
-0.06871859310024069 1.086572254968561
-0.06871859310024069 3.111690948309503
0.06301361407425067 3.11944498333713
0.06301361407425067 1.0744016749675978
0.06301361407425067 -1.119640118329785
0.017560395035129392 3.0072645667801554
0.017560395035129392 1.0273064131881395
0.017560395035129392 -1.1743135370794253
0.025839522269404138 1.019493536622365
0.025839522269404138 -3.114653053715836
0.025839522269404138 -1.099690806450168
0.0030975683016165666 -1.0991283103815133
0.0030975683016165666 1.0940005359836442
0.0030975683016165666 3.139331339943307
0.03516024318014882 -0.8776238119370682
0.03516024318014882 2.825627734299265
0.03516024318014882 1.659885304609458
0.003907016026260505 1.095872170760145
0.003907016026260505 -1.099026901238775
0.003907016026260505 3.1402114426661214
0.09548948433750595 -1.1307434504453175
0.09548948433750595 3.1083036982219463
0.09548948433750595 1.0644315989467055
-0.00041065782301028924 -3.141392697353127
-0.00041065782301028924 1.097271911378463
-0.00041065782301028924 -1.0986277312163812
0.04718345539245184 3.1258452095212492
0.04718345539245184 1.0814091165584827
0.04718345539245184 -1.1112917358455185
0.08716203229031606 3.082758830116737
0.08716203229031606 0.9843739046014948
0.08716203229031606 -1.279064725280931
2.6281638566595466e-05 3.141534546742859
2.6281638566595466e-05 -1.0975978108447333
2.6281638566595466e-05 1.0975444804112684
-0.03361419729816617 -3.1319289357834457
-0.03361419729816617 1.1069501056714233
-0.03361419729816617 -1.087528806757766
-0.001606743264374499 -1.0976386286892814
-0.001606743264374499 1.0982427436905373
-0.001606743264374499 -3.140907826319431
0.009447648133790287 1.092827682578727
0.009447648133790287 3.1379265059268207
0.009447648133790287 -1.0993137806162445
-9.751737447920056e-05 -1.094705430003101
-9.751737447920056e-05 1.094765534303643
-9.751737447920056e-05 -3.1415690950559596
-0.0137584602379894 -3.1371839561795993
-0.0137584602379894 1.098812658624453
-0.0137584602379894 -1.0906448216057818
-0.022911533493125764 -3.1335000302843765
-0.022911533493125764 1.1056666177753813
-0.022911533493125764 -1.0895656722708524
0.024448117367064835 3.06158158008599
0.024448117367064835 1.0917802892290485
0.024448117367064835 -1.100203293425025
-0.0153978117465335 -1.087510819651142
-0.0153978117465335 1.1025413540134843
-0.0153978117465335 -3.134114299681133
-0.013688972451715105 1.1008713046336007
-0.013688972451715105 -3.1369876718752825
-0.013688972451715105 -1.092016898399244
-0.006016741004554683 -3.028013737101468
-0.006016741004554683 -0.9936651651274572
-0.006016741004554683 1.1258951032083737
-0.0008178919899338638 1.0962260417622853
-0.0008178919899338638 -1.0959251175913838
-0.0008178919899338638 -3.141149313255165
-0.011229265594011268 1.1046756814888399
-0.011229265594011268 -3.1342337228714228
-0.011229265594011268 -1.0895307545829203
0.00043601400636293473 3.1414400457779723
0.00043601400636293473 1.0974206194143823
0.00043601400636293473 -1.0977629864879157
0.011959149512100352 1.0952153695711515
0.011959149512100352 3.1370515673595016
0.011959149512100352 -1.1045560011335218
-0.037998351237351846 1.111150044715011
-0.037998351237351846 -1.0843500469706173
-0.037998351237351846 -3.12721607809597
0.0047233616915772 -1.0999502373738466
0.0047233616915772 3.137759116264281
0.0047233616915772 1.0912466371861373
0.016965447065913065 3.1363063088715832
0.016965447065913065 1.094145171758204
0.016965447065913065 -1.1028381971541446
0.004015330016404491 -1.0990596386955187
0.004015330016404491 3.1402942408315218
0.004015330016404491 1.0965448303053367
-0.008730855607659122 -1.0938895400137851
-0.008730855607659122 -3.1385716526421574
-0.008730855607659122 1.0993139502629592
-0.0009833075523979539 -1.0934765364481402
-0.0009833075523979539 1.096925672531516
-0.0009833075523979539 -3.13992145906083
0.011440504586862162 3.1287686658000915
0.011440504586862162 1.083830282665954
0.011440504586862162 -1.1078837174129306
-0.0012069311146724272 1.0994006101083416
-0.0012069311146724272 -3.1409909338539177
-0.0012069311146724272 -1.0965174148560648
-0.0012869478806399885 -1.0986032030487733
-0.0012869478806399885 1.0997334635445504
-0.0012869478806399885 -3.1410530419812264
0.062086681050807266 1.2120242089609223
0.062086681050807266 -0.9993312343035596
0.062086681050807266 -3.0088897728347686
-0.04034416646677013 -3.129380345251461
-0.04034416646677013 1.1093589995775588
-0.04034416646677013 -1.08511868794639
0.014282255714586963 -1.101447079062047
0.014282255714586963 1.0920494572557404
0.014282255714586963 3.1367206817005204
0.00651218300481766 1.0954075324041133
0.00651218300481766 3.138936242287682
0.00651218300481766 -1.1009765504270328
0.040013806943451295 3.1269201402069413
0.040013806943451295 -1.1098280257449404
0.040013806943451295 1.0811963803736158
-0.021666739663877038 -1.0904860282507518
-0.021666739663877038 1.107663085385044
-0.021666739663877038 -3.1328776754634187
-0.05609207251323709 -3.109336011554924
-0.05609207251323709 1.0763187199326754
-0.05609207251323709 -1.1987855758470964
0.012089999395757944 -3.139789850533967
0.012089999395757944 -1.0955438009049954
0.012089999395757944 1.0999404980499652
0.01327202111713769 -1.1024202037096147
0.01327202111713769 1.0928631086311524
0.01327202111713769 3.1369217470858657
0.01637090894922066 3.1356738684247154
0.01637090894922066 1.0905499932203226
0.01637090894922066 -1.1017858048242684
0.016238762260085252 3.135829444992452
0.016238762260085252 1.092282978935116
0.016238762260085252 -1.1042829822329012
0.0706311030099732 3.1177634527718148
0.0706311030099732 -1.1190709122473361
0.0706311030099732 1.0715091933166365
-6.105303144775662e-05 1.0945843270858997
-6.105303144775662e-05 -1.094445448256281
-6.105303144775662e-05 -3.141544808464109
-0.07819750033256628 -3.0838031902367913
-0.07819750033256628 -0.989622770488369
-0.07819750033256628 1.276826267480135
0.02117803674409064 3.1335595696655405
0.02117803674409064 1.089577209321432
0.02117803674409064 -1.1059675227723869
-0.011673694078618936 2.9189026628832977
-0.011673694078618936 0.9614657648617291
-0.011673694078618936 -1.2032580442222356
0.007696424623632375 1.0935811578317276
0.007696424623632375 3.1377095859957427
0.007696424623632375 -1.0988741737262715
0.007964638926091247 -1.1117345889827248
0.007964638926091247 3.130855895678609
0.007964638926091247 1.083682320804597
0.06643050844012986 1.314132150920698
0.06643050844012986 -1.4530570238582563
0.06643050844012986 -2.636225634884457
0.008472473330404648 3.1270749590015825
0.008472473330404648 -1.1164519188132995
0.008472473330404648 1.0174744077660791
-0.013219819037393483 1.1011452968089577
-0.013219819037393483 -1.0921251571570443
-0.013219819037393483 -3.1371482385847616
0.009605839150427635 1.129010247193202
0.009605839150427635 -1.1238184959274995
0.009605839150427635 -3.1390947808196388
-0.014309342738023846 -3.1309555342158104
-0.014309342738023846 1.1105980476618933
-0.014309342738023846 -1.088932420802367
0.05405252029026554 1.0793260982540667
0.05405252029026554 -1.116738287624514
0.05405252029026554 3.1217550491142987
-0.039235599579478087 1.118851424640487
-0.039235599579478087 -1.076734613647009
-0.039235599579478087 -3.1200417171907606
0.1369865676652602 3.0872726450192203
0.1369865676652602 1.040526877190757
0.1369865676652602 -1.1561789659135113
0.022889589430755 1.0899620056257726
0.022889589430755 3.1340571679323936
0.022889589430755 -1.1051409369947114
0.05405252029026554 1.0793260982540667
0.05405252029026554 -1.116738287624514
0.05405252029026554 3.1217550491142987
-0.024434557902419635 3.13942424075285
-0.024434557902419635 -1.0514918176043178
-0.024434557902419635 1.0489027838886287
-2.84872255574305e-05 1.0968654415133134
-2.84872255574305e-05 -3.141575866809684
-2.84872255574305e-05 -1.0968469150981763
0.01273714687900971 -1.0993452239312382
0.01273714687900971 1.0930794979761997
0.01273714687900971 3.1373599433372625
-0.004001241988152909 -3.140227413574083
-0.004001241988152909 1.0977233645402547
-0.004001241988152909 -1.096697094480043
-0.0028608802911251874 -1.0947885612464316
-0.0028608802911251874 -3.1406587667634773
-0.0028608802911251874 1.0967789304645548
-0.06165484711273421 1.1166034340088975
-0.06165484711273421 -1.0752389365256685
-0.06165484711273421 -3.119131137941222
-0.016638626104884677 1.0695503668007378
-0.016638626104884677 -3.139600980967154
-0.016638626104884677 -1.121038931877787
-0.046634647517446746 -3.1238572486654483
-0.046634647517446746 1.1160249012011685
-0.046634647517446746 -1.080490088635065
0.00018770151232435904 3.1415655104696567
0.00018770151232435904 1.064666242431843
0.00018770151232435904 -1.0648851678079625
-0.02007831642298717 -3.136064760052195
-0.02007831642298717 -1.089890639520569
-0.02007831642298717 1.1012859951115155
-2.8430459823975087e-05 -1.0978863209868661
-2.8430459823975087e-05 1.0978992985529317
-2.8430459823975087e-05 -3.141539399044256
0.017644939232843136 1.0928543028006374
0.017644939232843136 -1.1042833276117998
0.017644939232843136 3.135114140057952
0.027566294382936275 -2.8246915280989566
0.027566294382936275 -1.0619815750751807
0.027566294382936275 1.2787028964304237
0.0077137412061120784 -1.0498481638052544
0.0077137412061120784 1.1406549697868678
0.0077137412061120784 -3.1011378699371517
0.01506271801014033 3.135071994283451
0.01506271801014033 -1.1060136347757865
0.01506271801014033 1.0931090307447422
0.008445130775231284 1.0936862880322424
0.008445130775231284 -1.099370433825875
0.008445130775231284 3.1386489399069646
-0.003547303628008126 -3.139972496526275
-0.003547303628008126 -1.0958537298216025
-0.003547303628008126 1.0983118258772435
0.028414400783692777 3.131624079486624
0.028414400783692777 -1.1080681902482377
0.028414400783692777 1.0883171508729987
0.0009872099867534396 1.0757594460076554
0.0009872099867534396 3.122094789504535
0.0009872099867534396 -1.1167657230233388
-0.005492168116517859 1.0946652613209684
-0.005492168116517859 3.1406175506583334
-0.005492168116517859 -1.0967121829244872
-0.0015682183876865384 -1.0851358074028852
-0.0015682183876865384 1.1087075588146262
-0.0015682183876865384 -3.132220882249349
0.0007292690862925739 -1.096801006843618
0.0007292690862925739 1.096168333146403
0.0007292690862925739 -3.1415789325251873
2.9216628574475577e-05 -3.1415600705906495
2.9216628574475577e-05 -1.0672185210316332
2.9216628574475577e-05 1.0672787919924187
0.005315522082404981 -1.0971717445931182
0.005315522082404981 1.0935217771988317
0.005315522082404981 3.139844932912386
0.07813597949815973 3.1097084029531032
0.07813597949815973 -1.1291305096499153
0.07813597949815973 1.0659501889323262
0.0001311808966477927 3.1415663431417693
0.0001311808966477927 1.0941250642844857
0.0001311808966477927 -1.0941987752585718
-0.015684217825112392 -1.244316496658194
-0.015684217825112392 0.9391957489960345
-0.015684217825112392 2.8759345524531668
-0.0035804756229873068 -2.365566530467826
-0.0035804756229873068 1.329733599102148
-0.0035804756229873068 -1.2013066254911973
0.0032678495028887226 2.4263263756322746
0.0032678495028887226 -1.312873560505983
0.0032678495028887226 1.2591150802380338
-0.014263883042665265 1.0917525508119852
-0.014263883042665265 3.133414015554698
-0.014263883042665265 -1.10859516914826
0.004792754277047207 -1.1067825280843384
0.004792754277047207 1.0904805653980718
0.004792754277047207 3.13361077412251
-0.0053674644556436085 1.0993328675318128
-0.0053674644556436085 -3.1397049050438337
-0.0053674644556436085 -1.0961139990286537
0.006456355724567514 -1.1197515907335884
0.006456355724567514 1.157097746204529
0.006456355724567514 -3.1252398390732656
0.02590688281825927 -1.0999572979878216
0.02590688281825927 1.0952928260217718
0.02590688281825927 3.139097411942748
0.0017720635634386724 1.0954759589107537
0.0017720635634386724 -1.0966238631507108
0.0017720635634386724 3.1410890654456316
-0.00632883689124203 -3.1172448756555413
-0.00632883689124203 1.0619442570938522
-0.00632883689124203 -1.0820688423353415
-0.0109697278802338 -3.1372707600802725
-0.0109697278802338 -1.091474981084194
-0.0109697278802338 1.0996923478428984
-0.10551729400116068 -0.9692620108497434
-0.10551729400116068 -3.022360023925847
-0.10551729400116068 1.1065625150266596
0.036526489504611986 -1.1090145605418684
0.036526489504611986 1.0883594780028194
0.036526489504611986 3.129578349738657
-0.0031247157265175624 -3.140420450319318
-0.0031247157265175624 -1.0987212982232037
-0.0031247157265175624 1.1011972819236127
0.013211879193906576 -1.1012137618504338
0.013211879193906576 3.137164892777421
0.013211879193906576 1.0921132246695724
-0.011709776778488421 -1.0938470199161971
-0.011709776778488421 -3.1369991514381237
-0.011709776778488421 1.1029305312547253
0.008323159636319204 -1.0991542192516843
0.008323159636319204 3.139212928383522
0.008323159636319204 1.0936492947387058
0.01043175522151363 -1.0996285772465966
0.01043175522151363 3.138152324361053
0.01043175522151363 1.0925948977859583
-0.04961008442335573 -0.8151191694639975
-0.04961008442335573 1.2390200485390177
-0.04961008442335573 -2.9271946775200828
-0.057398117543242956 1.1170101221801452
-0.057398117543242956 -1.0778396923068276
-0.057398117543242956 -3.121880106329999
0.01193762146883721 -1.1003412460245579
0.01193762146883721 1.092240042911483
0.01193762146883721 3.137339322447585
0.02797240033635298 1.0879459736018104
0.02797240033635298 3.13013685923734
0.02797240033635298 -1.1086469751918424
-0.01634084349197177 -1.0916104716834245
-0.01634084349197177 1.1038802486893704
-0.01634084349197177 -3.1350801554056376
0.0018770934079462022 -1.016253520358418
0.0018770934079462022 1.1619869313752156
0.0018770934079462022 -3.1070552601179346
0.031115793212900183 -0.9525073484200618
0.031115793212900183 1.149040222904082
0.031115793212900183 -3.13472744288356
-0.023527007799822062 1.1076626080531629
-0.023527007799822062 -1.0906148168552374
-0.023527007799822062 -3.132940131274143
-0.04727619814166771 0.88502393617639
-0.04727619814166771 -2.8015775560697422
-0.04727619814166771 -1.6334953553483884
-0.015366138668786113 1.1062877731572298
-0.015366138668786113 -3.13114789477198
-0.015366138668786113 -1.0858610745337383
-0.036923941421719744 -1.1164549466461196
-0.036923941421719744 1.0767772907490591
-0.036923941421719744 3.1193758769407918
0.13497231443719007 -1.0244476021657913
0.13497231443719007 1.2049116517733043
0.13497231443719007 -2.9805869846159587
0.026682504254426094 -1.1284784390153033
0.026682504254426094 1.1475575780992417
0.026682504254426094 -3.134644121586526
-0.014943143261145998 1.1111389791028476
-0.014943143261145998 -3.128702889553367
-0.014943143261145998 -1.0837146492725493
-0.012801508420775211 -3.1372901419929873
-0.012801508420775211 -1.0922759795476835
-0.012801508420775211 1.101142153279862
-0.08089770450512074 1.1213519548585777
-0.08089770450512074 -1.0706953880784178
-0.08089770450512074 -3.1151263894261825
-0.05089048950323455 1.1084737966126441
-0.05089048950323455 -3.1297782471542877
-0.05089048950323455 -1.0864540934860067
0.12425009130680095 1.3115047500184056
0.12425009130680095 -0.8678836188589053
0.12425009130680095 -3.088335957419666
-0.10742208720655205 -3.079018763764861
-0.10742208720655205 1.148661964124261
-0.10742208720655205 -1.0337778170139558
0.03650870415667182 1.084151663406278
0.03650870415667182 3.1281094687396833
0.03650870415667182 -1.1099917893825382
0.06613769205671931 -1.4639305154292983
0.06613769205671931 -2.6546155635736186
0.06613769205671931 1.308509104023186
0.05495553729605914 1.0764108228593554
0.05495553729605914 -1.1168665453608961
0.05495553729605914 3.121286753828922
0.005031581756608601 1.0961019784838417
0.005031581756608601 -1.0996932108573387
0.005031581756608601 3.139866279596669
-0.009674014010317589 -1.0941286758051882
-0.009674014010317589 -3.138068959226559
-0.009674014010317589 1.1011262729126716
-0.04890114875823713 -3.132131747413828
-0.04890114875823713 1.1040494048125393
-0.04890114875823713 -1.0872717791376552
-0.019934636618478708 -1.3317293145719924
-0.019934636618478708 2.834787958769891
-0.019934636618478708 0.923528914889144
-0.0849104104042469 -1.0673393209371504
-0.0849104104042469 -3.112907757889924
-0.0849104104042469 1.1209017075706362
-0.012800097116890615 1.1381735093427443
-0.012800097116890615 -1.0948112460692059
-0.012800097116890615 3.0536195468622114
-0.0713963403336058 -1.3300039063908808
-0.0713963403336058 1.4400184942131171
-0.0713963403336058 2.6330483044443547
0.013875170193368746 -1.1010487092067824
0.013875170193368746 3.136703793400519
0.013875170193368746 1.0915900228610804
0.06297864195107934 1.0888188881950058
0.06297864195107934 -1.098523862464525
0.06297864195107934 3.1342814242972286
-0.05460454079814532 1.2075173875771388
-0.05460454079814532 -1.4418974421221986
-0.05460454079814532 2.8507021308490312
0.0001854410645736089 1.0979468908872776
0.0001854410645736089 3.1415657690246372
0.0001854410645736089 -1.0982144869993258
-0.1418630475313241 -3.1140646820975193
-0.1418630475313241 1.1180339429472448
-0.1418630475313241 -1.0739825150221376
0.006065210891078928 -3.1356582650051563
0.006065210891078928 -1.0892601047892916
0.006065210891078928 1.1051479874352408
0.07909354029166596 -1.1325220427925047
0.07909354029166596 3.1066490548865966
0.07909354029166596 1.064464400706397
-0.004293494630531011 1.1016558430338566
-0.004293494630531011 -1.0966621347122354
-0.004293494630531011 -3.1403746266509596
-0.011773062142709784 1.1375065078606827
-0.011773062142709784 -1.1155118007351548
-0.011773062142709784 -3.1306357623879233
0.03648428759648793 -1.1104183655440014
0.03648428759648793 3.12904583104282
0.03648428759648793 1.0862305485073875
-4.876235921265684e-05 -1.0970291931859153
-4.876235921265684e-05 1.0970547378655338
-4.876235921265684e-05 -3.141588263105018
2.0631322050855347e-05 3.141539117430395
2.0631322050855347e-05 -1.0646203414205138
2.0631322050855347e-05 1.0645190180201705
-0.015978179235555095 -1.0926129844260595
-0.015978179235555095 -3.1354754711669304
-0.015978179235555095 1.1046056982920378
0.005804676897347581 -1.0992747306073103
0.005804676897347581 1.093880574066721
0.005804676897347581 3.139159580086813
0.013625285670053729 1.0919754001561215
0.013625285670053729 -1.1013985410440978
0.013625285670053729 3.136923254387078
-0.010817372949125267 -3.138031772688662
-0.010817372949125267 -1.0925005140232027
-0.010817372949125267 1.100399045800795
0.02138539418470752 -1.108036037674473
0.02138539418470752 1.0912318487559518
0.02138539418470752 3.1334586241773024
0.06602557549202542 -1.0087592159993992
0.06602557549202542 1.1312951543801597
0.06602557549202542 -3.1247793094915077
-0.025233109580663084 -3.1322067362304193
-0.025233109580663084 -1.0886074910012262
-0.025233109580663084 1.1077744382545054
-0.031842221748962424 1.108230512270719
-0.031842221748962424 -3.1306084554996465
-0.031842221748962424 -1.0861160203167974
0.004829484877912735 3.1399125554703446
0.004829484877912735 -1.099231550498964
0.004829484877912735 1.0958345315177211
-0.0043286768047827865 1.0999754117868878
-0.0043286768047827865 -1.0966530546004147
-0.0043286768047827865 -3.140062913711505
0.010640955681020773 1.0973830847451593
0.010640955681020773 3.1391951413988433
0.010640955681020773 -1.1012100548820292
-0.10539341195767929 -1.1691427143040491
-0.10539341195767929 1.1516804652393178
-0.10539341195767929 -3.095714069216044
2.7403343256503847e-05 -3.141521225121064
2.7403343256503847e-05 1.0955188665869453
2.7403343256503847e-05 -1.0954283624882735
-0.005311038843480141 -1.0957450676971956
-0.005311038843480141 -3.140979537298462
-0.005311038843480141 1.0967728882976961
-0.005765123740860792 -3.139567617377164
-0.005765123740860792 -1.094317265021898
-0.005765123740860792 1.0984711191789875
0.0013538925323795473 -1.1024363390456648
0.0013538925323795473 3.13841956266685
0.0013538925323795473 1.0958920510180559
0.0017259780081999095 -1.097574227206821
0.0017259780081999095 1.0966435150396374
0.0017259780081999095 3.140981763089927
0.041829305195144995 1.1394576797277371
0.041829305195144995 -1.1456889786560482
0.041829305195144995 2.7876287226688214
0.04787597772355772 1.3788179693321718
0.04787597772355772 -1.104200292772658
0.04787597772355772 -2.762908131422965
-0.045239186823755925 -1.079611564779203
-0.045239186823755925 -3.128168402400003
-0.045239186823755925 1.1107453519233188
-0.005371181801056325 -1.0943436209036297
-0.005371181801056325 -3.139694801175055
-0.005371181801056325 1.0980809683458232
-0.18416149826150535 -3.0460030955990978
-0.18416149826150535 1.159027836809002
-0.18416149826150535 -0.9992133904513888
-0.005889585211354529 -1.094696610426189
-0.005889585211354529 1.0974161834964853
-0.005889585211354529 -3.139600824633826
0.0596437027789661 3.1192174758838918
0.0596437027789661 -1.1192201850817614
0.0596437027789661 1.077508999133055
-0.009817526093453962 1.0988016203646938
-0.009817526093453962 -1.0934560025910622
-0.009817526093453962 -3.138378355800044
-0.0006115741629601555 -3.1413877187746206
-0.0006115741629601555 -1.098136650615171
-0.0006115741629601555 1.098794607483844
0.024363431485467997 3.1183397287642434
0.024363431485467997 -1.1315492721208757
0.024363431485467997 1.04497190181702
0.009605839150427635 1.129010247193202
0.009605839150427635 -1.1238184959274995
0.009605839150427635 -3.1390947808196388
0.007458837516674913 3.138958705178766
0.007458837516674913 1.0950132331513838
0.007458837516674913 -1.0998431322135647
-0.07469514401243327 1.0909792617375884
-0.07469514401243327 -1.3263222204803566
-0.07469514401243327 2.783075180137155
0.0040580600389403506 -1.0990433438017397
0.0040580600389403506 3.140231481229189
0.0040580600389403506 1.0963943438327646
-0.004337074372345319 -3.1396321207205533
-0.004337074372345319 -1.0965449131246094
-0.004337074372345319 1.098903168003581
0.005274018218279001 1.0964578432085574
0.005274018218279001 -1.0999270416057927
0.005274018218279001 3.139668307345345
-0.008960675032842473 -1.0952342203140863
-0.008960675032842473 1.1014680409900641
-0.008960675032842473 -3.138466068585308
-0.044380926337908626 -1.118624179334613
-0.044380926337908626 1.1806847668682539
-0.044380926337908626 -3.094786092382346
0.011514896976807952 3.137666512921133
0.011514896976807952 1.0928219836644697
0.011514896976807952 -1.1008215846826994
0.15250544216715775 -1.1507018678255825
0.15250544216715775 1.0438728853659114
0.15250544216715775 3.0877788466906666
-0.015670050226841554 1.0801631797033189
-0.015670050226841554 -1.1133570983919776
-0.015670050226841554 3.1264755004212317
0.06894198809513476 0.8873925766841214
0.06894198809513476 2.96923333016961
0.06894198809513476 -1.3151712547039291
-0.06905509420367789 -0.8873161308024142
-0.06905509420367789 -2.9691559095548223
-0.06905509420367789 1.3151888692801714
0.022812484515535254 -1.1010954249785223
0.022812484515535254 1.0902604701423726
0.022812484515535254 3.1363125193071104
0.008706053036050852 1.0934043829661368
0.008706053036050852 -1.0995099819942085
0.008706053036050852 3.138204795040408
-0.04936664032051511 1.1178074388454502
-0.04936664032051511 -1.0814415421333712
-0.04936664032051511 -3.1223737038443966
-0.016993299788627736 -1.1012742736273198
-0.016993299788627736 1.0919395877689628
-0.016993299788627736 3.137105997401662
-0.0269334217755525 -1.086981900935892
-0.0269334217755525 1.107074467962577
-0.0269334217755525 -3.1333424942097063
-0.01003736148065353 1.0995723889349316
-0.01003736148065353 -3.138223394977022
-0.01003736148065353 -1.0927910058059331
-0.006844239854107648 3.129908218372853
-0.006844239854107648 -1.1052169052771346
-0.006844239854107648 1.084696022530823
-0.0035862261057567077 -3.140316007510237
-0.0035862261057567077 -1.0973500301845989
-0.0035862261057567077 1.099970004488864
-0.0056914476677595825 -1.0945915293900383
-0.0056914476677595825 -3.139663532148972
-0.0056914476677595825 1.0982741285530813
0.003987777360117387 3.1402012296199184
0.003987777360117387 -1.0995994214296092
0.003987777360117387 1.0964659276265718
0.009244305407752146 -1.1020526793439784
0.009244305407752146 3.137944412221499
0.009244305407752146 1.0961016783017272
-0.05657518373563527 1.1166284626168852
-0.05657518373563527 -3.121816387611934
-0.05657518373563527 -1.0786116480005077
-0.027136871571458873 -1.0863640516014321
-0.027136871571458873 1.1077964993845846
-0.027136871571458873 -3.1306767949924232
-0.017779054042118825 2.935622776820569
-0.017779054042118825 -1.1924698572788266
-0.017779054042118825 0.972801637378536
-0.06747136294804419 -1.2051913057709909
-0.06747136294804419 2.9302942107483068
-0.06747136294804419 0.9700191199160998
0.0714576827691552 -1.1521156620798365
0.0714576827691552 1.4971929773689752
0.0714576827691552 -2.8013682646558125
0.00714392145513254 3.125147209078375
0.00714392145513254 -1.2064372694698995
0.00714392145513254 1.1837507250223378
0.0016416851877885847 1.0972804618542797
0.0016416851877885847 -1.09851696400751
0.0016416851877885847 3.141025008108695
-0.00013530060231697425 -3.1415372251383618
-0.00013530060231697425 -1.0975370736630943
-0.00013530060231697425 1.0977403366914509
0.008092476670871943 -1.1002410348880685
0.008092476670871943 3.1388142763776585
0.008092476670871943 1.0941096708172051
-0.011521390053825048 -1.0334002734335355
-0.011521390053825048 3.032950038772904
-0.011521390053825048 1.063360772482706
0.08369607101482825 -1.126663247767815
0.08369607101482825 3.1121323577259017
0.08369607101482825 1.0663449575502653
-0.06708913282447347 -0.8870081587275992
-0.06708913282447347 -2.972704255785118
-0.06708913282447347 1.3090990195294623
0.06700672186964254 0.8870710505367454
0.06700672186964254 2.9727817025493355
0.06700672186964254 -1.3090296670763724
-0.02097813969063335 -3.136684023830596
-0.02097813969063335 1.1032766553345899
-0.02097813969063335 -1.0894266745573629
-0.021501821825610664 -3.1345499114168383
-0.021501821825610664 1.10419267508016
-0.021501821825610664 -1.0908120023393795
-0.0001082571945002895 -1.1194513622065534
-0.0001082571945002895 1.1196174583773053
-0.0001082571945002895 3.141586421051247
-5.872814294113505e-05 -1.1194363929060307
-5.872814294113505e-05 1.1195016526822028
-5.872814294113505e-05 -3.141550869484959
0.051693682586376466 3.122044795997757
0.051693682586376466 1.079759919444356
0.051693682586376466 -1.1158706892312813
-0.0047158858083447145 -3.139867242300546
-0.0047158858083447145 1.0996416230148067
-0.0047158858083447145 -1.0957402797499434
-0.07632925398293175 -3.110517278969554
-0.07632925398293175 1.1285829529942109
-0.07632925398293175 -1.0681414246583658
-0.04394269820028593 1.115123405609791
-0.04394269820028593 -1.0823619110289244
-0.04394269820028593 -3.124648961130317
-0.06117505229483288 -1.071607143704402
-0.06117505229483288 -3.117483380964793
-0.06117505229483288 1.1196782232635292
-0.002395968835870472 -3.1405878558490437
-0.002395968835870472 -1.0974166197790196
-0.002395968835870472 1.0981488827928567
-0.021321667535385298 -1.0895375395457982
-0.021321667535385298 -3.133358119410997
-0.021321667535385298 1.1053130589393427
0.04937112581170356 3.125661480237791
0.04937112581170356 -1.1110332366357676
0.04937112581170356 1.0784426965156508
0.002221245581143406 -1.0965006349794644
0.002221245581143406 1.0949655331061878
0.002221245581143406 3.1408419722674155
0.03977137754152985 3.1311927830577337
0.03977137754152985 1.0865135724501098
0.03977137754152985 -1.1036121152934713
0.031443139617027084 1.086186684791864
0.031443139617027084 3.1285811891400392
0.031443139617027084 -1.1097505787162962
7.368812448213803e-05 -1.0977190728968915
7.368812448213803e-05 1.097715320822699
7.368812448213803e-05 3.1415541091635975
-0.0035505512005704395 1.099655375215676
-0.0035505512005704395 -1.0973270782471383
-0.0035505512005704395 -3.140292504872021
-0.009124578684428397 -1.0944602484526849
-0.009124578684428397 1.1007161567252797
-0.009124578684428397 -3.138436061587666
-0.0021623208064763108 -3.1408672234468136
-0.0021623208064763108 1.0978623077350091
-0.0021623208064763108 -1.0962520187067955
-0.01132857693884464 -1.0276032659198016
-0.01132857693884464 1.0907888836555957
-0.01132857693884464 3.1081141666898726
-0.02142834595165783 -1.0906141977688635
-0.02142834595165783 -3.133612958221811
-0.02142834595165783 1.1031362410035814
-0.009643962743010735 1.1021390660163533
-0.009643962743010735 -3.138140227402828
-0.009643962743010735 -1.094866260940945
0.006456355724567514 -1.1197515907335884
0.006456355724567514 1.157097746204529
0.006456355724567514 -3.1252398390732656
-0.012483076895205603 1.1004245307927063
-0.012483076895205603 -1.09192636610875
-0.012483076895205603 -3.1374205613539567
0.021110766034434732 3.133640884951274
0.021110766034434732 1.0873507738166992
0.021110766034434732 -1.1027354094333324
0.008359582737930043 3.138701301233542
0.008359582737930043 1.0928424130021128
0.008359582737930043 -1.0986173270984656
-0.024229489463288255 -3.133572869735186
-0.024229489463288255 -1.0870571081781686
-0.024229489463288255 1.103808764848758
-0.01003117926591622 -1.0950009712568345
-0.01003117926591622 -3.1381393443707584
-0.01003117926591622 1.1018264360525398
-0.017476362927260184 3.126686785507561
-0.017476362927260184 -1.1143218613064532
-0.017476362927260184 1.0749792460470824
0.005708157882512098 -1.1128478246960074
0.005708157882512098 1.0758861756051175
0.005708157882512098 3.114182742463046
-0.02002601430664322 -1.089991968698346
-0.02002601430664322 1.1038215290056033
-0.02002601430664322 -3.134878753751498
-0.03940788112880376 -1.080455568177848
-0.03940788112880376 -3.1252531415521916
-0.03940788112880376 1.1123607166278218
-0.10448364604435577 -1.192747588764053
-0.10448364604435577 1.004817250018959
-0.10448364604435577 3.096155702514918
0.002906939742786543 -1.097880024813846
0.002906939742786543 1.0957615682740802
0.002906939742786543 3.140659764847299
-0.011100208480009633 1.1003850795147732
-0.011100208480009633 -3.137822487867401
-0.011100208480009633 -1.0927249874482488
-0.20645189193038882 -0.9727764416981489
-0.20645189193038882 -3.0226649332619817
-0.20645189193038882 1.2154962638940723
-0.29899907116206964 -0.9533534282578879
-0.29899907116206964 1.2235880759113344
-0.29899907116206964 -3.00270757494244
0.0020916295554322933 1.0974762449119564
0.0020916295554322933 -1.0986162470173657
0.0020916295554322933 3.140540647562764
-0.0010578700099116189 1.0987118341630024
-0.0010578700099116189 -1.0978638827922755
-0.0010578700099116189 -3.1400756443782782
-0.0009726644226353503 1.0969634929031116
-0.0009726644226353503 -1.0959522043827872
-0.0009726644226353503 3.141442722224233
0.008344414272463218 -1.1014545098892434
0.008344414272463218 3.1380246521008024
0.008344414272463218 1.0945786389652405
-0.009664283743397525 -1.0939991257748145
-0.009664283743397525 1.1003194384065693
-0.009664283743397525 -3.138226781500721
-0.016838148573270602 -3.136839903521423
-0.016838148573270602 -1.0902472434309416
-0.016838148573270602 1.100839311811347
-0.008233448871343278 -3.1389920788746344
-0.008233448871343278 -1.0933345672267338
-0.008233448871343278 1.0990435908557785
-0.028137429961510904 -2.978393616911986
-0.028137429961510904 1.1965656578150485
-0.028137429961510904 -0.9518179403872764
0.010964976929059093 1.0943694110461202
0.010964976929059093 3.13747351195149
0.010964976929059093 -1.1017632496788048
0.049084780292073416 -1.1382531554148407
0.049084780292073416 1.0551897235042111
0.049084780292073416 3.097113695083212
-0.050447527427375245 -1.078383364536394
-0.050447527427375245 1.114211922393489
-0.050447527427375245 -3.1243937587314217
0.010305252492675419 1.1059496748852558
0.010305252492675419 -3.1309886438549253
0.010305252492675419 -1.0906062456008196
0.022581331742333073 3.1337143351965677
0.022581331742333073 -1.104947277391629
0.022581331742333073 1.0898618659668458
0.01596892390350534 -1.104550777697026
0.01596892390350534 1.0922871824141198
0.01596892390350534 3.1356212877185867
-0.011511431994087159 -1.0931756284058496
-0.011511431994087159 -3.137372436960184
-0.011511431994087159 1.1015501854032343
0.01629787236907373 -1.109708364173683
0.01629787236907373 3.1298909928859797
0.01629787236907373 1.0890914568651218
0.008085577306061313 -3.1391405829002017
0.008085577306061313 1.1018270623044293
0.008085577306061313 -1.0947265245071687
-0.033959073371564806 1.110421217857947
-0.033959073371564806 -3.1308833208192937
-0.033959073371564806 -1.0896576181695343
-0.01366038572559142 -1.0916603387385395
-0.01366038572559142 1.0980615449796232
-0.01366038572559142 -3.138032214771172
0.0020304952127214015 -1.1228381967488459
0.0020304952127214015 3.119578657224662
0.0020304952127214015 1.0757752316938307
0.010167842071208069 -1.1018265293598861
0.010167842071208069 3.137966750597866
0.010167842071208069 1.0944492894924198
0.02271068785406539 1.091350401110166
0.02271068785406539 -1.1092397933343185
0.02271068785406539 3.13279825771766
-0.046931013553779766 -1.079470055272989
-0.046931013553779766 1.1198196872920494
-0.046931013553779766 -3.1218428034143533
0.017230435451310262 3.137464602591699
0.017230435451310262 1.0946338369524296
0.017230435451310262 -1.1022084762400712
-0.019402301135409045 -3.1350229907798437
-0.019402301135409045 1.1035242891306776
-0.019402301135409045 -1.090126202168532
-0.055974458678368325 -3.1199355832381546
-0.055974458678368325 1.1182351391544438
-0.055974458678368325 -1.0774766164065002
0.00011471112405907374 -1.0953337811471393
0.00011471112405907374 1.095188727339081
0.00011471112405907374 3.1414984671359245
-0.007335690046722307 -1.0954674118063465
-0.007335690046722307 -3.139185897613813
-0.007335690046722307 1.0999733170300459
0.022480821829431032 -1.1058765860548532
0.022480821829431032 1.089749053644191
0.022480821829431032 3.1333418502478287
-0.00724509340067847 -1.0949517608063588
-0.00724509340067847 1.1000514189253814
-0.00724509340067847 -3.1390982191815615
-0.0006924090086299356 -3.1401532789356503
-0.0006924090086299356 1.0986079975857204
-0.0006924090086299356 -1.0969236018908664
-0.013671835506303492 -1.1401907805715796
-0.013671835506303492 3.0988102211473993
-0.013671835506303492 1.062322068971754
-0.01920257914052564 -3.137307089207473
-0.01920257914052564 -1.0943329841794756
-0.01920257914052564 1.1025866508105266
-0.0721187698363172 -1.0716143640352465
-0.0721187698363172 -3.1158363542136835
-0.0721187698363172 1.123481368272166
0.00484636089408663 3.140685817705186
0.00484636089408663 -1.0955198152174292
0.00484636089408663 1.093417163906677
-0.007380051263024809 -3.1343867703027755
-0.007380051263024809 -1.579505907699642
-0.007380051263024809 0.953450844745396
0.0027703880839632196 -1.097765403397713
0.0027703880839632196 3.1406781309504685
0.0027703880839632196 1.0961929571338318
0.01842722568557473 1.0921782477408855
0.01842722568557473 3.134255444410828
0.01842722568557473 -1.1066902194484791
0.05138781275950239 1.0837675902406023
0.05138781275950239 -1.1080464239916021
0.05138781275950239 3.127976159624674
-0.04397930755146784 -3.1261151321383482
-0.04397930755146784 -1.0820683098988964
-0.04397930755146784 1.1131787369979427
-0.06587117837711039 -3.1177629870903005
-0.06587117837711039 1.1206317101212246
-0.06587117837711039 -1.0732062264254083
-0.03969830559206075 -3.126099232875014
-0.03969830559206075 -1.0843933654886666
-0.03969830559206075 1.1145567932975287
-0.005918247415522164 1.0953985448363819
-0.005918247415522164 3.1397998414525174
-0.005918247415522164 -1.099571467176528
-0.00908569327435989 -1.0969518688887125
-0.00908569327435989 1.100659987594565
-0.00908569327435989 -3.140072195224643
0.08506174329599003 1.066651698618874
0.08506174329599003 3.1092488732609973
0.08506174329599003 -1.1282544708180373
-0.035007568475134476 1.1050234375400325
-0.035007568475134476 -1.0900383899768573
-0.035007568475134476 -3.133848189912954
0.009254298452834061 3.138372355783644
0.009254298452834061 1.0935730643804087
0.009254298452834061 -1.10030587092009
-0.0017755339195909665 1.099554355670553
-0.0017755339195909665 -3.1408927717516786
-0.0017755339195909665 -1.0979575117743905
0.014930305501069203 -3.1405810463358668
0.014930305501069203 -1.0950554382662148
0.014930305501069203 1.1010250372953259
0.0017362890021384377 1.0977454863060017
0.0017362890021384377 -1.0989527630226665
0.0017362890021384377 3.1409576780769797
-0.006424592831724667 -3.139590191471014
-0.006424592831724667 -1.0948920462631633
-0.006424592831724667 1.0986580449718757
-0.002800422083007921 1.0707304596690608
-0.002800422083007921 3.1159994691859523
-0.002800422083007921 -1.1223929035360862
-0.02788190687915315 -3.0321853717182887
-0.02788190687915315 -1.041413281994828
-0.02788190687915315 1.148046532375144
0.01019034867661636 -1.1018926592931464
0.01019034867661636 1.0945235744173816
0.01019034867661636 3.137912301981599
-0.022917576464346206 -1.0832074657206912
-0.022917576464346206 1.1094292710831521
-0.022917576464346206 -3.128564101356959
0.027441549063142754 1.0868530862259203
0.027441549063142754 -1.1067333668584625
0.027441549063142754 3.1316183816841834
0.08506174329599003 1.066651698618874
0.08506174329599003 3.1092488732609973
0.08506174329599003 -1.1282544708180373
-1.4655309588802187e-05 3.141582576753135
-1.4655309588802187e-05 -1.0950513356111147
-1.4655309588802187e-05 1.095249648986613
0.00011106727534133931 3.1415162231137743
0.00011106727534133931 1.0950068731688294
0.00011106727534133931 -1.095182684240526
0.007887748506216851 1.0922588549364836
0.007887748506216851 -1.1008653982858365
0.007887748506216851 3.1369585656613386
0.017101782427057094 1.0951901404919029
0.017101782427057094 3.137059718121374
0.017101782427057094 -1.1025731199118878
-1.4655309588802187e-05 3.141582576753135
-1.4655309588802187e-05 -1.0950513356111147
-1.4655309588802187e-05 1.095249648986613
0.00011106727534133931 3.1415162231137743
0.00011106727534133931 1.0950068731688294
0.00011106727534133931 -1.095182684240526
0.0259328634793638 3.138938287911795
0.0259328634793638 1.0977500940999998
0.0259328634793638 -1.100353126146
-0.012410523486608838 3.124549470513222
-0.012410523486608838 1.0771849428554203
-0.012410523486608838 -1.1141756408915453
0.021405694107681523 -3.1407836219086507
0.021405694107681523 -1.0998454198944683
0.021405694107681523 1.1008524531209296
0.065508871669701 2.7900577954330577
0.065508871669701 -1.2588156594917312
0.065508871669701 0.8193406629411782
0.00035704898826538034 1.0981109776147935
0.00035704898826538034 -1.099672122573894
0.00035704898826538034 3.1408432962289443
0.036231674268455326 1.0850060247548041
0.036231674268455326 3.128566444073783
0.036231674268455326 -1.1113371747553171
-0.09108135452221242 -3.1297763482005605
-0.09108135452221242 -1.0922074752856656
-0.09108135452221242 1.1033590951656904
-1.4655309588802187e-05 3.141582576753135
-1.4655309588802187e-05 -1.0950513356111147
-1.4655309588802187e-05 1.095249648986613
0.00011106727534133931 3.1415162231137743
0.00011106727534133931 1.0950068731688294
0.00011106727534133931 -1.095182684240526
0.048968432097791455 3.1245254379290026
0.048968432097791455 -1.1142195526254786
0.048968432097791455 1.0818223715771564
-0.007328474200207156 1.101818840972732
-0.007328474200207156 -3.1389847385374137
-0.007328474200207156 -1.0950089619764984
0.004518300868943757 1.095805370573157
0.004518300868943757 -1.1012825859804998
0.004518300868943757 3.1381443961897286
0.0031042343573416667 3.1404601227288347
0.0031042343573416667 1.096888990862038
0.0031042343573416667 -1.0991785968844074
0.07521446145479932 -1.121628946571414
0.07521446145479932 1.0694107376248272
0.07521446145479932 3.1155295400192102
-1.4655309588802187e-05 3.141582576753135
-1.4655309588802187e-05 -1.0950513356111147
-1.4655309588802187e-05 1.095249648986613
0.00011106727534133931 3.1415162231137743
0.00011106727534133931 1.0950068731688294
0.00011106727534133931 -1.095182684240526
0.01373091047544391 -1.1015191868010357
0.01373091047544391 3.1370239139153946
0.01373091047544391 1.0920246894250225
0.021214827067354284 3.1337010305637274
0.021214827067354284 1.0909248372034395
0.021214827067354284 -1.1057209126419856
0.0050474245776235575 1.0957952910918658
0.0050474245776235575 -1.1000576349652316
0.0050474245776235575 3.141010647451431
-0.05958044551117883 -1.047337082359182
-0.05958044551117883 -3.093873311094512
-0.05958044551117883 1.143566554578028
-0.011384012385125592 -1.0940532686037805
-0.011384012385125592 -3.137574013620373
-0.011384012385125592 1.1021700819581841
-0.004016482297222666 -3.1392666251420884
-0.004016482297222666 -1.0932960406070593
-0.004016482297222666 1.097810145849993
0.0014766260651168147 3.139978985970613
0.0014766260651168147 -1.0975948801412378
0.0014766260651168147 1.095415289540652
-0.08051396963827116 -1.0714977287755496
-0.08051396963827116 1.12648683947232
-0.08051396963827116 -3.115122636200684
0.02385972048971302 -1.123087676374679
0.02385972048971302 3.114658901451005
0.02385972048971302 1.0683682219856332
0.061788489026477045 3.1203825579261286
0.061788489026477045 1.075205400126555
0.061788489026477045 -1.1180290159075401
0.02615914586962706 1.0893267888415483
0.02615914586962706 3.133764402469507
0.02615914586962706 -1.103292485539518
-0.003656598237142267 -3.140893109626499
-0.003656598237142267 -1.0948558151871635
-0.003656598237142267 1.0971328942926655
-0.0063667395277403616 -1.0975679330548729
-0.0063667395277403616 3.138334700596678
-0.0063667395277403616 1.0926265163181383
0.008130530521403488 3.1388044940729922
0.008130530521403488 -1.099685253701587
0.008130530521403488 1.0947002969364636
-0.006158299165901628 -1.091560541286009
-0.006158299165901628 1.1054840002756463
-0.006158299165901628 -3.133111900683705
-0.055974458678368325 -3.1199355832381546
-0.055974458678368325 1.1182351391544438
-0.055974458678368325 -1.0774766164065002
-0.005555889725445667 -3.1391845743809434
-0.005555889725445667 -1.0945866392001689
-0.005555889725445667 1.0984089830933303
0.06677042211650759 -1.1192250021016095
0.06677042211650759 1.072677821215787
0.06677042211650759 3.119048216530627
0.07521446145479932 -1.121628946571414
0.07521446145479932 1.0694107376248272
0.07521446145479932 3.1155295400192102
0.009344634065730259 -3.135403192618994
0.009344634065730259 -1.092624213981506
0.009344634065730259 1.1062077262682386
-0.00797494058234506 1.1000242329714873
-0.00797494058234506 -1.0954915480756855
-0.00797494058234506 -3.1390928562346265
-0.09908077624329799 -1.0615693108714408
-0.09908077624329799 1.134105734864642
-0.09908077624329799 -3.1053672531053405
-0.019310564800843498 -1.08825883798193
-0.019310564800843498 -3.132499418350743
-0.019310564800843498 1.1050901699839188
0.0004737565257114768 -3.140598158355504
0.0004737565257114768 1.0982174429497675
0.0004737565257114768 -1.0945554709421004
0.0020304952127214015 -1.1228381967488459
0.0020304952127214015 3.119578657224662
0.0020304952127214015 1.0757752316938307
-0.021064243183249832 1.1095373073644355
-0.021064243183249832 -3.13048297472359
-0.021064243183249832 -1.086197654852483
-0.00987279363738919 -3.035884617218651
-0.00987279363738919 -0.7350629961136234
-0.00987279363738919 0.9153833866913469
-0.09148443511563444 1.0613781737522912
-0.09148443511563444 -3.114752038512239
-0.09148443511563444 -1.2177188260467786
-0.002584028520229135 1.0987741216798501
-0.002584028520229135 -3.1407087975557353
-0.002584028520229135 -1.097361345651222
-0.011865308673955357 -1.093583456370162
-0.011865308673955357 -3.1380894588379693
-0.011865308673955357 1.1006366589074021
-0.12315470399492802 1.131097892852274
-0.12315470399492802 -3.0993750730374754
-0.12315470399492802 -1.0656386390450063
0.028975509367378628 1.0913268920960286
0.028975509367378628 -1.1094318125961882
0.028975509367378628 3.13367163216147
0.027063090711342004 -1.118191173186304
0.027063090711342004 3.1177623487597574
0.027063090711342004 1.0754430679482077
0.011100604760315007 3.1364220208767173
0.011100604760315007 1.090754988861777
0.011100604760315007 -1.102372296848208
0.03802402608559041 3.1246393108828836
0.03802402608559041 -1.11705774321758
0.03802402608559041 1.0824050302149035
0.060015505491507214 -1.119513988773069
0.060015505491507214 1.0766560473827125
0.060015505491507214 3.1198864762497602
-0.035971612141401925 -3.1197930732428647
-0.035971612141401925 1.1200337561533475
-0.035971612141401925 -1.0766831876936513
-0.02652869349786657 1.1074618697860055
-0.02652869349786657 -3.1320481440578454
-0.02652869349786657 -1.0879584687834296
0.004135530474726584 3.1357290568361353
0.004135530474726584 -1.1034207055765557
0.004135530474726584 1.0934726184528087
-1.4655309588802187e-05 3.141582576753135
-1.4655309588802187e-05 -1.0950513356111147
-1.4655309588802187e-05 1.095249648986613
0.00011106727534133931 3.1415162231137743
0.00011106727534133931 1.0950068731688294
0.00011106727534133931 -1.095182684240526
0.01744107516607831 1.1677732577399018
0.01744107516607831 -2.9757129914549223
0.01744107516607831 -0.9996820802251558
-0.0006662345087915999 -3.0787509909983517
-0.0006662345087915999 -1.034682855733511
-0.0006662345087915999 1.1558067531669272
-0.0417283756121997 1.1149763095283058
-0.0417283756121997 -1.0780728805936592
-0.0417283756121997 -3.1233458946349195
0.0018144904844099626 3.133210720525316
0.0018144904844099626 -1.105170276993422
0.0018144904844099626 1.090610508991083
0.08164554532245764 1.1188797856709964
0.08164554532245764 -1.0707540873541195
0.08164554532245764 -3.1174895388515815
0.034058818158296256 1.0842383332586716
0.034058818158296256 -1.106094893834285
0.034058818158296256 3.131188896301012
-0.005755081733322178 1.0978092714155898
-0.005755081733322178 -1.1039902682775542
-0.005755081733322178 3.136288339250123
-1.1966570878552664e-05 1.0982216312162218
-1.1966570878552664e-05 -1.098099474148304
-1.1966570878552664e-05 -3.141590053937982
0.01091308937176405 2.9908711187016093
0.01091308937176405 -1.2455788329155544
0.01091308937176405 0.939145573594765
-0.021357957285630766 -1.09411686594656
-0.021357957285630766 -3.137350344292073
-0.021357957285630766 1.1030125016712564
0.06370931697997904 3.0936152827531345
0.06370931697997904 -1.0753572373582054
0.06370931697997904 1.08390940673393
-0.08926667275061013 -1.0215752045102593
-0.08926667275061013 1.1715531967438526
-0.08926667275061013 -3.066422944347482
-0.0298251556183636 -3.131196793856331
-0.0298251556183636 -1.0860491087008368
-0.0298251556183636 1.1066098889277847
0.07075948614857934 -1.1112609662772113
0.07075948614857934 1.0800909410296269
0.07075948614857934 3.1239541872920547
0.05515830445853135 -1.1383201361794828
0.05515830445853135 1.0513001469380305
0.05515830445853135 3.1009804284534233
-0.003952451827244576 -1.0990654043010746
-0.003952451827244576 3.141094234524685
-0.003952451827244576 1.097390103317954
0.008620329644978551 1.0905611827558062
0.008620329644978551 -1.106379533065243
0.008620329644978551 3.133753636352781
0.024600902278576146 3.141517107965383
0.024600902278576146 -1.1142938514943226
0.024600902278576146 1.0386721714836242
-0.002200602927306827 -1.0958969559442648
-0.002200602927306827 -3.140681455472672
-0.002200602927306827 1.0989228650462552
-0.011037327089901029 1.1016870703084285
-0.011037327089901029 -1.0900034158489393
-0.011037327089901029 -3.1357920323203077
0.05694870519629884 3.1223112649333924
0.05694870519629884 -1.1173983357372583
0.05694870519629884 1.0782683985067993
0.05372764466220774 1.0647750270452527
0.05372764466220774 3.1134122443159526
0.05372764466220774 -1.1271361449804642
0.0035244234225986384 3.140318202985615
0.0035244234225986384 1.0968935895835552
0.0035244234225986384 -1.0992940861416243
0.014050490232186416 -1.0950708105608102
0.014050490232186416 1.0987280237803263
0.014050490232186416 -3.1408181350976623
-0.026069545423834547 -1.0904561857454866
-0.026069545423834547 1.1077479143739741
-0.026069545423834547 -3.1326976885744684
-0.05746868671318837 1.119175216581108
-0.05746868671318837 -1.0780260127009493
-0.05746868671318837 -3.120471714687066
-0.021394785993672356 1.212023885654367
-0.021394785993672356 -0.9921002430078775
-0.021394785993672356 -2.9116522218328003
0.04154247052681073 1.0806768574321473
0.04154247052681073 3.128231247918416
0.04154247052681073 -1.1124415079030199
-1.4655309588802187e-05 3.141582576753135
-1.4655309588802187e-05 -1.0950513356111147
-1.4655309588802187e-05 1.095249648986613
0.00011106727534133931 3.1415162231137743
0.00011106727534133931 1.0950068731688294
0.00011106727534133931 -1.095182684240526
0.020611314072145396 3.132352629878198
0.020611314072145396 1.0907750931936586
0.020611314072145396 -1.109534345309188
0.036058026690337606 3.128781834337925
0.036058026690337606 -1.1110394228061358
0.036058026690337606 1.0857213170604758
0.0035122650797982436 1.097151228921393
0.0035122650797982436 -3.1415349276407083
0.0035122650797982436 -1.0962500269217499
0.019734952479148613 3.1342682834391202
0.019734952479148613 1.0897062298506037
0.019734952479148613 -1.1041435589185518
-0.02839276559163229 -3.1191008624259147
-0.02839276559163229 -1.0735516734549782
-0.02839276559163229 1.1190932357872514
-0.0019397653000742666 -3.140716777684693
-0.0019397653000742666 1.0991844579011496
-0.0019397653000742666 -1.098465122428027
-0.002333630900701035 1.0976703895194821
-0.002333630900701035 -3.140846913707972
-0.002333630900701035 -1.0960540600600512
-0.10036568844266558 -3.105691554137688
-0.10036568844266558 -1.061234953603534
-0.10036568844266558 1.1329698950511744
-0.04878642870457068 -3.1235944567737803
-0.04878642870457068 1.1183295067689982
-0.04878642870457068 -1.081398874183278
0.05861903615922016 3.114910524562598
0.05861903615922016 -1.124675350258731
0.05861903615922016 1.066728455376047
0.019631090504060623 1.0942149142437363
0.019631090504060623 3.1377817293820094
0.019631090504060623 -1.0990880490691934
-0.01580904817720376 -1.0912581824845096
-0.01580904817720376 1.1044034668283933
-0.01580904817720376 -3.1350558073194414
0.03644332221887867 -1.270059564800662
0.03644332221887867 2.9830741514273615
0.03644332221887867 0.9893202923871014
-0.03628754274554404 1.1088055916009278
-0.03628754274554404 -3.129607304740712
-0.03628754274554404 -1.084785108020625
1.813109615020056e-05 -1.09273614355716
1.813109615020056e-05 3.1414948576393127
1.813109615020056e-05 1.092707917689396
-0.03275597193652811 -1.0868356310062197
-0.03275597193652811 1.1128819527914302
-0.03275597193652811 -3.1286015363514874
-0.06284600327469228 -3.1192908235506493
-0.06284600327469228 -1.0744976955445908
-0.06284600327469228 1.117974547426141
-0.014177775348968346 1.1030853571125314
-0.014177775348968346 -3.136632983040227
-0.014177775348968346 -1.0930290659312323
-0.023056999523099704 -1.0920599785465486
-0.023056999523099704 -3.134784842909294
-0.023056999523099704 1.1041932406828037
0.03910523916048484 1.086322393151966
0.03910523916048484 -1.1080370710845926
0.03910523916048484 3.129408587030946
-0.0243957683051257 -3.121493730102375
-0.0243957683051257 -1.0770602561078488
-0.0243957683051257 1.1200559258183276
0.011410292594880937 -1.1042385447486227
0.011410292594880937 3.1367652212852692
0.011410292594880937 1.0944584952704945
0.03656520532081657 -1.113960067850835
0.03656520532081657 1.0855119233333461
0.03656520532081657 3.128560286351019
-0.05745982464458262 1.124112549550734
-0.05745982464458262 -3.117966972157676
-0.05745982464458262 -1.075562474234883
0.0011098676115934834 -1.0970249730622
0.0011098676115934834 1.0962767187019795
0.0011098676115934834 3.1409590512961745
-0.060813388780645704 -1.0617411111021686
-0.060813388780645704 1.1460968945334769
-0.060813388780645704 -3.076544703147005
0.0021233204454431365 -1.0971349505850503
0.0021233204454431365 3.140872177595648
0.0021233204454431365 1.0958045404022543
-0.016623060065201915 3.0957952297112796
-0.016623060065201915 1.0517042258266625
-0.016623060065201915 -1.140980985767022
-0.011774888026253573 -3.137558964924354
-0.011774888026253573 -1.0930559438998442
-0.011774888026253573 1.100687545982512
-0.007250764848404387 -1.0946888744950196
-0.007250764848404387 1.09816443724377
-0.007250764848404387 -3.1403768582145317
-0.007001272282030513 1.1009983466338615
-0.007001272282030513 -1.095815310092626
-0.007001272282030513 -3.139162550909123
0.02207006485696632 1.0904619451105309
0.02207006485696632 -1.1082985920731885
0.02207006485696632 3.1333676151106515
-0.2367499791410739 -3.0504125822656674
-0.2367499791410739 -1.0077550102348096
-0.2367499791410739 1.1933790903219637
0.06782883885838449 1.062305721994734
0.06782883885838449 3.1037699415199107
0.06782883885838449 -1.1360830219776121
0.004694964759850276 1.094607864196325
0.004694964759850276 3.1398256838167278
0.004694964759850276 -1.0981632086564825
-0.01708185747375921 -1.0617710820543746
-0.01708185747375921 1.129520883425498
-0.01708185747375921 -3.1103036791970027
-0.012466487184287592 -1.0924144581608564
-0.012466487184287592 1.1011393463260981
-0.012466487184287592 -3.137467117125523
1.1692195032425327e-05 -1.0161323075368147
1.1692195032425327e-05 1.11775261594993
1.1692195032425327e-05 -3.1145943459838006
-0.014541042627664499 -3.1362652991325977
-0.014541042627664499 1.1040848366182496
-0.014541042627664499 -1.0928987628892453
0.03858214775902681 3.0686920084663383
0.03858214775902681 -0.7934359240275978
0.03858214775902681 0.8990813722030583
0.01780145667319925 -1.1034677716587376
0.01780145667319925 1.0915566949129825
0.01780145667319925 3.1354047430929786
0.03451277650805955 3.1276210812089733
0.03451277650805955 -1.1143437027092171
0.03451277650805955 1.0862108287175254
0.0212671609884499 -3.1386397134508313
0.0212671609884499 -1.0888241519282955
0.0212671609884499 1.101916035786399
0.013796047800788922 -1.14017558942803
0.013796047800788922 0.9907623284418713
0.013796047800788922 3.083608358592917
-0.022152605036022 -3.134186649439781
-0.022152605036022 1.1040279884714301
-0.022152605036022 -1.0893294197913503
-0.017375532786015373 -1.0905520007648193
-0.017375532786015373 -3.1356501008356603
-0.017375532786015373 1.103237870091583
-0.02318405968225612 -1.1011148844396887
-0.02318405968225612 1.0972416203300603
-0.02318405968225612 3.13967314717426
-0.010161168934518421 -3.137916206578371
-0.010161168934518421 -1.0941413501967503
-0.010161168934518421 1.101771413615072
0.06197413049342774 1.0769678474171154
0.06197413049342774 -1.1190701029782617
0.06197413049342774 3.1201069867898013
-0.036184424098372546 2.910386036468779
-0.036184424098372546 0.8084110142634232
-0.036184424098372546 -1.4728314280045915
-0.018559427263953113 -3.1190621157620475
-0.018559427263953113 -1.0733743013621202
-0.018559427263953113 1.1166414302102223
-0.014172367409827769 1.1014414306309692
-0.014172367409827769 -1.093145113000993
-0.014172367409827769 -3.136609510358167
-0.005298124165920434 3.1350956915437225
-0.005298124165920434 1.0895064950222884
-0.005298124165920434 -1.1017770174932835
0.0938935936940965 -3.1401748153614486
0.0938935936940965 1.099645022754873
0.0938935936940965 -1.091815695312821
-0.094454672571575 -1.0646661763633025
-0.094454672571575 1.1315117704831192
-0.094454672571575 -3.1082637797557697
-0.10036568844266558 -3.105691554137688
-0.10036568844266558 -1.061234953603534
-0.10036568844266558 1.1329698950511744
-0.028101293939185337 1.0860023494973796
-0.028101293939185337 3.136939361377027
-0.028101293939185337 -1.1062748279847576
-0.0024440122886220587 -1.0990580358665307
-0.0024440122886220587 1.098975243975386
-0.0024440122886220587 -3.1409556857006944
-0.009368588936388469 -2.9367374703601716
-0.009368588936388469 -0.8606330549563851
-0.009368588936388469 1.4612136288700122
0.006155647528278798 3.1394272917604487
0.006155647528278798 -1.0983973317771987
0.006155647528278798 1.0941715710216378
0.046385215258167196 -1.095605151278142
0.046385215258167196 1.023187816822569
0.046385215258167196 3.101785460308253
-0.007072299577856358 -1.1110676702203872
-0.007072299577856358 3.126536025537295
-0.007072299577856358 1.0803789758778113
-0.007767281332947445 -1.0969172892911483
-0.007767281332947445 1.1033374183066798
-0.007767281332947445 -3.1384097013481203
0.03598131168314164 -1.1045105449529
0.03598131168314164 1.0924162165124665
0.03598131168314164 3.13580695729291
0.011523828725280273 -1.0986089615958181
0.011523828725280273 3.13716907961315
0.011523828725280273 1.088656490153258
-0.010609947968838294 -3.1399950830938703
-0.010609947968838294 1.5784533883821719
-0.010609947968838294 -0.9398139183973023
0.0717993265951938 -1.1184918398452597
0.0717993265951938 3.1197942765778803
0.0717993265951938 1.0737133173663314
-0.024122506795322584 -3.13469447827044
-0.024122506795322584 -1.0927638975863467
-0.024122506795322584 1.1087459598304088
0.004017114244195609 3.1400709403100544
0.004017114244195609 1.0970073763703139
0.004017114244195609 -1.1000617725126427
0.012256348214592209 -1.140490024373485
0.012256348214592209 1.0308937012431418
0.012256348214592209 3.077667964314469
-0.02679239057903619 1.108981845303696
-0.02679239057903619 -3.1299357721571726
-0.02679239057903619 -1.0886157900019269
-0.11904152803132093 1.5501996096529174
-0.11904152803132093 -0.8905771324757993
-0.11904152803132093 -2.8584409042955503
0.05306146556229723 -1.115588049706977
0.05306146556229723 1.0791049061267142
0.05306146556229723 3.1215045048747316
0.010563285759318959 -1.1044315661566781
0.010563285759318959 1.0959775824753566
0.010563285759318959 3.1375889591992423
-0.02155876848268256 1.1070673082935962
-0.02155876848268256 -1.0898072468839206
-0.02155876848268256 -3.1321089109732565
-0.026621864063753144 3.1409939580626776
-0.026621864063753144 -1.0954544147300995
-0.026621864063753144 1.0973578942874613
-0.04090754153417066 -3.127350901762825
-0.04090754153417066 1.109213324426476
-0.04090754153417066 -1.0829005720530245
0.02004290725247012 3.1339474057211576
0.02004290725247012 1.0908638248279983
0.02004290725247012 -1.1055756749301264
0.011378807546697326 -1.0260077923470046
0.011378807546697326 1.1705245054376865
0.011378807546697326 -3.0819738630317657
-0.009785504401425152 3.118821493332067
-0.009785504401425152 -1.122359142872749
-0.009785504401425152 1.0786974971370527
-0.11670497668805993 -1.3422719067179785
-0.11670497668805993 2.9050200308574836
-0.11670497668805993 0.8810831076430556
0.09655601250937976 1.3225589934847413
0.09655601250937976 -2.7210186217066132
0.09655601250937976 -1.0809223196122097
-9.57641726848829e-05 -3.1415653854741876
-9.57641726848829e-05 1.098452069508041
-9.57641726848829e-05 -1.0983205516074372
-0.030652539301746974 -3.1315768791913894
-0.030652539301746974 -1.0854093999204393
-0.030652539301746974 1.106420231509384
-0.08642300101442049 -3.122684601347297
-0.08642300101442049 -1.0735508294710672
-0.08642300101442049 1.1147837932181428
0.04968836987387669 3.125414350808651
0.04968836987387669 1.0819133021828837
0.04968836987387669 -1.113153914108172
-0.01076243863802045 -3.1344014385593217
-0.01076243863802045 1.10644666624676
-0.01076243863802045 -1.0918782639196993
-0.008206675187057247 -1.1019424899795334
-0.008206675187057247 1.0930597031193636
-0.008206675187057247 3.1374234400043215
0.02223604075402427 3.1287590446607583
0.02223604075402427 -1.11048684964046
0.02223604075402427 1.0839109132172176
-0.06317730716928875 -1.0581158770479961
-0.06317730716928875 -3.1024901281223403
-0.06317730716928875 1.1379690184800393
0.08939797553163309 1.274774371488331
0.08939797553163309 -1.1184112949095175
0.08939797553163309 -2.79126802463875
0.03492510484805849 2.962463994694083
0.03492510484805849 -1.22620761417451
0.03492510484805849 1.0092708087050128
0.020762691725627096 3.132581421071771
0.020762691725627096 1.0882633468662863
0.020762691725627096 -1.1042344329529121
