Torsion_1 Torsion_2
1.657580682488647 1.1146955423106808
1.657580682488647 -1.3458400250051135
1.8040237844428764 1.229257639335413
1.8040237844428764 -1.3246739508616183
1.5121162376244706 -1.0458423247457733
1.5121162376244706 1.2488536131286148
1.6911874310784 1.5164074571955481
1.6911874310784 -1.1852431356339528
-1.5838797394049762 1.185979260831552
-1.5838797394049762 -1.2197838809497552
-1.640575283311323 1.1645952060658449
-1.640575283311323 -1.2247343832446866
1.2423642467011433 1.2414211877841843
1.2423642467011433 -2.4959730345962647
1.5888402920997833 1.197208547251488
1.5888402920997833 -1.2008547904906013
1.5348328166682221 -1.1178343320921063
1.5348328166682221 1.2053563002070018
1.9810539539950816 2.784682542254594
1.9810539539950816 -1.181830707769823
-1.3222642565494787 1.2496858145554313
-1.3222642565494787 -1.273676678017142
-1.6857916450303756 -1.0472096412137488
-1.6857916450303756 1.249531566417179
1.621991137684845 1.2407195891739695
1.621991137684845 -1.2216174643534314
1.289258527722795 -2.964434611577978
1.289258527722795 0.7841353225670401
-1.6166657806359641 1.219932576109066
-1.6166657806359641 -1.2087071043620274
1.634560269790728 -1.1987265788844594
1.634560269790728 1.291948108558258
1.0039955118296437 -2.603778727986243
1.0039955118296437 1.194087807942201
-1.6089090882739245 -1.2512052147063648
-1.6089090882739245 1.2440681145438959
-1.9833094423509476 1.1359579223632637
-1.9833094423509476 -2.9330183305568234
-1.5574358589043042 -1.2404525882615933
-1.5574358589043042 1.3168112488117099
-1.15337787639308 -0.9986099302317445
-1.15337787639308 2.91625820050166
-1.6270274732141012 1.2594332974151992
-1.6270274732141012 -1.2050083214736063
-1.0153560629365097 -1.070353928871785
-1.0153560629365097 2.7596712095069766
1.4909838608854875 -1.2728790560811394
1.4909838608854875 1.196035035414527
1.7037956106822283 1.470209858731023
1.7037956106822283 -1.3852272719265954
-1.6256282825061577 -1.1976989292395699
-1.6256282825061577 1.2162523519527157
-1.4137412288386084 1.3169964210704574
-1.4137412288386084 -1.3186989024438798
1.546379170113291 1.2275540623777361
1.546379170113291 -1.16737149457554
1.2476153887150767 1.6484009174817373
1.2476153887150767 3.0252312892128796
1.586874975985418 1.2107155089507136
1.586874975985418 -1.1659959194238267
2.094501350082495 2.7005072159618733
2.094501350082495 -1.157868979302305
1.5872354091104943 -1.2614042009558304
1.5872354091104943 1.2416604496646937
1.7396821815769443 1.1629019903483875
1.7396821815769443 -1.5618459615811076
-1.9090021643679178 -1.6225306228838168
-1.9090021643679178 1.1456764608314587
-2.064994270152455 -2.623938855151734
-2.064994270152455 1.1536573970241868
-1.5962786492730068 1.237285848833002
-1.5962786492730068 -1.2398443667035344
-1.554030498806928 1.1543317961460648
-1.554030498806928 -1.3505685075811393
-1.5249919832228438 1.1070976811020683
-1.5249919832228438 -1.228067879361405
-1.4193723692795563 -1.7541517740192867
-1.4193723692795563 -2.9828559567185313
1.690050431960863 1.0844537306878936
1.690050431960863 -1.1855641327633073
1.3972785875521279 -3.0317921332627114
1.3972785875521279 1.9915497645787177
-1.5912207404944612 -2.558373146791009
-1.5912207404944612 2.558143999139921
1.5016789863225035 -1.1010107181384703
1.5016789863225035 1.1736055089905717
-1.5212959977243938 1.095767591425164
-1.5212959977243938 -1.3095209248339996
-2.240653720503131 1.1045379871511924
-2.240653720503131 -2.879091887714205
-1.4655073257933768 3.0358086525880092
-1.4655073257933768 -1.996700830834658
-1.8349667471642943 -1.0967959576463358
-1.8349667471642943 1.575730491666938
1.6338236477257526 -0.966432517185001
1.6338236477257526 2.935737938339252
-1.7355841455387486 -1.1556288090932842
-1.7355841455387486 1.3329453878051225
-1.9722858702730506 1.0411343085005897
-1.9722858702730506 -2.9308285306970103
-0.9694929411642379 -1.1977652885859955
-0.9694929411642379 2.854650433622948
-1.6151898854541067 1.2613880860586884
-1.6151898854541067 -1.2037260846019802
-1.9577202728312668 1.1111868798171174
-1.9577202728312668 -2.7336888772150285
-1.520351434331969 -1.2264523115009407
-1.520351434331969 1.2177038128691497
-1.5978698998103582 -1.1869916953954145
-1.5978698998103582 1.1963239672331425
-1.8063680642203264 -1.2022432531180578
-1.8063680642203264 1.3492027407403226
1.6254614137873913 -1.1932389154354814
1.6254614137873913 1.2281212212008152
-1.5931816146519004 -1.2023449730693347
-1.5931816146519004 1.1830403681814745
-1.610333152404321 1.2257419624076233
-1.610333152404321 -1.2253423343963286
1.7450423519424485 -1.7807141566216806
1.7450423519424485 -2.989364697354949
-1.840880515941739 -1.2095312169791737
-1.840880515941739 1.3575283592190646
-1.8413772099293497 -1.1015569287348155
-1.8413772099293497 1.2678839583385375
-1.8335998172322776 1.4400644327625205
-1.8335998172322776 -1.2822794637355348
1.4087388540432466 -2.3413111221799046
-1.5928602010818431 -1.208306529434994
-1.5928602010818431 1.1970609687314895
1.677937053544995 3.0514169737120063
1.677937053544995 -1.980726208936173
1.4539189326321302 -1.1913098278032024
1.4539189326321302 1.5512515796519228
1.6028642957587556 -1.2268524748621423
1.6028642957587556 1.2407941341060897
-1.7160169718346865 1.2518068451933426
-1.7160169718346865 -1.2683554544361448
-1.9786464921725293 -3.1008929998821064
-1.9786464921725293 0.8347029601024414
-1.571817687124184 1.4655943817242474
-1.571817687124184 -1.4552590802383938
0.9970516941634999 1.1986320573292537
0.9970516941634999 -2.8164644027210386
1.0959984665074896 -2.639567219063477
1.0959984665074896 1.161880806085503
1.6000413512183944 -1.2245567266726471
1.6000413512183944 1.2240776337727473
1.7616133753551113 3.0283580673248753
1.7616133753551113 -2.0075589217461207
1.4743735445683515 -1.3068898680411563
1.4743735445683515 1.23198645725692
1.252975709798211 2.7681810947104535
1.252975709798211 1.5385759155844407
-1.2264211114815442 -1.018112889755289
-1.2264211114815442 2.9797090242199955
1.3872574366060149 1.5813637802197198
1.3872574366060149 -1.2142545477244668
-1.2833077479417798 2.432256483059637
-1.2833077479417798 -1.1685583750078412
-1.6384727823378735 -1.1913468933879234
-1.6384727823378735 1.2185261327843968
-0.8558112651230669 2.3607676106361595
-0.8558112651230669 -1.2693125727664187
-1.5862008404244774 1.157615792239003
-1.5862008404244774 -1.2618624270432959
-1.5775694746691005 -1.1756451363204752
-1.5775694746691005 1.258852841014723
1.5902654752171435 -1.2177483105700582
1.5902654752171435 1.2484953274991613
1.5730729370553715 -1.4656520575932575
1.5730729370553715 1.459420162151134
-1.598545992648224 -1.2323826316253765
-1.598545992648224 1.4034532164271283
1.6381315466989974 -1.251412415917625
1.6381315466989974 1.27176979636711
-1.6001061141120994 1.184074440011874
-1.6001061141120994 -1.1840979939473366
-1.7885061368071717 1.0678163397904574
-1.7885061368071717 -2.7952981470793326
1.915579535296929 -0.6993444866265786
1.915579535296929 2.737102240465974
1.2805905039819574 1.6551219907472352
-1.3350111643376372 -1.086524917914706
-1.3350111643376372 2.9041441490800435
1.167026228058362 0.8884526277696032
1.167026228058362 -2.8075163341246405
1.6169519276971571 -1.2216150788492952
1.6169519276971571 1.1907482177743658
-1.6976190580032349 1.2349029363551542
-1.6976190580032349 -1.2230228562533296
-1.7322360515657882 -1.133323904209618
-1.7322360515657882 1.3203973732542276
1.5872354091104943 -1.2614042009558304
1.5872354091104943 1.2416604496646937
-2.056292936392102 -2.7195671656534075
-2.056292936392102 1.1680971430393605
1.1042965647884202 1.1954015027222429
1.1042965647884202 -2.684104237745425
1.5456611526587183 1.2726219203820348
1.5456611526587183 -1.2257764055146327
1.348353757637135 -2.5752867930479093
1.348353757637135 1.0968287623910928
1.9438147059800255 -1.0515355016218995
1.9438147059800255 2.9531737051152636
1.660690743155471 -1.2506764765534262
1.660690743155471 1.1645374679857987
-1.9571164295170733 0.6870479549740036
-1.9571164295170733 -2.8619295352574703
2.03940182981157 2.6344286581092997
2.03940182981157 -1.1442764074563596
1.7218650638090083 3.043521472602459
1.7218650638090083 -1.9905720825692095
-1.5846309670320144 -1.3102639405996828
-1.5846309670320144 1.213156198101261
2.0946345967920954 -0.8598713671493687
2.0946345967920954 2.684129864860471
1.6411557534796284 -1.1714611113152569
1.6411557534796284 1.2663132713134444
-1.632347841041117 1.1581112541790584
-1.632347841041117 -1.2375921313727536
1.5812562563741857 1.1937579803429441
1.5812562563741857 -1.19643148287029
1.6521976430217233 -1.2618574572523005
1.6521976430217233 1.181621849525453
-1.5905323271739813 -1.4613191116514388
-1.5905323271739813 1.3769391621912217
-1.1571358777155747 2.8875373327229443
-1.1571358777155747 -1.0593412441736099
-1.5997921036533078 1.188669993546045
-1.5997921036533078 -1.1886465522975254
1.465894692770585 -1.107053101188832
1.465894692770585 1.189676429666873
-1.5361690092479579 1.386320952390773
-1.5361690092479579 -1.302285063880677
1.8429597695119375 1.0073049019336027
1.8429597695119375 -1.4933458834712263
1.4232221583513656 2.976196960185719
1.4232221583513656 1.7607515774401303
1.4928159170103854 -1.1193537341688393
1.4928159170103854 1.2843244016152349
1.5830379898983717 1.187523433060583
1.5830379898983717 -1.2182162125423233
-1.6030443814142155 1.180552328699447
-1.6030443814142155 -1.3832449197692438
-1.563687559522106 -1.1632934793020229
-1.563687559522106 1.2595208711012922
2.050896536494106 -1.2672730464229367
2.050896536494106 2.626138188148761
1.4743735445683515 -1.3068898680411563
1.4743735445683515 1.23198645725692
-1.4852977621180692 1.0779581836530558
-1.4852977621180692 -1.2381363581173976
1.574484553028094 -1.0624837862597059
1.574484553028094 1.3028554561894543
-1.6844424830227902 -1.1750720313311578
-1.6844424830227902 1.2637288801943736
1.2138869142206246 1.094358193081424
1.2138869142206246 -2.905856516287541
-1.4284997656468552 3.0351446728156497
-1.4284997656468552 -1.9865765740475545
-1.6327983743376908 -1.1689137354007555
-1.6327983743376908 1.2030562262172135
1.5897959083253765 1.2111271378813826
1.5897959083253765 -1.2083429430372332
-2.080161279667385 -2.5003699051468784
-2.080161279667385 1.195761863711297
-1.922942088230248 -3.0018973598651475
-1.922942088230248 0.9986065643349472
-1.9167180620611386 -2.3622774642654583
-1.9167180620611386 1.4160761389405725
1.535694256022168 -1.1834940128084062
1.535694256022168 1.3559976921205843
-1.554075714318711 1.1362561285932362
-1.554075714318711 -1.1589146490356177
1.5794757980113585 1.2450285688571459
1.5794757980113585 -1.2054445634683344
-1.6941229833064935 -3.03506513459527
-1.6941229833064935 1.99939470345121
1.74199035741616 -1.796412880454161
1.74199035741616 -3.000978875439978
-1.5918187045854673 1.2004691030538643
-1.5918187045854673 -1.1782411111071236
2.0254244241447914 -0.9686686291490756
2.0254244241447914 2.863937266115711
-2.1220521982371525 -2.890984673071609
-2.1220521982371525 1.1791065577808943
-1.5556907761113012 1.3496331679970426
-1.5556907761113012 -1.4198516258463185
1.2116071397267865 1.1870728741878862
1.2116071397267865 -2.8291314013490094
-1.7918603601866365 -2.3458006622451437
-1.7918603601866365 1.121863749590427
-1.6084224499330084 1.195013396052309
-1.6084224499330084 -1.1988094377581198
1.6129047441073732 1.214707718275534
1.6129047441073732 -1.2266937104605433
-1.6097365994383501 -1.2368246634863809
-1.6097365994383501 1.2182301680148913
1.51044299031622 -1.1048376827764634
1.51044299031622 1.22864601952838
-1.6667226337806706 1.214331058257292
-1.6667226337806706 -1.2463098237643044
1.9408266390980489 -1.0566906266228413
1.9408266390980489 2.792714101163441
1.7396821815769443 1.1629019903483875
1.7396821815769443 -1.5618459615811076
-1.5987287440648386 -1.3449006129697771
-1.5987287440648386 1.098755952172522
1.2600257949617226 1.1862573314202494
1.2600257949617226 -3.06876102584159
-1.602671755721016 1.1919346198294913
-1.602671755721016 -1.1991036319293513
-1.3516649972425532 1.6211536265374706
-1.3516649972425532 -1.1363418540563632
-1.1785537356267943 3.0516589152068123
-1.1785537356267943 -1.0524321410864927
1.642999265091136 -1.2409401205730486
1.642999265091136 1.1794577547939207
-1.5879487794014913 -1.2128714451160179
-1.5879487794014913 1.1656167602723833
1.6073004046388468 1.3476583527366883
1.6073004046388468 -1.2386505524240075
1.4660014107039319 1.4725216301503705
1.4660014107039319 -1.5448294178149666
-1.116842004035913 2.6513630343204215
-1.116842004035913 -1.1957076999638836
1.817640492208129 1.40272366472381
1.817640492208129 -1.2947400969945597
1.5975611961959382 1.2198618517657067
1.5975611961959382 -1.2063683087006547
1.5681595452202408 1.2436975578613894
1.5681595452202408 -1.1984485384960593
-1.5449563201047245 1.108350729387866
-1.5449563201047245 -1.0811483038063252
1.6950700380079362 1.107998464085688
1.6950700380079362 -1.1742613655677017
2.2197122281138806 -1.2376617342866578
2.2197122281138806 1.9481217264895918
-1.6019636565369864 -1.3047744149811897
-1.6019636565369864 1.2454778444421022
1.7087179455126402 -1.262383280109509
1.7087179455126402 1.4116224624496017
1.5912977295086717 -1.2438425684072392
1.5912977295086717 1.2341947554698982
1.5299742464427626 -1.1782260524236159
1.5299742464427626 1.440247641282565
-1.4370153850440335 -1.7712898384065867
-1.4370153850440335 -2.983222740281278
-1.6118791208351264 1.1695203792232212
-1.6118791208351264 -1.161952955836666
1.4232221583513656 2.976196960185719
1.4232221583513656 1.7607515774401303
1.2866068549543224 1.1844491414218719
1.2866068549543224 -2.988097258661169
-1.4478453397351305 -1.759108387070954
-1.4478453397351305 -2.9776182936152953
-1.433614942134567 -1.7703208340965437
-1.433614942134567 -2.9806712943112634
2.0091693284441363 -1.0715583902328596
2.0091693284441363 2.811149516236067
-2.0651265207762997 1.141711904942522
-2.0651265207762997 -2.927735859317307
-1.5586313839470927 -1.2347715945398865
-1.5586313839470927 1.180881418107082
-1.6185645479699602 -2.143985502434421
1.5945343017682199 -1.2150076635761378
1.5945343017682199 1.2349416808738871
1.4664614965083405 1.4180939941718609
1.4664614965083405 -1.238349679820515
1.6116605247346703 -1.201717343873421
1.6116605247346703 1.197283014710512
-1.6717003073886363 -1.2733900333882802
-1.6717003073886363 1.2899321316456225
-1.6054605539312043 1.2230030066506756
-1.6054605539312043 -1.2468920373573331
-2.0812114330176117 -2.6048209068789974
-2.0812114330176117 1.1604574926105105
1.6073004046388468 1.3476583527366883
1.6073004046388468 -1.2386505524240075
-2.1763766264845894 1.0753646697789991
-2.1763766264845894 -2.7294544682086066
-1.7004744707684203 -1.1022691971594336
-1.7004744707684203 1.2393199561556927
-1.619109264059737 1.2430582245688926
-1.619109264059737 -1.2167191297007007
-1.4338781160144143 -1.7627204267427357
-1.4338781160144143 -2.977574948544852
1.61566241838567 1.2299817247924048
1.61566241838567 -1.2355401428518618
1.546379170113291 1.2275540623777361
1.546379170113291 -1.16737149457554
-1.6085192391441756 -1.2231210803444446
-1.6085192391441756 1.223762412338937
-1.2238474439048739 2.7290881700210172
-1.2238474439048739 -1.1236695091989997
2.033338490273043 -1.0912773424258044
2.033338490273043 2.8488619038440004
1.2865514255961537 1.2193607505717523
1.2865514255961537 3.139200377722575
-1.67025056565363 -1.2751215858240956
-1.67025056565363 1.2755751490463443
1.2026695319571696 1.115682744162113
1.2026695319571696 -2.942684456269552
2.0740536020605695 2.5889160590146174
2.0740536020605695 -1.1441685435225475
1.1949942603208004 1.0871554178900245
1.1949942603208004 -3.0248579119575005
1.8888107929409041 -1.090388019873585
1.8888107929409041 2.9688041873938285
1.8978582180261596 1.1521962911797985
1.8978582180261596 -1.4647290754762916
1.6050164913142748 -1.2322898870486343
1.6050164913142748 1.2345030369339764
1.613629622381767 -1.2690338071491905
1.613629622381767 1.2007005325975582
1.96102745812399 -1.0604311822033965
1.96102745812399 2.969173505790415
1.838760675518631 -1.3027009662165703
1.838760675518631 1.2512009998590587
1.594065323700595 -1.2161594602011778
1.594065323700595 1.1587302382466647
-1.057800062812435 -1.1476434378074354
-1.057800062812435 2.836180449035457
-1.5990748577386926 -1.2103714031171557
-1.5990748577386926 1.183177240481966
1.6100355873403607 -1.2073361393118995
1.6100355873403607 1.194627174297141
1.6044446764561273 1.2024642481747363
1.6044446764561273 -1.189470119232794
1.6063557256159502 -1.204671521319213
1.6063557256159502 1.2165705745165603
-1.5731931531248227 -1.2335246325451792
-1.5731931531248227 1.1787362805783486
-1.6689404347386245 1.4581021920050572
-1.6689404347386245 -1.2587318197946071
-1.9926841742080097 -3.135461192336813
-1.9926841742080097 1.1279471161617398
-1.598899314008254 -1.17805157760384
-1.598899314008254 1.1889238294942794
-1.17377927568215 -1.1219483552060785
-1.17377927568215 3.0172751298949207
1.6873929667139638 1.0923245423904082
1.6873929667139638 -1.1737567942748877
-2.039054248843985 -2.6213377887889444
-2.039054248843985 1.1363784630399973
-1.9984988004693318 1.1705549239291015
-1.9984988004693318 -2.964265748870702
-1.6123725875045294 1.2138573168440916
-1.6123725875045294 -1.2276188400359804
1.6015458902782176 1.2151725030303024
1.6015458902782176 -1.229268028255189
1.607929035622298 1.1960384155618202
1.607929035622298 -1.1964854025552594
1.6518818272354079 3.025913930466124
1.6518818272354079 -1.998351154540216
1.3875815167464345 -3.0341276916964426
1.3875815167464345 1.9881530230855564
-1.7168643339010787 -1.443245229163326
-1.7168643339010787 1.2467986012758783
1.5251859791737845 1.3126011961334425
1.5251859791737845 -1.2720759806073938
-1.692414272760785 -1.1734318510931065
-1.692414272760785 1.22883346077588
-0.6446982987010832 -1.169715221692769
-0.6446982987010832 2.9510642406970926
1.7279620098897863 -1.534670067652301
1.7279620098897863 1.3433151430918095
-1.9760223034645346 -2.9782332508762295
-1.9760223034645346 1.1111882019227133
-1.5399500157463957 1.2163840640517636
-1.5399500157463957 -1.1201729209667448
1.9457460076049462 1.5047520628758457
1.9457460076049462 -1.7531633082191334
1.8722096750127093 2.9677907329181408
1.8722096750127093 -1.2002700698565185
-1.5906568231286775 1.1848505998211378
-1.5906568231286775 -1.1759069521667613
-1.2943728176526883 -1.219965453675645
-1.2943728176526883 2.3439161274787566
1.4571442399367878 -1.4370066393937633
1.4571442399367878 1.2529993919842477
1.5242431754012824 -1.1498480832934497
1.5242431754012824 1.2689598388754222
1.3182210571263253 1.1650255260054714
1.3182210571263253 -2.931836658727563
-1.43280577328363 -1.5557315561991942
-1.43280577328363 1.5014409200663585
1.4415874613278596 1.1951751126476926
1.4415874613278596 -1.125696333512389
1.606865492020699 -1.2240070038704434
1.606865492020699 1.2238810008463945
-1.695163575551348 -1.1214223538239994
-1.695163575551348 1.1908430998249728
-2.0385850743938243 -2.9653497533809046
-2.0385850743938243 1.1058532180569067
-1.6180759562644695 1.2098514784912742
-1.6180759562644695 -1.194524954759837
1.7809921622060665 2.585422335345321
1.7809921622060665 -1.3200458290775459
1.5242431754012824 -1.1498480832934497
1.5242431754012824 1.2689598388754222
-1.5754897856220889 -1.2346818893589893
-1.5754897856220889 1.1809751300503826
-1.5844760110302052 -1.1730201305289367
-1.5844760110302052 1.2006936208972945
1.9646404079443343 2.757932966396229
1.9646404079443343 -1.202995821947273
-1.6407684136837504 -1.264816954008591
-1.6407684136837504 1.3122232628325092
-1.2712891485346614 1.5704118693567062
-1.2712891485346614 -1.6174391845768255
-1.6673559368075577 1.459259888513532
-1.6673559368075577 -1.2615360899713959
-1.6096902763106968 -1.3569590992435185
-1.6096902763106968 1.3626330044692674
-1.3621618768203434 -1.4574785731105722
-1.3621618768203434 1.3622791757626236
1.9732069471697158 2.455413818650341
1.9732069471697158 -1.0464367288546832
-1.639744311462932 1.2620528299435188
-1.639744311462932 -1.17296460292831
1.660559984745521 1.355819474691294
1.660559984745521 -1.246576218497886
-1.1873131384038929 2.190869711852317
-1.1873131384038929 -2.8742670813650344
-1.5936034455597596 1.1843452461854937
-1.5936034455597596 -1.17714335927408
-1.5854006671735128 -1.120150856944314
-1.5854006671735128 1.0952801587656058
1.9034615700837556 2.6804973820716738
1.9034615700837556 -1.2100335307179435
1.6026502950599162 -1.1773835410707867
1.6026502950599162 1.1707421510761373
1.2805073950616241 -2.9126664175417893
1.2805073950616241 0.9998150894184372
-1.607983169506815 1.256094523162914
-1.607983169506815 -1.2098990087587005
1.5705232787730767 1.2272554120019523
1.5705232787730767 -1.4634808597024225
1.0965914670714494 1.3622992617492855
1.0965914670714494 -1.7046082342166555
1.651097144799234 1.2250233634046428
1.651097144799234 -1.2122301269653384
-1.6311452428061344 -1.2558641211678059
-1.6311452428061344 1.2160818489393257
-1.5983567425725709 -1.167660681848268
-1.5983567425725709 1.2393248564230859
2.0420866124010835 2.9123155121573627
2.0420866124010835 -1.2051613323767878
-1.5918073555814534 -1.1909890418087967
-1.5918073555814534 1.2018032523969395
-1.2576291814057503 1.5351682382285619
-1.2576291814057503 -1.6215789033382797
-1.645370927119325 -1.2170812698682665
-1.645370927119325 1.2557780266565142
-0.8376795289419885 -1.2424594199639734
-0.8376795289419885 2.767393835457105
-1.6149818749940454 -1.184135524409473
-1.6149818749940454 1.324189269118656
-1.1790891702793067 -1.1575295019978515
-1.1790891702793067 2.8123429575534424
-1.8944988328798533 -2.918662384656237
-1.8944988328798533 1.0626052844134057
1.5112146303831333 1.2933217128872982
1.5112146303831333 -1.1414954316249448
1.5233675203975632 1.2581183963356126
1.5233675203975632 -1.2012940101873943
1.6134233954445942 -1.2629972246419248
1.6134233954445942 1.1849565464594913
1.6115241183909368 1.2924023602049552
1.6115241183909368 -1.2792896837419891
1.0431810356058346 -2.955805552740496
1.0431810356058346 1.1951386461619231
0.9826794827017399 1.377554636466628
0.9826794827017399 -2.729451642871628
-2.0116725084762046 1.0919446258733523
-2.0116725084762046 -2.9563086984216813
1.607045708128672 -1.2186741312471867
1.607045708128672 1.2206465283398735
2.195097703766273 -1.3980287597994538
2.195097703766273 2.6970256563465402
-1.5382249315633036 -1.3079698564977726
-1.5382249315633036 1.2835287723709619
1.6438299697812226 -1.133817464283337
1.6438299697812226 1.1600036013379251
1.6253838489577863 1.2252534641815545
1.6253838489577863 -1.1943835782253427
-1.488011004412089 1.0094668282067216
-1.488011004412089 -1.151653299171634
1.9335015436133782 1.5428945014920772
1.9335015436133782 -1.6064122497076814
-1.573952768377242 -1.234907569298488
-1.573952768377242 1.17960768373551
-1.1848306610628803 2.828528822636359
-1.1848306610628803 -1.0838356163985818
1.5896205033186965 -1.2508669183277261
1.5896205033186965 1.192170756366714
-1.6957718513554534 -1.2751448460421877
-1.6957718513554534 1.4245467550263644
-1.6653062350609065 -1.2227982367934893
-1.6653062350609065 1.2125092010447251
-1.9552698784457 -3.0121981751009446
-1.9552698784457 2.011645320255211
1.631350625782842 -1.1629098412335392
1.631350625782842 1.2391364660813733
-1.2663347081226324 -1.0841167172920818
-1.2663347081226324 2.9711285520979
0.8527354175688342 -2.5428831382449864
0.8527354175688342 1.4084131778175881
1.6217861802078302 -1.2382081000144252
1.6217861802078302 1.1561200148739579
1.0909811740539228 1.1596124272897614
1.0909811740539228 -2.714007004750235
-1.5849890125815527 -1.2522548720377986
-1.5849890125815527 1.4414716638959386
-2.073815613640653 -2.6746342341821667
-2.073815613640653 1.1621088716157457
1.6480175974213724 -1.2219669078626083
1.6480175974213724 1.2278331038911399
1.932079928249531 -0.7773372943448978
1.932079928249531 2.711135679723308
1.5769893105294066 1.3533914670863652
1.5769893105294066 -1.373444078736719
1.6244519837416667 -1.6178265893876442
1.6244519837416667 1.3107173674098485
-2.134043658321126 1.1398749648305473
-2.134043658321126 -2.7643748041422813
1.5770912111741298 -1.212625196652217
1.5770912111741298 1.143152596226302
1.4293485971704487 -1.3620064132574539
1.4293485971704487 1.473492098549097
-1.2523792809705832 1.5360391448445416
-1.2523792809705832 -1.6177180961256714
-1.6214802194510791 1.2171217182128156
-1.6214802194510791 -1.1751640308601288
1.68727232441904 1.457441664249049
1.68727232441904 -1.5435800784748914
1.5745347062138375 1.2343869302579682
1.5745347062138375 -1.1795585591310467
-1.329905712660707 1.4634238340151864
-1.329905712660707 -1.6254543777491195
-1.5989608031442184 1.2218043258105769
-1.5989608031442184 -1.2330847985795328
1.5875025634714817 1.1927950492783508
1.5875025634714817 -1.206693558918225
-0.9941319827084595 -1.56054078004719
-0.9941319827084595 2.37984655708195
-1.5950298652580108 1.2748305984698454
-1.5950298652580108 -1.3270780767853119
-1.656693456122402 1.2614919182919795
-1.656693456122402 -1.342165308237545
1.7934971710147316 1.3277713285267927
1.7934971710147316 -1.2386954970655897
-1.1066359132411938 2.620396461728841
-1.1066359132411938 -1.1374309346106894
-1.2075011481862086 -1.1627474000803442
-1.2075011481862086 2.915796242546147
1.465462922276351 -1.1171628238385292
1.465462922276351 1.2470348322830014
-1.6394630991929786 -1.1948392689478509
-1.6394630991929786 1.2045421522746627
-1.5873293625004357 1.1934088260191207
-1.5873293625004357 -1.1957907645690076
-1.1646923910419542 -1.0441228493174333
-1.1646923910419542 3.063980725107619
1.9213162587462866 1.5368170752999513
1.9213162587462866 -1.6208192932478553
1.5853228014513325 -1.462901216821694
1.5853228014513325 1.4628592365619477
1.5751280284350238 1.2351915751421223
1.5751280284350238 -1.1803511088441747
-1.0537350893314743 2.6627866339816855
-1.0537350893314743 -1.142876649616117
-1.4151444410973857 -1.6349898681810087
-1.4151444410973857 -2.8613995096061746
-1.7658979952026532 1.5798986019759822
-1.7658979952026532 -1.453302391797991
1.0691340368024822 1.1111993922509544
1.0691340368024822 -2.993976812572445
-1.942293829846863 1.115050730057091
-1.942293829846863 -2.998361205306584
-2.0083405548751414 -2.945084401656931
-2.0083405548751414 1.1847533379948536
1.242376644806541 0.920969597783401
1.242376644806541 -2.639652824984342
1.5146918929221742 -1.0435602290336432
1.5146918929221742 1.2507456665025234
-1.951151704696661 1.1580630648447023
-1.951151704696661 3.106752169716745
-1.4375526348364551 -1.6484883050426804
-1.4375526348364551 -2.8800256240001127
-1.5766788615478669 -1.6176709614166365
-1.5766788615478669 1.3026551871317953
2.110745789549334 1.2439445758454148
2.110745789549334 -1.3756133177477012
1.5651606775088118 1.1583920711700997
1.5651606775088118 -1.2593423394897132
1.4970018305950392 -1.3122292947053174
1.4970018305950392 1.2235954121403547
1.494354448996391 -1.2595824054135436
1.494354448996391 1.4417421061113633
-1.6195835239047696 -1.2446054014159795
-1.6195835239047696 1.2339779233917287
-1.5608020831698008 1.2045356533350287
-1.5608020831698008 -1.111835300484936
-1.3163559225962844 3.064981172745562
-1.3163559225962844 -1.1117293393844363
-1.0951047918015397 -1.0801012308874407
-1.0951047918015397 2.8270861621481584
-1.5896405678777727 -1.230285989245167
-1.5896405678777727 1.2167103870222777
1.1081019692722704 1.1908820720439566
1.1081019692722704 -2.9584049477371517
1.6938151558251318 1.0490853745235398
1.6938151558251318 -1.2437744526730559
1.1665053719828251 1.2132521673936414
1.1665053719828251 -2.749965770135956
-1.69030398637488 1.1622920651121087
-1.69030398637488 -1.2199367899844304
-2.0995083692812693 -2.732602536358954
-2.0995083692812693 1.0731709667956795
-1.5248041630983367 -1.3409232576528463
-1.5248041630983367 1.235693789502825
1.6066789607377536 -1.2239420487472932
1.6066789607377536 1.223263181498821
1.5570104182943914 1.2534235352249634
1.5570104182943914 -1.1840382136775693
-1.7680495286837696 -1.3006119808529748
-1.7680495286837696 1.2887012487777572
2.057518672858738 -1.1162652032737734
2.057518672858738 2.865863993333516
1.3124646610780286 -1.4026879524440663
1.3124646610780286 1.6180848807633548
-1.0145426977908654 1.7818651756985568
-1.0145426977908654 -0.8281855561961428
1.5665632971732666 -1.3987267383076696
1.5665632971732666 1.3378064265162317
1.609139152108477 -1.2764067336006155
1.609139152108477 1.1383178412039539
1.6006871648498366 1.2299612069653694
1.6006871648498366 -1.233557406380532
-1.5829076728827178 -1.1558614321164054
-1.5829076728827178 1.164605233358829
1.2458733586962634 -2.7993301719087045
1.2458733586962634 1.2191807570478395
1.7756293063939885 -1.1310240800804743
1.7756293063939885 2.674238950628511
1.6044446764561273 1.2024642481747363
1.6044446764561273 -1.189470119232794
1.5269893606177407 -1.4238823462696923
1.5269893606177407 1.542647034924288
-2.036720658207966 1.2209009546197076
-2.036720658207966 -3.0254822140408213
1.6282965777899057 1.2532997657430973
1.6282965777899057 -1.2293224831070477
-1.5352297427480606 1.1088827001470631
-1.5352297427480606 -1.2047737616635752
-1.6380801000387162 1.2433441422761629
-1.6380801000387162 -1.1941410130090402
1.5835025287467193 1.1880822648944074
1.5835025287467193 -1.2413177627827514
1.6547015251840473 -1.25460849335116
1.6547015251840473 0.9574210843058655
-2.1002224439690305 -2.9973871826573792
-2.1002224439690305 1.1134284812764748
-1.641263897634972 -1.2626438629914132
-1.641263897634972 1.3013371524580548
2.123463352932861 -1.148570160522275
2.123463352932861 2.5849124632191667
1.3092373681278364 -1.3723148495779938
1.3092373681278364 1.625839644125395
1.5718682411709588 1.2316571912460494
1.5718682411709588 -1.178658575914781
1.5888737003650937 1.174234486057577
1.5888737003650937 -1.1896946371715784
1.4522224059610016 -1.0894872937906357
1.4522224059610016 1.1037433658073654
-1.0476071684925239 -1.1365060787523962
-1.0476071684925239 2.9605426232034957
1.6060965105198919 -1.2231132426015383
1.6060965105198919 1.2226377196452212
-1.7346796621071394 1.7004133098210386
-1.7346796621071394 2.925134570691892
-1.8128116010561337 1.1644174504704494
-1.8128116010561337 -1.495435608052262
1.9544474193998551 1.5585260447015663
1.9544474193998551 -1.5989254239525519
1.5725450960207261 -1.1751485309351277
1.5725450960207261 1.2268542104219777
-1.4585113002470116 1.0686786466540508
-1.4585113002470116 -1.124987342404676
-1.5779089198190999 -1.2272655569463229
-1.5779089198190999 1.299369535980555
1.694483821089961 1.2666312307121066
1.694483821089961 -1.4175942091465792
-1.3736978324263642 1.2086726547085633
-1.3736978324263642 -1.2443991222225244
1.6017425712188786 1.2197957619666286
1.6017425712188786 -1.184383150417544
-1.61134169005198 -1.2425461316280952
-1.61134169005198 1.2429709687261297
-1.6815823320264203 -1.3371476309263897
-1.6815823320264203 1.466031258177909
-1.8148238691359202 1.1006547485479024
-1.8148238691359202 -2.770058949910508
1.486993091135033 1.6653622919957347
1.486993091135033 -1.3878063316925686
-1.5228511819288393 1.4267620553425988
-1.5228511819288393 -1.5371701314895354
-1.0695097336552388 -1.1074771847071712
-1.0695097336552388 2.9940159888681017
-1.600447683881444 -1.2042529870029264
-1.600447683881444 1.1988188023650965
-2.058948116061389 1.1701735828366246
-2.058948116061389 -2.9403403023782935
-1.5576613384253135 1.1771232558374742
-1.5576613384253135 -1.281364928350596
1.3230569219295483 1.3686558472666244
1.3230569219295483 -1.5656659071578565
1.0605067012775617 1.0911342807279605
1.0605067012775617 -2.813119497309814
1.6068515109235226 1.188251862260835
1.6068515109235226 -1.1941643124391361
-1.5791620991096633 -1.2261456943565288
-1.5791620991096633 1.1869376840309251
-1.3852213458091038 1.1582629139625682
-1.3852213458091038 -1.4282082847853248
1.1711283144091558 1.1580590759552682
1.1711283144091558 -2.9216103683063834
-1.7492656836171108 1.6349342210745268
-1.7492656836171108 2.86132368000972
-1.627736591023654 1.1690806178912345
-1.627736591023654 -1.4928733347696959
-1.630492463912032 -1.164508260501606
-1.630492463912032 1.2251599162966458
1.5434540126211622 -1.1961600863678956
1.5434540126211622 1.3151483762542724
1.6697439173835558 1.1834456116949497
1.6697439173835558 -1.2843045428732998
1.6570274535569143 1.3954655302994938
1.6570274535569143 -1.4477249422959764
-2.079423215770382 1.1758180353622953
-2.079423215770382 -2.9024384636923317
1.6301640314751094 1.2486785184861016
1.6301640314751094 -1.2360931041438727
-1.6472657905600667 1.2588044159547238
-1.6472657905600667 -1.1777141528905435
-1.7706439113336667 -1.1758587804929637
-1.7706439113336667 1.3402883050165886
1.7656496758925346 -1.6357744707106807
1.7656496758925346 -2.862502602388501
1.6648623068085149 1.2123015541820488
1.6648623068085149 -1.2511891703237308
1.1396283528734765 -2.622374349023437
1.1396283528734765 1.1251143799828234
-1.6001421078645517 1.1950963165495152
-1.6001421078645517 -1.2110650314927007
-1.524524211957391 -1.5479117365415327
-1.524524211957391 1.3785315782211058
1.5843481420946883 1.156724468564922
1.5843481420946883 -1.2455552877200047
1.254956428464313 -2.1896108463698485
1.254956428464313 1.3107044103215895
-1.8122742490663823 1.5185557454269374
-1.8122742490663823 -1.4196775042500054
1.6282965777899057 1.2532997657430973
1.6282965777899057 -1.2293224831070477
-1.196366957028627 -1.5814196719977418
-1.196366957028627 1.5718984161989513
-1.596823951034412 1.247462172682112
-1.596823951034412 -1.204761786397603
1.116419868421487 -2.515976242436279
1.116419868421487 1.170312548635156
-1.350486557920806 -1.2321985224373977
-1.350486557920806 2.81348714489482
-1.5926187056494876 -1.2469190108432398
-1.5926187056494876 1.2166450054325861
-1.6746688237453553 1.3337557078436506
-1.6746688237453553 -1.259565805960292
1.0043983437821538 1.4025309286573084
1.0043983437821538 -2.690853012123626
-1.6638242237140228 -1.4367220290592344
-1.6638242237140228 1.24049419711122
2.053832830155553 2.804911059826758
2.053832830155553 -0.9998087709562531
1.5858060331770598 1.1013603930539695
1.5858060331770598 -1.1835346718812607
-2.0096410237052607 -2.9288797484184594
-2.0096410237052607 1.12546828671541
-1.334460829077717 2.17303929195845
-1.334460829077717 -0.765848154639961
1.5888737003650937 1.174234486057577
1.5888737003650937 -1.1896946371715784
-1.6543009462036538 -1.105344766150312
-1.6543009462036538 1.268493380113495
1.0440865196866156 -2.602111135190801
1.0440865196866156 1.2075298535052255
1.2691275949173988 -2.2780358135702135
1.2691275949173988 0.8170689718416173
1.5934082994424705 1.2351963199207594
1.5934082994424705 -1.2125221253371352
-1.6194352199171522 -1.314411533656198
-1.6194352199171522 1.369699640874112
1.5848949908041228 1.2711970796973127
1.5848949908041228 -1.332434581044242
1.674703533533532 1.1358249212901512
1.674703533533532 -1.275338570992643
-1.5826431010436681 -1.2349877211185196
-1.5826431010436681 1.1942536354800586
-1.5918073555814534 -1.1909890418087967
-1.5918073555814534 1.2018032523969395
1.6407023521510564 -1.3462107886455188
1.6407023521510564 1.4918065637076297
-1.5759381954333 1.3026633975541166
-1.5759381954333 -1.1920306682604616
1.6013230065042456 -1.25154069399449
1.6013230065042456 1.1839079921058107
-1.729004851148531 -1.1454073014606378
-1.729004851148531 1.1885747987834923
-2.1333792746202382 1.1949970627757387
-2.1333792746202382 -2.817069409319138
1.5968182634672592 1.1800480227015433
1.5968182634672592 -1.1839374805041625
-1.4828915161496954 1.366638541469463
-1.4828915161496954 -1.6453090828153387
-1.5730097823547455 1.235037464510632
-1.5730097823547455 -1.230160767159461
1.4988988762552282 -1.2546180274941774
1.4988988762552282 1.4471270681349864
-1.5874840789851712 -1.2706960014539048
-1.5874840789851712 1.3363775948946233
1.9904081979180455 2.5291213858254085
1.9904081979180455 -1.2530532899570812
2.345267030422355 -1.1469342208649074
2.345267030422355 2.766448749732818
-1.6033847522147435 1.1854770467865636
-1.6033847522147435 -1.2119634087133058
-1.998082316662265 1.155527486355376
-1.998082316662265 -2.9238694624945616
1.566236954387247 1.3042606527926617
1.566236954387247 -1.1743702122644404
-1.5969309950979909 1.2723771169020572
-1.5969309950979909 -1.3300313826009618
-1.5085979646278573 1.1940166922477207
-1.5085979646278573 -1.268979196681528
-1.758760691982277 1.274030901836211
-1.758760691982277 -1.3108989133484206
-2.0859308164388164 1.109842309086952
-2.0859308164388164 -2.995822032323825
-1.6785294537316804 1.452847307214825
-1.6785294537316804 -1.272623921867293
1.5999923704702155 1.465510173777963
1.5999923704702155 -1.3551461666525733
1.60892158632876 1.2239593053724729
1.60892158632876 -1.2240369968752245
-1.580617595907059 -1.2251363418373138
-1.580617595907059 1.1877909945226488
-1.6624130685818286 -1.2569641698761094
-1.6624130685818286 1.4467745329375181
-1.6198145259724666 1.022594184344547
-1.6198145259724666 -1.09233699030681
-1.6769695606771629 -1.1189478922995766
-1.6769695606771629 1.2423870968712272
-1.6613401392290381 -1.1810343536780468
-1.6613401392290381 1.2486143226157305
1.6080568649347344 -1.130064746180907
1.6080568649347344 1.2268528380045078
-1.5461262160589673 1.0867036223373412
-1.5461262160589673 -1.2252311102985793
-1.5854076407201607 -1.2178699311769279
-1.5854076407201607 1.2303300625485145
-1.1538802959780776 1.424325504400525
-1.1538802959780776 -1.5492541431999578
-1.5856017064459405 -1.2049904945598937
-1.5856017064459405 1.1797831156039416
-1.6434703779820787 1.2536314086675555
-1.6434703779820787 -1.183647112443835
-1.162542446197095 2.874292397332314
-1.162542446197095 -0.9921797647074185
1.5942386048868908 -1.2921235441352112
1.5942386048868908 1.3280873336638126
-1.4828915161496954 1.366638541469463
-1.4828915161496954 -1.6453090828153387
1.4442090648576842 1.3275819726575275
1.4442090648576842 -1.3202326380925522
-1.5302333853170202 1.166556541466506
-1.5302333853170202 -1.251073097215584
1.6000049147791495 -1.1795775373970667
1.6000049147791495 1.1844910193189016
-1.540288676446077 1.212216339602796
-1.540288676446077 -1.1203693974223454
1.6983821968948691 1.16129409467558
1.6983821968948691 -1.2803807894145023
1.6151545153042013 1.1847701535935646
1.6151545153042013 -1.2194959427550471
1.2213765618159618 -2.887236174179184
1.2213765618159618 1.0334977769436668
1.5553704428679376 -1.3451125838338116
1.5553704428679376 1.4189133760546606
-1.6621956206288058 1.2617491434885935
-1.6621956206288058 -1.2203603043570055
1.6071255738157046 -1.1884056907369347
1.6071255738157046 1.1990559486468066
1.0598134422714693 0.7935823640919827
1.0598134422714693 -2.770172795693896
1.2201251748586075 0.7757239453597926
1.2201251748586075 -3.0452121486158013
-1.6113611316081669 1.2525147979680762
-1.6113611316081669 -1.2422136367295715
-1.9300975991585072 1.1153577839918316
-1.9300975991585072 -2.8938440508386223
1.5976405686556532 -1.1795626571496538
1.5976405686556532 1.1795427246229893
1.894550716473744 -1.1382371626685635
1.894550716473744 2.9086930310663512
2.034850547318254 -1.1900177242611414
2.034850547318254 2.8667296285327417
1.6273503306810266 -1.2328890756340045
1.6273503306810266 1.1948964986277868
1.9202389272650413 -1.1164297629395352
1.9202389272650413 2.753363413439807
-1.5896679153561144 1.1880088824104778
-1.5896679153561144 -1.1826963580141894
-1.6580676703578843 -1.2172212615859037
-1.6580676703578843 1.4895332598217934
-1.7846889143616274 1.4199570357582103
-1.7846889143616274 -1.2404011264014232
1.3329835656546254 -2.672581520525724
1.3329835656546254 1.2121242947068647
2.055779708944491 2.708735913400148
2.055779708944491 -1.0922067719440365
-1.5774971819802204 -1.2420939881147024
-1.5774971819802204 1.2004491350692104
-1.1083179527690983 -1.137218194800446
-1.1083179527690983 2.9660464319498927
-1.7373626704600496 -1.2177213839567658
-1.7373626704600496 1.2678296219112233
-1.6032457157744842 1.186618088702626
-1.6032457157744842 -1.183699659719521
-1.725249917806242 1.688334260391618
-1.725249917806242 -1.1177855329867572
1.5036579293760746 -1.1024928226394375
1.5036579293760746 1.2266649970239527
-1.6569638976333154 1.3200589986850075
-1.6569638976333154 -1.0541857689996526
1.5877999522357233 -1.1991024211306915
1.5877999522357233 1.1799197181065866
-1.5540131690465528 -1.1928463147697086
-1.5540131690465528 1.1924374658703198
-1.9841836510255715 1.1150082553862875
-1.9841836510255715 -2.9224981414573334
1.6155961669137293 1.143399251794484
1.6155961669137293 -1.2290736109240759
1.3204818130729021 -1.390257295771347
1.3204818130729021 1.6164499042095188
1.516049292644291 -1.2109558872708694
1.516049292644291 1.232319445283409
-1.6304312615326753 1.2804567553149802
-1.6304312615326753 -1.2540715369049025
-1.592683133140773 -1.2267164957769534
-1.592683133140773 1.2243094657362272
-1.2281346936315956 -0.9157416764363827
-1.2281346936315956 2.9319018637296868
-1.8015760762247477 1.0726528750958175
-1.8015760762247477 -2.909330876650665
1.6264257751639264 -1.1995327086226897
1.6264257751639264 1.1909904897839934
1.544847506046107 1.148486070771933
1.544847506046107 -1.3646214686815212
-1.6550831702999103 1.2305662382328295
-1.6550831702999103 -1.2216071838164195
-1.6675698817801445 0.9653542366319966
-1.6675698817801445 -1.5513648766394936
1.9611002133659796 -1.263985664977166
1.9611002133659796 3.067430956415493
-1.1582309593908418 -1.1379121403646182
-1.1582309593908418 2.8853982421408606
1.5981862595636238 1.2309527635511397
1.5981862595636238 -1.2500285583944577
1.6134702603556315 -1.190269760651106
1.6134702603556315 1.1914617783335248
-1.5814454731960925 -1.207633219100427
-1.5814454731960925 1.231957945929293
-1.7444314188568826 1.741602510657301
-1.7444314188568826 2.958054361630901
1.8581256133924455 2.485955343841472
1.8581256133924455 -1.1917256646548577
1.1770363343058794 -3.0310642632988816
1.1770363343058794 1.0099602537727685
-1.5640181865061114 -1.1774142340052551
-1.5640181865061114 1.1876117327412743
-1.010264444006961 -1.3980446594498936
-1.010264444006961 2.693902877894895
-1.8441443395943191 1.2288045916623018
-1.8441443395943191 -3.0755392555606935
1.5834701488176577 1.2251820578305315
1.5834701488176577 -1.100344219212028
-1.9096920949136753 1.0706737565044238
-1.9096920949136753 -2.8671769269224074
1.6830740881952175 -1.1064024564568067
1.6830740881952175 1.1943174811879422
-2.01811833253964 1.1421888582127113
-2.01811833253964 -2.8435027796808003
-1.0241038387981705 -1.1772942633669417
-1.0241038387981705 2.8670790986846613
-2.0973280671236365 1.1773217530726967
-2.0973280671236365 -2.867096742961824
-1.591043123282553 -1.1914279137523938
-1.591043123282553 1.1424941495904655
1.9859372963270576 -1.1580016060064646
1.9859372963270576 2.8733928993600557
-1.9459274415826404 1.174385307768013
-1.9459274415826404 -2.8950034478477598
-1.6313302872353388 1.2375575565491246
-1.6313302872353388 -1.1485941848626633
-1.6312350790591106 1.2375443808890743
-1.6312350790591106 -1.148727726893437
-1.4695370784036985 -1.7281641834854093
-1.4695370784036985 -2.9517722474290666
1.8373859933384171 -1.1035070446072832
1.8373859933384171 2.9525888878301982
-1.8770626134487045 1.0790761950448908
-1.8770626134487045 -2.951290239059651
1.596572816484773 -1.1995003449097423
1.596572816484773 1.1917335465645433
1.5996855105813208 -1.2009354438764603
1.5996855105813208 1.2349871241720078
-2.103516986451749 1.1648773670958155
-2.103516986451749 -2.772389709128695
1.1823689328797455 1.0336337653070848
1.1823689328797455 -3.0913473791261583
-1.5068855580194676 -1.2570106877949774
-1.5068855580194676 1.470996605111082
-1.4742379941810209 2.933178660435275
-1.4742379941810209 -1.208129683617864
1.5959212374197012 -1.2125060303131288
1.5959212374197012 1.227091471790029
-1.702175066909736 -1.3479663045719021
-1.702175066909736 1.2041546228977422
1.565736851514035 -1.1607196519407665
1.565736851514035 1.2124127999783771
1.5445721337357676 1.151584169593597
1.5445721337357676 -1.3659127539970328
1.5936683761652417 -1.2386094001738042
1.5936683761652417 1.2241183064980496
1.2145559670178416 1.1528090492822878
1.2145559670178416 -3.0434182143606257
-1.5621726523005077 -1.3749727075613063
-1.5621726523005077 1.3306537186154268
-1.5817244841406757 1.1777709846502105
-1.5817244841406757 -1.1637203972982129
1.53490383633185 1.0946812722317183
1.53490383633185 -1.2335009283661995
1.6167646169499033 -1.3655877799818736
1.6167646169499033 1.400220455661056
1.3346451275778282 1.0087944060695595
1.3346451275778282 -2.7250637614694146
1.7710137427084693 2.5216757024516174
1.7710137427084693 -1.0390321928681256
-1.936036941160254 -2.874107322147024
-1.936036941160254 1.3396249711510075
1.925951696595896 1.539180976376596
1.925951696595896 -1.617295309475713
-0.9580992271939912 2.6880182931565297
-0.9580992271939912 -1.1659717623123191
1.6837349940748128 -1.2551129050188221
1.6837349940748128 1.2661891450207219
1.5524289170499546 -1.2929540366878536
1.5524289170499546 1.204133596038704
1.0428909255552374 -2.9127357893068835
1.0428909255552374 1.1648669507365836
-1.6211483419578039 1.1910806593897998
-1.6211483419578039 -1.209043855469366
1.6712706858414483 -1.2835115072567091
1.6712706858414483 1.3004597905538877
-1.568426604588198 -1.2960266529157134
-1.568426604588198 1.2664121057595774
-1.2654446667782078 -1.1019340736031606
-1.2654446667782078 2.9398688603404906
-1.0353997193771336 -1.4119845326988298
-1.0353997193771336 2.70747223612011
1.5866395771939088 1.2659906836238854
1.5866395771939088 -1.2751104948121514
1.5936278404990871 1.2184117049908976
1.5936278404990871 -1.1921249761261463
1.2609022809751893 0.9524368179828248
1.2609022809751893 -2.5937194804192427
1.583738147870878 -1.1004486351606007
1.583738147870878 1.22680911931588
-1.4464861814879368 -1.2962659342406961
-1.4464861814879368 1.343728127457344
2.162201059093143 -1.4878358395346074
2.162201059093143 2.9257064669654915
-1.8470353388254932 1.3064384283570707
-1.8470353388254932 -1.180643427795515
-1.3429442974024977 2.882314910326309
-1.3429442974024977 -1.0912696354346227
1.4478474767568745 1.1909452315007596
1.4478474767568745 -1.203387918547512
-1.5255135003343616 1.3907502222670811
-1.5255135003343616 -1.2711332210644568
1.6034455975175572 -1.2250751082960571
1.6034455975175572 1.1252492751737972
1.7188612378050157 -0.984353714381207
1.7188612378050157 2.7994018820172553
1.8923371986422248 -1.5088201745887047
1.8923371986422248 1.2311047652780134
-1.6514566661788932 -1.0624247930393103
-1.6514566661788932 1.420582270330482
-1.468539613158842 -1.9067671446279366
-1.468539613158842 -3.121475673165636
1.446177853249824 -1.3881762958220807
1.446177853249824 1.235303405143866
1.6155747515012668 -1.2289468995050135
1.6155747515012668 1.2047238794629977
-1.1278014369294131 -0.8848743632715946
-1.1278014369294131 3.01963491813485
-1.7094252059434112 -1.1194486736460747
-1.7094252059434112 1.2433572802337476
-1.9684064230357126 -2.4722897319143615
-1.9684064230357126 1.112713914513866
1.6396134198330734 -1.6256152892783073
1.6396134198330734 1.3368315527070032
1.53490383633185 1.0946812722317183
1.53490383633185 -1.2335009283661995
-1.687732195754686 -1.1312350570787115
-1.687732195754686 1.313629058011857
-1.915181532258774 -2.2750493807067054
-1.915181532258774 0.8189402709350799
-1.5005095400941462 1.1321671832388869
-1.5005095400941462 -1.2798897207472664
-1.126387449159382 2.8645317491062197
-1.126387449159382 -1.055741455142523
1.1130413095868068 1.0943856472525768
1.1130413095868068 -3.0433505008242476
-1.7975124032371639 1.2870686669410922
-1.7975124032371639 -1.3318671279691128
1.5888011060922906 2.402400202790025
1.5888011060922906 -2.6920197099467624
1.5854903279020598 -1.2025004119818912
1.5854903279020598 1.2083052228082931
-1.3033186577311064 -1.0969494576731527
-1.3033186577311064 3.004394203606927
1.6415262867580815 1.1124379816860621
1.6415262867580815 -1.1897731991807785
-1.5553374736698746 -1.2392998879289596
-1.5553374736698746 1.174596825100392
-1.8369428322182688 -1.5224500391086675
-1.8369428322182688 1.40209607346554
1.2049818252549531 1.110512353808208
1.2049818252549531 -3.003482400383552
-1.59662970002554 1.2129713319606097
-1.59662970002554 -1.2235352237884918
1.9438401228166207 -1.1152795085793463
1.9438401228166207 2.9984017970673724
-1.4368675972134473 -1.677643796283662
-1.4368675972134473 -2.9029278433055574
-1.04372999044305 2.6462844165254
-1.04372999044305 -1.2355871162360053
1.5819876789974818 1.223446025758573
1.5819876789974818 -1.1608732274570217
1.6190120294974524 -1.1890114172320778
1.6190120294974524 1.2106464445659486
-1.6233339913831686 1.186613127313238
-1.6233339913831686 -1.1870331988525464
-1.4362221082213722 1.3101034325743628
-1.4362221082213722 -1.2965071656890197
1.9250518779361523 1.537467654577991
1.9250518779361523 -1.6179155148371234
1.4554495815403272 -1.1191074509934789
1.4554495815403272 1.1692893121538552
1.2439228516347964 -2.8336444208488776
1.2439228516347964 1.0849934999059672
1.5369354258455719 1.2530019721041379
1.5369354258455719 -1.361739681396709
-1.7887065264140685 1.6625543555468563
-1.7887065264140685 2.879584856406189
1.6427142533914523 -1.1764674456425035
1.6427142533914523 1.189626409350267
-1.8033625359573044 -1.5190978580394314
-1.8033625359573044 1.4313151679666578
-1.588487944818174 -1.1886737334602724
-1.588487944818174 1.1931164117153714
1.5956866461055357 -1.2221813566124944
1.5956866461055357 1.2186160803501644
1.9531181085109217 -1.1051970257091372
1.9531181085109217 3.0056415602355546
1.6149813971797295 -1.262292716114045
1.6149813971797295 1.1843777472600785
1.4251728833402437 1.6868815451560564
1.4251728833402437 2.949798303608126
0.9399588764039369 0.988355166785302
0.9399588764039369 -2.9245862129300684
-1.7804472150165953 -1.244856047339929
-1.7804472150165953 1.1848397164080264
-2.0028372983431675 1.164521227024854
-2.0028372983431675 -3.0295536204108755
1.9649438366194814 2.7751164732996374
1.9649438366194814 -1.2255930628572944
1.2502145033359158 1.1435642660602994
1.2502145033359158 -2.941718176594853
1.6553930291426466 1.0710183187577846
1.6553930291426466 -1.1580742881865291
1.6147550582792038 -1.24009890455814
1.6147550582792038 1.5041133894227667
1.932893262968026 -1.0212499306216434
1.932893262968026 2.952032310648791
-1.1790658825683735 -1.0239519907536758
-1.1790658825683735 2.9495059567989172
-2.1714192445585545 -2.6413324125802293
-2.1714192445585545 1.1899606908763516
1.6489219115913625 1.2030466283472903
1.6489219115913625 -1.1880029306771842
-2.0623380217748304 1.138457696834549
-2.0623380217748304 -2.920843971552613
-1.6432303762843015 1.2286363124557054
-1.6432303762843015 -1.1429416021345518
-1.6535047994373357 1.338827353466929
-1.6535047994373357 -1.211498148870905
-1.5062150744166818 -1.2585864654935692
-1.5062150744166818 1.4720812760001114
-1.109882497397791 -1.1412126855727631
-1.109882497397791 2.6273902155656286
1.441709461428787 -1.4009638071718642
1.441709461428787 1.119855059497813
1.4534231054736184 -1.1260932226757245
1.4534231054736184 1.3615362292867046
-2.0159028513470676 1.1029956675823431
-2.0159028513470676 -2.9353603756195024
1.632333634294165 1.1811513777952765
1.632333634294165 -1.218551636745358
1.7061259981533505 1.2837596565965022
1.7061259981533505 -1.4423931613380552
1.1922655482598057 1.1290276252337854
1.1922655482598057 -2.9975590623791755
1.9553251575619501 2.7967713946464237
1.9553251575619501 -1.0967629281965818
1.5570378523684878 -1.207055153788419
1.5570378523684878 1.1883432624116634
1.8206196346818164 2.6654129171870213
1.8206196346818164 -1.061925820698885
-1.6110206593474046 -1.3882142459011657
-1.6110206593474046 1.3570420826737408
1.3675829525489516 -1.139602215321012
1.3675829525489516 1.4051711352192071
1.4497792635983744 -2.6033915899145925
1.4497792635983744 1.348656136986152
1.8384398580666403 1.1955829806580127
1.8384398580666403 -1.438224743844391
1.073508902779726 1.0562848908828528
1.073508902779726 -2.762028181949737
-1.5903837897917485 -1.2100223181351228
-1.5903837897917485 1.145425344302348
1.6167472115859163 -1.1885621287669916
1.6167472115859163 1.1804775284792028
-1.3429442974024977 2.882314910326309
-1.3429442974024977 -1.0912696354346227
-1.5968302040763163 1.2117828932664252
-1.5968302040763163 -1.209859113831215
1.0108058322086475 1.1381591512639748
1.0108058322086475 -2.7818629709633966
2.1725468706157516 3.0409478026057166
2.1725468706157516 -1.1625879683917002
1.8265359641451633 1.0948705687176552
1.8265359641451633 -1.6768477253279936
-1.608985988972943 -1.212376908410911
-1.608985988972943 1.208304692217833
1.5300442102119192 -1.3806444679719048
1.5300442102119192 1.0899009583960066
-2.0646776585155187 1.1025404951663995
-2.0646776585155187 -2.892948566624051
-1.8967067942152687 1.1396430422255854
-1.8967067942152687 -2.906418301175741
-1.5783161992441472 -1.1769729073115394
-1.5783161992441472 1.2277349997466476
-1.0335730822840976 -1.4058682613997668
-1.0335730822840976 2.6884428578697688
-1.452966568214124 -1.168945118243693
-1.452966568214124 1.127419824233581
-1.4740638187249617 1.3556637723883276
-1.4740638187249617 -1.2775456063065456
2.1660631539992785 -1.4192193998667895
2.1660631539992785 2.6131611261195378
-1.0279762119280873 -1.403996212941166
-1.0279762119280873 2.66871781788225
-1.5699781089424327 -1.2388964978080248
-1.5699781089424327 1.2092677511054102
-2.046065675113417 1.1180170699559935
-2.046065675113417 -2.98278078400068
-1.4138384779855844 -1.102812158393412
-1.4138384779855844 3.0525494288943316
-2.0050969702882067 1.3180884586680155
-2.0050969702882067 -1.51778522792438
-1.5921529922951767 -1.1938236768707242
-1.5921529922951767 1.2294318372149664
1.5876345787263744 1.2748868471039334
1.5876345787263744 -1.2785918658608133
-1.9640558571754858 1.1138855732999804
-1.9640558571754858 -2.825836220681484
1.2553009927776786 1.117597181877988
1.2553009927776786 -2.8730175641883084
-1.599946987959198 -1.1880453641467914
-1.599946987959198 1.1819737431423587
1.5570378523684878 -1.207055153788419
1.5570378523684878 1.1883432624116634
-2.192096535847558 1.3838887692392696
-2.192096535847558 -2.7137300906015156
1.5234786991312177 -1.1611142533898582
1.5234786991312177 1.3316013761938388
1.6291867650152205 1.174321288310239
1.6291867650152205 -1.212646835990223
-1.8217943753627552 1.5603232822834108
-1.8217943753627552 -1.489000944951137
-1.400878163054082 -1.285534371593423
-1.400878163054082 1.3331501363951683
-1.5092894458451975 1.0630760235112449
-1.5092894458451975 -1.1425246047749371
-1.6170717762379658 -1.1724117184311404
-1.6170717762379658 1.2255012753539052
-1.8353508870041135 -2.88943151491178
-1.8353508870041135 1.1658483483253388
0.9280407347081732 1.093343770259138
0.9280407347081732 -2.8798070587786735
1.610931578690967 -1.2103279773093416
1.610931578690967 1.2806965744913739
-1.585044490953823 -1.1503075101161762
-1.585044490953823 1.2105033458105514
-1.831302742206079 1.228558337656821
-1.831302742206079 -1.4308818264921648
1.6966247980117746 -1.1637260301426717
1.6966247980117746 2.7908660555911973
-1.580284145439135 -1.1827505166641668
-1.580284145439135 1.1934505737826437
-1.4695370784036985 -1.7281641834854093
-1.4695370784036985 -2.9517722474290666
-1.250187238476093 -1.1435047562536216
-1.250187238476093 2.941754506183815
-2.1117421375743883 -2.616435938675186
-2.1117421375743883 1.0912961049562473
-1.636830237090664 -1.168203930763536
-1.636830237090664 1.2355889206685482
1.6022501722829885 -1.2192932915205532
1.6022501722829885 1.2266492334672674
2.0853414341110383 -1.1724852984613359
2.0853414341110383 2.8048340536617493
1.475355269130481 -1.1643572571270266
1.475355269130481 1.349230359040454
-1.6641398954386735 -1.2344160534138238
-1.6641398954386735 1.2533808487011098
1.7849714331885758 -1.0228405660038458
1.7849714331885758 2.436629974675053
-1.5334807804171486 -1.2102371931316975
-1.5334807804171486 1.2625019710349674
-1.9399995185089187 -2.8995076260316246
-1.9399995185089187 0.9124506980200418
-1.6261741534302607 -1.1761614590696798
-1.6261741534302607 1.222030197929588
-1.5906854119092138 -1.2124131467453032
-1.5906854119092138 1.2127653228367767
1.9915308404293943 -1.1844390155582274
1.9915308404293943 2.747370622826686
-1.6105404746414291 -1.2229495836412196
-1.6105404746414291 1.1962938685227846
-1.6110840972169314 1.213453279727033
-1.6110840972169314 -1.2280097377016275
1.4255724657003737 -1.3424558876135144
1.4255724657003737 1.4551227063982444
1.432217323903978 -1.3167425213554738
1.432217323903978 1.2904160276604741
1.9622512132098886 1.3663855526761277
1.9622512132098886 -1.314312640023605
-2.054598218038624 1.2299612301400276
-2.054598218038624 -1.2491723014211
1.6300364600067294 -1.228485240443693
1.6300364600067294 1.1850170075769146
-1.9499538567994963 -2.5246751876719187
-1.9499538567994963 1.3561298501117434
-1.8204106141986156 -1.1303361688545857
-1.8204106141986156 1.3687564636665261
1.5570378523684878 -1.207055153788419
1.5570378523684878 1.1883432624116634
2.006192512288391 -1.08510802086255
2.006192512288391 2.9649695778456837
1.675999815986455 1.2275375074363024
1.675999815986455 -1.8606440377437155
-1.7437400981831 1.6139042333819023
-1.7437400981831 -1.4252677452343123
1.5570378523684878 -1.207055153788419
1.5570378523684878 1.1883432624116634
-1.5171029279644934 1.1118241166053158
-1.5171029279644934 -1.2277128994725837
1.4631762938969828 -1.134479597170354
1.4631762938969828 1.0698132897047552
1.9048972451007034 -1.138538667888654
1.9048972451007034 2.9238479231013903
1.6262494564298517 -1.2268774305397991
1.6262494564298517 1.188516532371836
1.504877815099521 1.2553823680582017
1.504877815099521 -1.241238047555678
-1.5735652006716918 -1.3055726658002642
-1.5735652006716918 1.1266608219682372
1.5550737877198737 1.495816075007031
1.5550737877198737 -1.0847230117031712
-1.9828897022582237 1.2818278944394943
-1.9828897022582237 -2.418961409422557
1.0132140213804914 1.4019862693725091
1.0132140213804914 -2.6767196279726964
1.603837465417121 1.1976752735873486
1.603837465417121 -1.1972876747371357
-1.1149519662480263 2.8371511464534422
-1.1149519662480263 -1.1830351124581524
-2.2059220052750743 1.0967883969495378
-2.2059220052750743 -3.0446439730038213
1.5972820857923231 1.1694586939340568
1.5972820857923231 -1.5013904399462095
1.9832423211709709 1.5818516477154823
1.9832423211709709 -1.56813592652171
1.6310773973264336 -1.2595784745675724
1.6310773973264336 1.4119357417883716
1.5739435972938323 1.2369884099413977
1.5739435972938323 -1.2053384416748596
1.696814331832351 -1.4157253600024595
1.696814331832351 1.2714212090222172
-1.702535577150728 -1.411488867358686
-1.702535577150728 1.26583042508773
-1.442519588528336 -1.0348179292319466
-1.442519588528336 2.8021529447647486
-1.5714373995435902 1.1801947966055575
-1.5714373995435902 -1.2428601989817514
-1.5832077436562921 -1.1963151962364824
-1.5832077436562921 1.1886783144165944
1.4387765902819636 1.2968607898324362
1.4387765902819636 -1.2563921604308244
-1.6028343574368378 -1.2333273758909984
-1.6028343574368378 1.1987729336160118
1.6235408567310454 1.1945507648179658
1.6235408567310454 -1.2076937709812592
1.6362314280581767 -1.0120900475670822
1.6362314280581767 1.0543483185226372
-1.6355454933772482 -1.1788464565204946
-1.6355454933772482 1.2313814629435456
-1.584611904341321 1.1982133610984698
-1.584611904341321 -1.2243099351096616
1.7440200566964035 1.267743920054676
1.7440200566964035 -1.2196221624942967
-1.6324107074676821 1.2349973863181805
-1.6324107074676821 -1.149276834947986
-1.0780807664784569 2.9110305454940275
-1.0780807664784569 -1.134904035396991
-1.5932885824643737 -1.210706596420435
-1.5932885824643737 1.1647018613739764
1.181835278530691 1.1608874968026897
1.181835278530691 -2.91704248579706
-1.2602110411807028 2.5768890115021508
-1.2602110411807028 -1.2708033089059043
1.7205228375006882 -1.223462312398456
1.7205228375006882 2.8905006949687566
-1.6601792589743989 1.1663115266287343
-1.6601792589743989 -1.2482234567726322
1.2573756207510076 -2.8723996924325164
1.2573756207510076 1.1733133913313816
-1.6203514186020078 -1.2376347911667278
-1.6203514186020078 1.2220882122285563
-1.9698354137823222 1.292572549821952
-1.9698354137823222 -2.629216307168804
1.687404423678879 1.2495578395170068
1.687404423678879 -1.4372087601466939
-1.5203278790191725 -1.2559292794779537
-1.5203278790191725 1.2283859028563446
-1.6116411607044079 1.2700348105753734
-1.6116411607044079 -1.343291228718721
1.2852290745353532 1.117582480113519
1.2852290745353532 -2.975408287193547
1.666526095673647 -1.2778676217251839
1.666526095673647 1.1647531088303074
1.4755366766980182 -1.416693580188398
1.4755366766980182 1.2038698302099076
-1.18082523894309 -0.7925578582864553
-2.0309580354365764 -2.3923876791790044
-1.6240164217456585 1.20088726300033
-1.6240164217456585 -1.190300351333422
1.2213584258064822 1.0123224421408517
1.2213584258064822 -3.0976561719703724
-1.5831864752642886 -1.2362024213280443
-1.5831864752642886 1.217503197655008
-1.5832116092705497 -1.2368040144796664
-1.5832116092705497 1.2171092786378064
-1.5965616591797114 1.2053089954501466
-1.5965616591797114 -1.186820216196068
-1.5814454731960925 -1.207633219100427
-1.5814454731960925 1.231957945929293
-1.597165217942751 -1.2208438542333424
-1.597165217942751 1.1502147201432324
1.4940746378502137 -1.3925590343547518
1.4940746378502137 1.2250593001690349
1.9764122326581386 -1.144125398781642
1.9764122326581386 2.744967635707906
-1.468539613158842 -1.9067671446279366
-1.468539613158842 -3.121475673165636
1.9633337754306024 3.0721709840906843
1.9633337754306024 -1.0435191867937563
-1.126266410830068 2.6652035840822137
-1.126266410830068 -1.1863670734194949
1.4313906481234435 1.2972060051369367
1.4313906481234435 -1.2151390954315655
-1.596563195293533 1.182911198337839
-1.596563195293533 -1.1847096328566644
1.3480293359571924 1.176611429929076
1.3480293359571924 -3.0831914772290423
-1.4695370784036985 -1.7281641834854093
-1.4695370784036985 -2.9517722474290666
1.631375432293571 -1.2235351033583988
1.631375432293571 1.2850217615501538
1.3466464392435888 -1.2784254947003137
1.3466464392435888 1.2874261072134467
-2.1771258303850596 1.565815442381602
-2.1771258303850596 -1.809457679541597
-1.5962411343714549 1.237559340598964
-1.5962411343714549 -1.2478515807646815
-1.5492373218208928 1.2621143051826154
-1.5492373218208928 -1.214579683690739
1.6093677085286653 1.2236252217428285
1.6093677085286653 -1.2225697619980287
1.5526140668540984 1.2061887520262318
1.5526140668540984 -1.495362522598085
-1.3413613262034503 2.5283458521637785
-1.3413613262034503 -1.1827694043500334
-1.6102777928352958 -1.235153673616991
-1.6102777928352958 1.2176876985335905
-1.4393429019381652 -1.1996165153018343
-1.4393429019381652 3.0726665114379688
1.561669411132255 1.2256008346276865
1.561669411132255 -1.2827275252562111
-1.5062150744166818 -1.2585864654935692
-1.5062150744166818 1.4720812760001114
-1.1490531599040819 2.4184094087117116
-1.1490531599040819 -1.4389775582642808
-1.3857286741960735 -1.3814523734171067
-1.3857286741960735 1.3342425916389309
-1.468539613158842 -1.9067671446279366
-1.468539613158842 -3.121475673165636
-1.456708007486953 1.1268598449004348
-1.456708007486953 -1.1000835769633759
-1.4501266900815226 -1.0945427299852442
-1.4501266900815226 1.1294585211014472
-1.5625907706858437 -1.2961382948484093
-1.5625907706858437 1.1689818653671922
1.6576320197511498 1.1712545112611448
1.6576320197511498 -1.2757101969317755
-2.0807434895506094 -2.628634664460064
-2.0807434895506094 1.1695463750060824
-1.5775921893321614 1.2235299310743952
-1.5775921893321614 -1.216831555288177
1.497099673374972 -0.9947096008338779
1.497099673374972 1.1642659330555662
1.4780012323632299 -1.219670045619146
1.4780012323632299 1.2661352806958182
1.6222314757166052 -1.2284586020220853
1.6222314757166052 1.5393152980977212
-1.247874998143067 -1.119270932650024
-1.247874998143067 2.9369448716190854
-1.5836941099989723 1.1003455689560304
-1.5836941099989723 -1.2265393309856756
-1.5875619629656552 1.2131123036901519
-1.5875619629656552 -1.1823990866800516
-1.434265863422464 1.1487004106221042
-1.434265863422464 -1.1732875440770074
-1.6074531406617445 -1.185134739947496
-1.6074531406617445 1.1854932050425866
-1.3567764445284378 1.5643671669202306
-1.3567764445284378 -1.639240719674583
1.590212322254518 -1.3398097066478856
1.590212322254518 1.3134621750354156
-1.6063726299918695 -1.3491050891912697
-1.6063726299918695 1.3615765457758275
-1.4399113737924791 -1.665238822243924
-1.4399113737924791 1.311544506769568
-1.687407781895256 1.1891649325551503
-1.687407781895256 -1.554597326433158
1.6062568231468606 1.2418259208775857
1.6062568231468606 -1.4081904185801701
-1.3611454529264184 2.2998346998549724
-1.3611454529264184 -1.3277976489341496
-1.7082890355275082 -1.31378086585382
-1.7082890355275082 1.3289446838333028
1.7938809558717683 2.631806148799619
1.7938809558717683 -1.3085992896416356
-1.5611207091376567 -1.2835059038433125
-1.5611207091376567 2.8713705962203258
-1.9101015652101632 1.1028844830637048
-1.9101015652101632 -2.9112931125769976
1.5528821559298445 1.2873019425087469
1.5528821559298445 -1.4349048019984467
2.010014297200499 -1.1612273581746204
2.010014297200499 2.9187729565414315
-1.1591498396829278 -1.1028195927833586
-1.1591498396829278 2.931559748175847
-2.1797048851873813 1.4779460037292078
-2.1797048851873813 -2.2598939810116963
1.431788686415464 0.9203269735749517
1.431788686415464 -2.469121946632423
-2.104385110751256 -2.3953217734500667
-2.104385110751256 1.1839233900235828
-1.4506469404484323 -1.1735803692527953
-1.4506469404484323 1.127759174000278
1.1232140252196006 1.0367564051801301
1.1232140252196006 -2.776113510689265
2.001474077547348 -1.314711165330388
2.001474077547348 2.635334861301473
1.8239929270927409 2.780888248253471
1.8239929270927409 -1.1675467964768769
-1.3811811178509763 1.1399808566389913
-1.3811811178509763 -2.398241697230811
1.7774247615811474 1.2977463057135437
1.7774247615811474 -2.6874432579921836
2.042538189170176 2.5383744363689593
2.042538189170176 -1.2547353350708306
-1.8865869889471765 -3.1413489848995866
-1.8865869889471765 1.9275729865621927
1.4544838951576258 -3.1279533374710655
1.4544838951576258 1.9413097331995666
1.0821540065605229 1.1386755812709741
1.0821540065605229 -2.8385994184456504
-1.9587338634065603 -2.757977039537237
-1.9587338634065603 1.0442327790449701
-1.5243145450017155 -2.0263209102114272
-1.5243145450017155 1.159923954419723
-1.7387448196700026 1.3463860887611585
-1.7387448196700026 -1.1796269147427376
1.9246672117553878 2.6989229001433754
1.9246672117553878 -1.220265780763282
1.732377092434189 -3.0985761881863785
1.732377092434189 -1.844204944056605
1.8182572216785136 -1.2319895266409147
1.8182572216785136 2.693969236186311
1.6855447749701273 1.3808374410079778
1.6855447749701273 -1.1549712870472648
1.3904221141824684 -1.2216572249669126
1.3904221141824684 1.2663972302588642
-1.4229187037843394 -1.19005353278207
-1.4229187037843394 2.768546655802421
-1.8193664759632653 1.0604285937032587
-1.8193664759632653 -2.717247931763981
-1.6026188572289108 1.3995837232057173
-1.6026188572289108 -1.681091163724085
-1.42502058261457 1.0410568453002502
-1.42502058261457 -1.0912490368178749
-1.7674110602141457 1.0964700771622475
-1.7674110602141457 -2.7763967476664964
1.7376729636019081 -1.7291937834591116
1.7376729636019081 -2.899662754883143
1.3514690836058645 1.2339206565551184
1.3514690836058645 -2.9110041572134957
1.6000430908125887 1.222896721641776
1.6000430908125887 -1.1933394904487868
-2.1215770231436597 1.4233651119951358
-2.1215770231436597 -2.7587612717533645
2.0186209397582022 -1.134401553738864
2.0186209397582022 2.8239577955777473
-1.778611640526758 1.1474777189941148
-1.778611640526758 -2.0992493795105567
-1.0769333919115394 -1.1395823955212616
-1.0769333919115394 2.7336800418647202
1.592531966342329 1.2178379778830297
1.592531966342329 -1.2862322689602175
-1.7182062122112711 -1.1105595712763823
-1.7182062122112711 1.300189890030256
-1.2439085688869385 -1.0717963066276681
-1.2439085688869385 2.9351041098729445
-1.213285412633556 -1.1594314209620875
-1.213285412633556 3.0669225267563003
-1.613125729361136 1.1618676340063694
-1.613125729361136 -1.3205238365872707
-2.1541631376027808 -2.736836395755183
-2.1541631376027808 1.1468889261511659
2.0467580994037133 2.657219382369329
2.0467580994037133 -1.1888391102497753
2.2285165750765334 -1.2332436654229153
2.2285165750765334 2.599384921278517
1.681807965176718 1.0670955416323573
1.681807965176718 -1.6121371586130884
-1.3701547869557194 2.471357956484723
-1.3701547869557194 -1.1352089629527444
-1.1506727178250216 2.7871131846045634
-1.1506727178250216 -1.015503056161366
-1.8831267133884295 -2.689370491024639
-1.8831267133884295 1.159675711239733
-1.4439823285235205 1.3370514958108424
-1.4439823285235205 -1.2634352199988854
1.7551920484228722 -1.0417751864677303
1.7551920484228722 2.7782218696586236
1.6062938007238032 -1.1998564790348092
1.6062938007238032 1.247620578520965
1.4434352513942148 -1.3206448749998128
1.4434352513942148 1.299205571005327
-1.5243145450017155 -2.0263209102114272
-1.5243145450017155 1.159923954419723
1.6215212453795949 -1.1577788543380128
1.6215212453795949 1.20092926822587
1.5782383867379188 -1.0961810406602988
1.5782383867379188 1.225579251660997
-1.4469096036751794 1.0666043474668816
-1.4469096036751794 -1.6399640485482068
0.8510413331415447 -2.3246960557133574
0.8510413331415447 1.3149175022762307
-1.4585033577330162 -1.0730630677802235
-1.4585033577330162 1.6060661530031997
-1.5981832616213643 -1.238563403595467
-1.5981832616213643 1.2673224961199687
-1.605800235581081 1.2495632508711163
-1.605800235581081 -1.2524437078554724
-1.269907866895592 -1.2212255842515847
-1.269907866895592 2.4996701150118708
-1.4565056666973486 1.7266060956378309
-1.4565056666973486 -1.1921468271242925
-1.7287296508623422 1.314882678822917
-1.7287296508623422 -2.056742082439693
-1.9154212542001088 -2.9399142719752804
-1.9154212542001088 0.8839528547974739
-1.3135251901948446 2.289606563382547
-1.3135251901948446 -1.4903952929771855
2.006057251666598 -1.1061004456733532
2.006057251666598 2.9921326899739715
-1.5129314321924026 -1.2060085902855289
-1.5129314321924026 1.2181591063990793
1.6044649890632268 1.1983185092826645
1.6044649890632268 -1.1579504212120522
0.8831336263411603 1.026845386648795
0.8831336263411603 -2.7444273625063165
-1.2978445750824124 2.5350262713223177
-1.2978445750824124 -1.0459344378683355
-1.6913063929570495 1.035253453284656
-1.6913063929570495 -1.6893093367835625
-1.8605667590680646 1.1105798184424909
-1.8605667590680646 -2.7026724865172707
-0.7526342450379808 -0.9597955299623534
-0.7526342450379808 1.5653369718882533
-2.013427507736776 0.8670245841096663
-2.013427507736776 -2.9305282628101117
0.9510213114991037 1.2516225016423594
0.9510213114991037 -2.958485995733065
-1.806880803744814 1.2119855831711592
-1.806880803744814 -2.8459761644355877
1.2540142609159435 1.3319952126291565
1.2540142609159435 -2.277615755481213
-1.5741227925310097 1.5416938411250982
-1.5741227925310097 -1.1296950254967193
-1.860065502928432 1.6202692795933316
-1.860065502928432 -1.36420112951697
1.1628305642651875 1.0990418017005747
1.1628305642651875 -2.924010275697218
1.6915521629747385 -2.290204104154126
1.6915521629747385 1.4871816223575098
-1.1686978717703342 -1.0492652510109257
-1.1686978717703342 2.785969967692219
-1.576131865551333 1.1748542895198515
-1.576131865551333 -1.2275270496828878
2.007846136086878 -1.1205140102089912
2.007846136086878 2.571201149459016
1.7018601149070482 1.3788159555182178
1.7018601149070482 -1.2676737723653853
2.0504757693158897 2.791285272567776
2.0504757693158897 -1.132861513840732
-1.864807466013925 0.9303496278831123
-1.864807466013925 -2.9976926821170413
-1.9741739028844465 1.1037834786312057
-1.9741739028844465 -2.335520116196515
-1.068850938205549 -0.786816177978999
-1.068850938205549 1.8646134313543972
-1.7016432502502101 1.3311904470328726
-1.7016432502502101 -2.738450679640104
1.1398813977646292 1.1127861097688676
1.1398813977646292 -2.927776474302154
-2.1809771471502835 1.2253885402147227
-2.1809771471502835 -2.8260143351015956
-1.3718866465319184 1.304557073765811
-1.3718866465319184 -1.243683895732663
0.3494054494915611 1.491482342873271
0.3494054494915611 -2.3429890594066682
1.3342706597020124 -1.356892088615486
1.3342706597020124 1.3167597067439851
-1.094721181086937 2.6630552899677102
-1.094721181086937 -1.0687478012942881
-1.8195019042222909 -1.0584883215675196
-1.8195019042222909 1.275040279686288
-1.5031836772562903 1.1105338222572754
-1.5031836772562903 -1.2446154537889442
1.6070116405024781 -1.1988681295348873
1.6070116405024781 1.1967776463086086
1.5736983797224755 -1.1964862174071642
1.5736983797224755 1.2362896022348715
-1.9843603186779517 1.1340175477000927
-1.9843603186779517 -2.887397060926004
-1.209263298459268 -0.870832004965343
-1.209263298459268 2.4950963025393755
-1.594968129201381 1.236681512281026
-1.594968129201381 -1.3469546236835055
1.407757758086541 1.0682727156110694
1.407757758086541 -1.356870937249041
1.4071305022109475 -1.1597008168682188
1.4071305022109475 1.0532389554765402
1.4287197423579745 1.0675158673946725
1.4287197423579745 -2.743073449904197
2.0542811111940704 1.6357506130990915
2.0542811111940704 -1.4763990719856752
-2.133056818725264 0.9074018590217274
-2.133056818725264 -2.167029504094175
2.237419441458077 2.033816294245885
2.237419441458077 -1.1772762829325716
-1.8803974262030858 -1.9421778438150112
-1.8803974262030858 1.2528582599438396
1.4821082504291259 -1.1037685383532947
1.4821082504291259 1.180395162851926
1.5534193523891355 1.3523104910065789
1.5534193523891355 -1.3296728011871732
-2.045442706809609 1.0115382819415737
-2.045442706809609 -2.7508506932737373
1.4936864889984682 -1.2414940543546902
1.4936864889984682 1.5417719568457078
1.9059941782648346 -1.0102567056010778
1.9059941782648346 3.0355495064349842
-2.0322826598452766 1.0373400201100373
-2.0322826598452766 -2.8140032591286466
-1.0525299431921795 -0.9737101638104391
-1.0525299431921795 2.133415754369905
-1.8663193385074976 -2.5394971437973757
-1.8663193385074976 0.9343191123146013
-1.4806076814533444 1.1256357246204318
-1.4806076814533444 -1.1977622896480726
-1.3598361926752012 1.2628727505733002
-1.3598361926752012 -1.2233464963633915
1.659237493780995 -1.5689702050333105
1.659237493780995 1.3418264935947593
-1.1639696221617277 1.5404255534477584
-1.1639696221617277 -1.303497399989891
1.543629903886088 -1.849372630711065
1.543629903886088 0.9100012905196381
1.0724161747253818 1.0639692385811645
1.0724161747253818 -2.7949584781254453
-1.1929249531313346 -1.1750010909043394
-1.1929249531313346 2.8805257911042483
1.9721806370803985 -1.045488451569033
1.9721806370803985 2.6864316136409054
-1.924033349205028 -2.8031561943854855
-1.924033349205028 0.9718546088018374
-0.9558738567670061 -1.2945553791637538
-0.9558738567670061 2.816914488739287
-1.2368299344610176 -1.071593077303218
-1.2368299344610176 3.052391854287712
0.860000691921001 1.2529584379389507
0.860000691921001 -2.5548386261469935
-1.9969403954182903 0.9774082871636169
-1.9969403954182903 -2.7217748672961632
-1.5754440588062164 -1.2533572063721505
-1.5754440588062164 1.1943574010533153
-1.9587338634065603 -2.757977039537237
-1.9587338634065603 1.0442327790449701
-1.6104090454991775 -1.2232287339719712
-1.6104090454991775 1.2083291310185882
-1.543407176146584 1.131061869931875
-1.543407176146584 -1.433092746227777
1.7409712806901898 2.6938481173113566
1.7409712806901898 -1.0308932960607031
1.2098549430308414 1.0641245415662186
1.2098549430308414 -2.923305927488957
-1.5998735383440308 1.2248823015280403
-1.5998735383440308 -1.2877383099233128
1.5942178963633966 1.3337107793872596
1.5942178963633966 -1.19723675527228
-1.5158883269489198 3.052120993998993
-1.5158883269489198 -1.1223218753147843
1.5907069212701233 1.1951031181936849
1.5907069212701233 -1.2004707389144986
0.753262593775058 2.731998820036487
0.753262593775058 1.498195572533272
1.64326883009565 -1.1859489265440484
1.64326883009565 1.3351183185005104
0.7935906192078881 1.1566349276182615
0.7935906192078881 -2.650602576960207
1.6257720670510754 -1.3989335143003636
1.6257720670510754 1.2993334623880808
-1.7474974647150832 -1.5517457056636526
-1.7474974647150832 1.8365316176265905
-1.3275209721224221 2.847766075892462
-1.3275209721224221 -1.09385060320329
1.4177725197660656 -1.1410575149707793
1.4177725197660656 1.5985103034643968
2.220310136333066 -1.1239233164712406
2.220310136333066 2.8868029088670717
-1.521770538973584 1.23189808973247
-1.521770538973584 -1.3153019677969313
-1.6477196305114934 1.1631817283973018
-1.6477196305114934 -1.3642421268501879
-1.2375575599093749 -1.2311493205738633
-1.2375575599093749 1.2803722948372656
1.720103333631827 -1.2807349239581687
1.720103333631827 1.275482239491021
-1.5343046775517943 1.4505412203933306
-1.5343046775517943 -1.6032114413713874
1.2519824146472136 0.8388717347141028
1.2519824146472136 -3.0267419583998034
-1.4964934119320774 -3.0324663757832413
-1.4964934119320774 -1.8298155463670183
1.569138684924663 1.3764302404503643
1.569138684924663 -1.425642436669286
1.566245700177834 1.2788301158517525
1.566245700177834 -1.1948545511225308
0.8555093114562033 1.0703587483122043
0.8555093114562033 -2.6942323166706625
1.988480503011165 -1.0774322888066448
1.988480503011165 2.904029954666214
1.8952248339125983 -0.9535735543437995
1.8952248339125983 2.771382681042114
-1.4757442856457317 1.3583680636820241
-1.4757442856457317 -2.8443647470193816
2.0184925401294187 -1.2711219354669536
2.0184925401294187 2.1739701451248203
-1.071186067262262 -1.1309193226298988
-1.071186067262262 2.8784625563322987
-1.9873680869058663 1.1947969935248919
-1.9873680869058663 -2.959022111300381
-1.8700631044448646 -2.968127128393902
-1.8700631044448646 0.9806060801469542
1.7293225457427297 -0.935834824394213
1.7293225457427297 -3.092188487640173
1.923128854300707 -1.1460177325533647
1.923128854300707 2.9871741340156803
-1.8944426321358416 1.1958050474797841
-1.8944426321358416 -2.9670363566487623
1.2664416902618592 1.2788299934889842
1.2664416902618592 -1.602170026011333
-1.7866233044811197 0.8496908142614205
-1.7866233044811197 -2.8789382502423484
1.9608889113667687 -1.685195043575297
1.9608889113667687 1.6956139218170017
-1.2265576816779218 -1.1176478859804224
-1.2265576816779218 2.771781638244806
-1.2040735546015089 -0.949096031684828
-1.2040735546015089 2.9699031372012143
1.1120659465098193 1.273142374515727
1.1120659465098193 -2.5629383910171275
1.423678766598924 -1.3409220922676255
1.423678766598924 1.2563618784930142
1.7970472550355998 -1.2492104318754225
1.7970472550355998 1.1849732231750167
1.6871122098372482 1.2767717576353386
1.6871122098372482 -1.4491948169530608
1.009220863438988 1.150697542041244
1.009220863438988 -2.7610528100887914
2.0568866635564267 -1.1392899548282938
2.0568866635564267 2.9350929935840275
-1.847574570620886 1.2846280691569212
-1.847574570620886 -3.1394546778314836
-1.8049766150240438 1.0445929556856826
-1.8049766150240438 -2.8371159794888663
1.2519155460051496 1.3161131975281568
1.2519155460051496 -2.2569202256139738
1.6202090462728425 1.511858452628243
1.6202090462728425 -1.1976058161983172
-1.9649039132121613 1.157416485889695
-1.9649039132121613 -2.8791170921245506
1.1437137310594867 0.866181013280367
1.1437137310594867 -2.929202018252684
1.7393265216652287 -3.0920927523081483
1.7393265216652287 -1.8304992504436577
-1.2365647755158522 -1.3422825903201931
-1.2365647755158522 2.9734678486530526
-1.5346095998461406 -1.1403211934509316
-1.5346095998461406 2.8806142743822893
0.8855992405387717 1.1519452206881156
0.8855992405387717 -2.7384545501293176
-1.6250785151407783 1.3189591600865356
-1.6250785151407783 -1.323679596897672
-2.1229283861098356 1.139607925570387
-2.1229283861098356 -2.869190326789946
-1.4495224851986528 2.919151847327318
-1.4495224851986528 -1.1484288700472476
-2.054076607066756 0.9801146179146198
-2.054076607066756 -1.6465737170409562
-1.0984171461650836 2.7833200092381216
-1.0984171461650836 -1.1739862025570251
-1.2290522859683237 2.726420822340418
-1.2290522859683237 -1.0936323676175568
-1.5728007611028607 -1.4205349394773934
-1.5728007611028607 1.5459101915688709
-1.6708585965267586 -1.8388599071166756
-1.6708585965267586 1.4772295575399457
-1.4332411310237625 -1.1755512968206596
-1.4332411310237625 1.1468352333613432
1.896124454257947 -1.2394464163391263
1.896124454257947 1.2431659803987885
-1.4758343535684737 1.304402661607763
-1.4758343535684737 -1.224559328642569
-1.6799927021202308 -2.173546913769778
-1.6799927021202308 1.361012663471893
1.8309580751228534 1.2653845518797673
1.8309580751228534 -1.3182572875404668
1.9540268072213067 -1.2593885678387589
1.9540268072213067 2.8442288920785708
1.1114505640834733 -1.725112183713736
1.1114505640834733 1.445689870013735
-2.5669751407884696 0.9024127094732322
-2.5669751407884696 -1.6788681813247637
1.9296614618510537 -1.1065242370950288
1.9296614618510537 2.994474257054729
1.3033142282328434 -2.5785274910316005
1.3033142282328434 1.0963777044275844
-1.4516578359365038 1.1808158391897876
-1.4516578359365038 -1.3786619047595625
-1.5248961545919353 1.1506752470446076
-1.5248961545919353 -1.3523535421814024
1.0515966778921506 1.390062120231181
1.0515966778921506 -2.634062473841335
1.8182572216785136 -1.2319895266409147
1.8182572216785136 2.693969236186311
-1.1478806730303448 -1.097920825043699
-1.1478806730303448 2.6591408024265903
-1.42502058261457 1.0410568453002502
-1.42502058261457 -1.0912490368178749
-1.4928062830255733 -1.0244263494247234
-1.4928062830255733 3.0007221271221596
1.527139824794089 -1.1370399840146488
1.527139824794089 1.4358106565302997
1.4424877852752773 -2.649068287747971
1.4424877852752773 1.0654393690187116
-1.502146581799954 1.0585803173824246
-1.502146581799954 -1.297950876189353
1.4048618469382383 0.9357920989626853
1.4048618469382383 -1.5773377034147293
-1.3403978027289178 2.541414509280746
-1.3403978027289178 -1.2243442157283517
-1.369591237673042 1.3650812210088752
-1.369591237673042 -1.7147084363580123
-1.5797709530424917 -1.1845181238753548
-1.5797709530424917 1.2485175664876393
1.497543330470043 -1.3815837012365257
1.497543330470043 1.4247042975326167
1.1020533322853163 -1.6942224664635626
1.1020533322853163 1.0816362266547053
-1.8791104190443402 1.0667213174746315
-1.8791104190443402 -2.9585361025195125
1.4308306978710528 1.0701140432971599
1.4308306978710528 -2.6457557137850145
1.54688010354269 1.48330608331266
1.54688010354269 -1.0906518259118976
-1.9304715172475249 -3.0729193357401
-1.9304715172475249 0.7566192415778996
1.4822606792334736 2.3497651461651254
1.4822606792334736 -1.1661822393925518
-1.1636766209945644 2.6889415802237315
-1.1636766209945644 -1.1519573249399182
1.6428408830101684 -1.2803700439458685
1.6428408830101684 1.2532432705326026
1.587056386732896 1.364852175384756
1.587056386732896 -1.1779765982541464
-1.7234838297782624 1.235986693069246
-1.7234838297782624 -1.409161955194425
1.5993709452213039 -1.2221636064037917
1.5993709452213039 1.323445637487569
-1.6140024296169442 -1.2487361478563188
-1.6140024296169442 1.2352968894929037
-1.5566458072047367 1.1391667496447666
-1.5566458072047367 -1.419655613354669
-1.7464826849953379 -1.4210647727308596
-1.7464826849953379 1.2988966682026306
1.423136840646659 -1.185510420851928
1.423136840646659 1.3973773281529438
1.8643441487050227 -1.246502715306227
1.8643441487050227 2.6328145712822235
-0.7552327829480608 -1.1249568107364585
-0.7552327829480608 2.6023534384811606
2.0578898999523956 -1.1516098490623756
2.0578898999523956 2.822134410811303
-1.7175691882989235 -1.457862838484893
-1.7175691882989235 1.1943688521846285
1.1515959759241978 1.1874534807919743
1.1515959759241978 -2.965466478731446
1.2606935306061877 1.0385066321405108
1.2606935306061877 -2.8524437419703377
-1.5654224617973038 -1.2097009651040753
-1.5654224617973038 1.1840097072531273
2.1701538194937875 -1.4817149955744826
2.1701538194937875 2.7090070623157385
1.7762186464201746 -1.3332912955287886
1.7762186464201746 1.1397210747701947
-1.9280214767771577 1.189823838883614
-1.9280214767771577 -2.7875952918630835
-1.6271926342362326 1.2745252004241974
-1.6271926342362326 -1.2323184318648936
1.7239520183620873 -1.1193883285850046
1.7239520183620873 1.2268563740766925
-1.9531453551877407 1.0920275445732046
-1.9531453551877407 -2.9506447943020966
1.4152022356209 -1.1909902783451183
1.4152022356209 1.3680218403479252
-1.2741436000037913 1.2664450391818443
-1.2741436000037913 -1.4512754347764771
1.5616249998378664 -1.1865158230301445
1.5616249998378664 1.175637858216828
1.9416850722421872 2.3288204845239826
1.9416850722421872 -1.1464661596498442
1.2668978191209588 1.0950880913294876
1.2668978191209588 -2.9795706796315566
1.4724796117163106 -1.1444382005320608
1.4724796117163106 1.3044048915996866
1.3398127905882058 -2.8626362131641425
1.3398127905882058 1.121565763233197
-1.5659180443150509 1.2586399925600669
-1.5659180443150509 -1.1324069130844892
1.9400604310023668 -1.6511309700990924
1.9400604310023668 1.5728368315826282
-1.5942205025671115 -1.2189620041236058
-1.5942205025671115 1.2112319515223393
-1.492451573117569 1.1347605187239822
-1.492451573117569 -1.1671201750981883
1.1515959759241978 1.1874534807919743
1.1515959759241978 -2.965466478731446
1.3250265339098821 -1.6450382733442208
1.3250265339098821 1.2502076163200009
-1.095802154961171 -1.535991243657581
-1.095802154961171 -2.7611546809496463
1.8233529747135806 -1.4872053995841295
1.8233529747135806 1.2814206068636538
-1.2077370400031975 -1.1059786397240314
-1.2077370400031975 2.9234373345256044
-1.6539483056703403 -1.3857406876357043
-1.6539483056703403 1.3261333528771846
1.6786809304567725 1.2151061055917498
1.6786809304567725 -1.1360331807328252
1.7141372474422671 1.196075207935701
1.7141372474422671 -1.2775501701674152
1.7029846415323626 -1.2900198025173326
1.7029846415323626 1.1872376456874307
1.051534872458204 1.1606101264656103
1.051534872458204 -2.853983051051022
1.9203363170757068 -1.0907336411943909
1.9203363170757068 2.9548032241506337
1.967831796182104 -0.9728656779290895
1.967831796182104 2.9369842031316287
1.6941576968009318 -1.6079218096479693
1.6941576968009318 1.187798372691514
1.1899505547884068 -2.818765004725749
1.1899505547884068 0.932332605926063
1.9779438196126005 2.1245173140187785
1.9779438196126005 -1.6418782506888632
-1.59721155366401 1.2445164859069624
-1.59721155366401 -1.2011038304655781
-1.9587338634065603 -2.757977039537237
-1.9587338634065603 1.0442327790449701
-1.5355244269113633 2.807241794371549
-1.5355244269113633 -2.1490346794547395
1.223478762215566 1.1003744678509126
1.223478762215566 -2.9439342485816935
1.2338535708280267 1.0810372584059424
1.2338535708280267 -2.783816898069222
-1.0743432130157384 -1.0787770095692784
-1.0743432130157384 2.7724637959091853
-1.6103642806392438 -1.6149669493642849
-1.6103642806392438 1.513255031107067
1.554594871725825 -1.6454946814820313
1.554594871725825 1.509468201837611
-2.165067365595084 1.013302480161717
-2.165067365595084 -2.793033460425616
-2.2475719024010417 1.080140749618309
-2.2475719024010417 -2.7420363708746622
-1.2611849762008027 -0.9027010222771629
-1.2611849762008027 2.8137296386889457
1.6932811212548586 -1.282622795378502
1.6932811212548586 1.3696350004127171
-1.1981148795558283 -1.2277126820745283
-1.1981148795558283 2.530358136487447
1.7307848514291266 -2.0682274964461245
1.7307848514291266 1.1146934172865386
1.3809620731693983 1.4552102641878053
1.3809620731693983 0.13878508268123316
-1.6386138750389296 1.216783193737868
-1.6386138750389296 -1.3150344191888632
-1.85353347637331 1.3055419989430814
-1.85353347637331 -1.2920533965300807
-1.6013163623721582 1.20430645017161
-1.6013163623721582 -1.202770682307873
2.0346213956709653 -0.9804347176865826
2.0346213956709653 3.060269371406101
2.0700075973640764 -1.1673734180855675
2.0700075973640764 2.7116329530629977
-1.537935765038073 1.1712060395465331
-1.537935765038073 -1.2845896975007345
-2.0337389142048914 -2.9941886841018803
-2.0337389142048914 1.0737066602013643
-1.8339148143101973 -2.8245379701529867
-1.8339148143101973 1.0492714245360573
