Torsion_1 Torsion_2
1.769621751198236 -0.08109254213337255
-1.3996866570393298 -0.08109254213337255
1.5773060865703465 0.28089517739957864
-1.4921447591989676 0.28089517739957864
1.5535958300557127 -0.10412414164712551
-1.5691422424611743 -0.10412414164712551
0.7945932565690255 -3.1051067511166304
-2.4108336289501775 -3.1051067511166304
-1.0599240012357083 -0.1955431092185661
2.114141406803322 -0.1955431092185661
2.096926886272004 -0.10142346892777297
-1.0902917657409366 -0.10142346892777297
1.0178576740455878 0.2647516396659928
-2.1564177242674614 0.2647516396659928
1.4758190100152209 -3.000264437096859
-1.4242246868774284 -3.000264437096859
-0.9809494673746293 -0.27106373549639307
2.205002226315362 -0.27106373549639307
-0.824616995484029 3.11723602073373
2.356426758452171 3.11723602073373
-0.017198638631063187 0.007454098644636349
3.126890834215156 0.007454098644636349
-1.8112458377647183 0.10816795840661982
1.3565471244271914 0.10816795840661982
2.0380738120844835 0.15814169290012933
-1.0823553670452548 0.15814169290012933
0.996905078263796 0.2216801085591203
-2.1987321453627326 0.2216801085591203
1.2549474143586696 -2.961600750160674
-1.8687208833265698 -2.961600750160674
3.122859618490457 -3.0481522447229406
0.003594491032342131 -3.0481522447229406
1.365338644849389 0.10307920396652732
-1.8484831988381936 0.10307920396652732
0.7783163166472946 0.17896127639446632
-2.4611597040140683 0.17896127639446632
1.0477525631150761 -3.068420179293555
-2.1371875057539036 -3.068420179293555
-0.036415768450585924 0.07042618223013848
3.0520232818553175 0.07042618223013848
2.8431345239053267 0.10652954239100629
-0.3125377477385658 0.10652954239100629
-2.3631878936282593 -0.006104867356172908
0.8265615652117159 -0.006104867356172908
-2.397814066439055 -2.9533748842203273
0.8131196610968828 -2.9533748842203273
0.7954373095220756 -2.8864687341684228
-2.416247522048306 -2.8864687341684228
0.7505219094983855 -2.9720132188802255
-2.4579569578053895 -2.9720132188802255
-2.174164813558707 3.109522644615041
1.0439541289361687 3.109522644615041
0.17301060363720908 -0.04113892852607457
-2.9582840660237704 -0.04113892852607457
-1.1911830233657568 -3.1160292948838055
1.9909373331641393 -3.1160292948838055
1.1097385051358455 -2.8984944143635833
-2.1380072615841486 -2.8984944143635833
-0.4248113055899655 -3.1392715177194823
2.7562796839426724 -3.1392715177194823
2.0774868736811927 -3.0338111527326475
-1.1049854109100057 -3.0338111527326475
2.00280504071101 0.0028820835458482214
-1.156664149487443 0.0028820835458482214
-1.0495546804751188 -0.06322189412880683
2.138377450438217 -0.06322189412880683
0.7715500251333935 0.16422864187799174
-2.4059066950350023 0.16422864187799174
-2.116467407912547 -0.019589222991703518
1.076739206305859 -0.019589222991703518
1.9584309891521634 -3.135317960141168
-1.2184667299359104 -3.135317960141168
2.0098889111091767 -3.1412554164707185
-1.1697156387671157 -3.1412554164707185
-1.9584340522167913 -0.03286031188358745
1.2273363424920003 -0.03286031188358745
0.8921338186195701 -3.1058630717781863
-2.2927643610212 -3.1058630717781863
2.2554485770104957 3.0630910209675153
-0.9626195936609716 3.0630910209675153
-2.1175074922311907 3.0629829514437925
1.1136247201208094 3.0629829514437925
-1.26388714590273 3.0756185081862246
1.93710805350622 3.0756185081862246
-2.220578681537079 -0.05391074139108685
0.9629453484105832 -0.05391074139108685
-2.2262133416098187 0.13589937932101726
0.9536916401223143 0.13589937932101726
-1.1835229383284864 -3.119570342679267
1.995484955658207 -3.119570342679267
2.4034718134844946 3.093538843778005
-0.8453274210154481 3.093538843778005
-1.1966614760021352 -3.1144885509819726
1.9876698575471492 -3.1144885509819726
2.267737216836314 3.012075015545986
-0.9424859651367778 3.012075015545986
0.9016855849188545 -3.0834444102991316
-2.2678304910275227 -3.0834444102991316
-1.1890566233065296 -3.114509067418739
1.9929026581715896 -3.114509067418739
-0.8689423816503918 2.9722974931282464
2.353076702336637 2.9722974931282464
0.670784701622807 -2.974202313434636
-2.5693652381631495 -2.974202313434636
-2.1012271197864494 3.128807067978805
1.0871737073048062 3.128807067978805
-3.007919376829169 0.5893131067268093
0.24190386895758623 0.5893131067268093
0.5694871423350716 3.115512206300405
-2.6360378618104057 3.115512206300405
0.6380198105280998 -0.0660145384236641
-2.540645454482898 -0.0660145384236641
1.6922214248557508 3.1410438065349093
-1.4982610889164694 3.1410438065349093
-1.402845862384507 3.131962886688166
1.7839369766083333 3.131962886688166
2.3363970246945702 3.102211468996357
-0.9009788650365554 3.102211468996357
1.094723727146008 -3.0843833551849653
-2.153802284335148 -3.0843833551849653
2.8676862913990218 0.25618031098085114
-0.24751254733497882 0.25618031098085114
2.403110039437846 -3.058248257294217
-0.7660694214447983 -3.058248257294217
2.800338644877346 0.4161227976556061
-0.3492643649442002 0.4161227976556061
2.391520649448274 -3.0178468789751483
-0.7907523190592401 -3.0178468789751483
-2.8810656401700925 -3.10407690017108
0.32123473644174017 -3.10407690017108
-2.2061777875224724 -2.916514965133077
0.9766328879471986 -2.916514965133077
0.36641618177721513 3.0839790989824087
-2.810825453334137 3.0839790989824087
1.0895911983205644 3.113558457289092
-2.115272443304621 3.113558457289092
1.5902613022902512 -3.0570143469640074
-1.5737196494830115 -3.0570143469640074
-2.868459104723974 -0.25799024557349015
0.24859353324237915 -0.25799024557349015
1.1333789460605228 -0.05082513220655465
-2.006659685897074 -0.05082513220655465
3.0644265709090934 3.1033756487963178
-0.08788787652044121 3.1033756487963178
-2.3526342864635574 -3.109556240879786
0.8646133781142403 -3.109556240879786
-0.022357082190908317 3.0877883835942095
3.139065718633206 3.0877883835942095
-1.5090737192097246 2.98291255345641
1.495217729157311 2.98291255345641
2.2672877628219537 -0.1593206670002775
-0.8736337930236014 -0.1593206670002775
2.7685501674122492 -3.1097606949945535
-0.43523432325317746 -3.1097606949945535
-0.03563031080037825 -3.0541549137226633
3.140044526647679 -3.0541549137226633
-0.7903343628439733 -3.009082349975147
2.3798663581422335 -3.009082349975147
0.1464646510026143 3.038663052681848
-3.010211531821019 3.038663052681848
0.03346824093338688 3.1107884555534446
-3.129117606148715 3.1107884555534446
2.2389932842634206 3.0924428183621044
-0.967139766179257 3.0924428183621044
0.49990474203807583 -3.1227117840341765
-2.7011023095538 -3.1227117840341765
0.07159896621550438 -3.0317612465702934
-3.100480574729684 -3.0317612465702934
-2.2055077067876034 3.108657482863115
1.005478169354058 3.108657482863115
-2.6129750165924412 -0.4600595834289471
0.48785745570843647 -0.4600595834289471
-1.0280514125629368 -3.109846998879837
2.15937197829085 -3.109846998879837
2.941663664149708 0.04893835519088689
-0.18344053561232307 0.04893835519088689
2.745486431718941 3.0866654540999785
-0.4563780394176205 3.0866654540999785
-3.0982755996828217 0.15965069416794597
0.05217347654933378 0.15965069416794597
1.117409697272494 -3.13643443356149
-2.067831759052802 -3.13643443356149
-2.98362606872289 3.121278645976334
0.19860393584815814 3.121278645976334
-1.6010259742083062 3.052574711240756
1.563928443229265 3.052574711240756
2.3589147818633687 -0.2668012444172244
-0.8294071165427501 -0.2668012444172244
-2.8276169457451417 3.1062663527348753
0.36346540135482336 3.1062663527348753
-1.3364480468116362 3.127576177430652
1.8595955342935107 3.127576177430652
-1.8596622751997993 -3.127558594947055
1.3363832069768464 -3.127558594947055
3.1016691242845797 3.0611595295065075
-0.06453705237785011 3.0611595295065075
2.966563906793845 3.135910193605244
-0.13359801611183392 3.135910193605244
-0.15350167636999845 -3.098822050550619
2.997995436800982 -3.098822050550619
0.10827744296043977 -3.0534053680760396
-3.0725339185921516 -3.0534053680760396
-1.8065731611378093 3.0999170776258396
1.3725659844763358 3.0999170776258396
-3.0266486505726733 -0.18986772049579112
0.12794845857812598 -0.18986772049579112
-1.4187816033191805 2.9459550375636723
1.7592815227383256 2.9459550375636723
1.7102956923325097 0.16288058665758906
-1.5582637881224801 0.16288058665758906
1.6756251005577123 -3.0623909596867325
-1.488756834388819 -3.0623909596867325
-2.721814228461617 0.5073130728856874
0.5360595641178886 0.5073130728856874
-0.9650234600073908 3.0157294994622763
2.2314816834628712 3.0157294994622763
-0.614592825205068 0.061572636402717255
2.5666955850940734 0.061572636402717255
1.4276356015301133 3.093747476227505
-1.7851517942388402 3.093747476227505
1.4585748157364862 3.139435811406705
-1.7450224998572217 3.139435811406705
2.340686083565329 3.034340780899667
-0.8806778952767257 3.034340780899667
-1.4920029993291297 -3.1251671381034467
1.6616221189525031 -3.1251671381034467
0.6279937516957368 -0.44219903495114066
-2.5176283218224667 -0.44219903495114066
-1.3746898243208052 3.097674902054701
1.8174961013261877 3.097674902054701
-2.3352444381524973 -3.099012139549631
0.865239825447722 -3.099012139549631
0.12451389744231779 3.1040091630551916
-3.010685633568324 3.1040091630551916
-0.08994793818065176 3.0944204873478203
3.0708241791051036 3.0944204873478203
-1.0823352731205251 3.0859144733149177
2.132607047100948 3.0859144733149177
2.469710316038941 -0.5056658490171824
-0.744552383376029 -0.5056658490171824
-2.5316626571007017 0.21901111554411848
0.6742756112051893 0.21901111554411848
1.504468899921007 3.043929933899544
-1.712952485758681 3.043929933899544
-2.5956672277446713 0.3232344715664397
0.6195085488078045 0.3232344715664397
-2.401716008233304 0.28238692825943396
0.8061594485995646 0.28238692825943396
1.3781078018549415 3.04335812689705
-1.7915298241725763 3.04335812689705
-2.83267587411474 -0.18036897694602377
0.2865141514798639 -0.18036897694602377
0.8702564549522783 3.117631388024552
-2.3397408987313315 3.117631388024552
-0.9620629620796857 -3.0332811190594766
2.2321198147585783 -3.0332811190594766
2.3738232822091687 3.1202521634459295
-0.8074910236395253 3.1202521634459295
3.0651068181877714 0.2144316238291983
-0.053807609779770164 0.2144316238291983
0.031737517360259315 -3.0588809506007593
-3.1190744526804925 -3.0588809506007593
-1.2971390140443173 3.1034942976784574
1.9294490684447005 3.1034942976784574
1.8252221488692422 -3.1084854803215203
-1.3675358466556589 -3.1084854803215203
-1.507961885211838 -3.13164581421138
1.6659280781931782 -3.13164581421138
-0.6773740679165813 -0.07713652431369532
2.5304652498752485 -0.07713652431369532
1.4943286887612155 -3.0545313198935022
-1.7127459211486544 -3.0545313198935022
-2.795022140489151 2.9681779677759024
0.3541739060300246 2.9681779677759024
-0.12155954148597954 2.9987742747301187
3.0738681996684254 2.9987742747301187
-1.3396566119269664 3.1179603506182314
1.8728539791568286 3.1179603506182314
-1.8728702049951655 -3.117961822225572
1.339640685759884 -3.117961822225572
0.975161159391696 3.0851016248189924
-2.214388159209681 3.0851016248189924
-1.094469192521007 -0.22612497163108283
2.0760484122721508 -0.22612497163108283
-2.6261128966722898 -3.12414615940139
0.5719403445588226 -3.12414615940139
0.2495460241224856 -3.0065041598046403
-2.959238796643172 -3.0065041598046403
2.1175502870182172 -3.1011103535563196
-1.079737531372275 -3.1011103535563196
-2.1294142189818044 -0.11293348973076454
1.0903716922404918 -0.11293348973076454
-0.805688244169896 3.1308422126965674
2.375296784857486 3.1308422126965674
-1.3868768978336936 -3.1255522496262444
1.8229147239768653 -3.1255522496262444
2.9216476039221027 3.10026947361479
-0.27219283925796006 3.10026947361479
-2.350130379149992 3.1246082812294973
0.8611313541563508 3.1246082812294973
-0.9599755003797075 -3.052210185967671
2.2576480637534075 -3.052210185967671
-1.0314883814525038 3.0429525624945666
2.1938101301157453 3.0429525624945666
-0.06138043811212737 3.0669789836561807
3.0850281997604623 3.0669789836561807
-0.3267573430555784 3.125844614097971
2.8634771509354326 3.125844614097971
-0.6503383580296862 2.955459298589906
2.574604415356135 2.955459298589906
-3.135505040558352 -3.1031448269020165
0.012447428773671464 -3.1031448269020165
-0.01776960110215165 -0.025457758311789036
3.1247708101973566 -0.025457758311789036
1.533970140912218 -3.1110763216267396
-1.6454594941661638 -3.1110763216267396
-1.5339363188862347 3.11108012183811
1.645430388109919 3.11108012183811
2.846644714017332 -3.108752334398611
-0.34469203200035364 -3.108752334398611
3.05711959307004 -0.2169075083657393
-0.108865804467567 -0.2169075083657393
2.707092107878635 0.11704948825814036
-0.47501257839844324 0.11704948825814036
-1.0170421755184533 2.995730713446324
2.2123305119046397 2.995730713446324
-0.09374114673848559 0.17210825460174373
3.050749148864568 0.17210825460174373
1.0408397264913518 -3.117716089477302
-2.1642064255544033 -3.117716089477302
0.6963910171053657 3.120702462832617
-2.502813045700533 3.120702462832617
2.848604371274534 -3.115685179716241
-0.33969678280750154 -3.115685179716241
2.9278268122526137 3.1257120055302425
-0.2571073013826682 3.1257120055302425
-0.1292637619140282 3.013136684121231
3.0677717976509444 3.013136684121231
-3.0183542273135293 -0.2560958587060731
0.10312602915213918 -0.2560958587060731
3.0977593318573167 -3.0940187898610394
-0.040922282430093604 -3.0940187898610394
0.057371459032403864 -3.0966464724359177
-3.123287064958847 -3.0966464724359177
-0.403246969355445 -0.03226558889846995
2.77196907130631 -0.03226558889846995
-1.5178725298238527 0.37172956569174365
1.6398699566134622 0.37172956569174365
-3.104719426385568 -0.20172425557398613
-0.0015823930796189612 -0.20172425557398613
-0.26526318834309603 -3.0717126582365832
2.9226460408797754 -3.0717126582365832
0.02200528842265427 3.076058689892591
-3.1212473840273103 3.076058689892591
-2.28728212784091 -2.986897212790536
0.912465275507307 -2.986897212790536
-0.8500842111716227 -0.003159206501650795
2.360969041824145 -0.003159206501650795
0.10243145677180651 -3.033010015285988
-3.049550325261037 -3.033010015285988
0.05161853662816311 -3.0464600978855403
-3.126714140688064 -3.0464600978855403
2.780659927529381 -0.004034825678237027
-0.4105936788986291 -0.004034825678237027
3.0351181220101573 -3.134538098146146
-0.10419033615619842 -3.134538098146146
-1.6460032603989772 3.0263676457007147
1.52093614470557 3.0263676457007147
1.681821771600162 -0.21382256338759237
-1.5008717092309156 -0.21382256338759237
-0.9450217507797998 -0.123002711842599
2.2531402154335662 -0.123002711842599
3.045646214132128 3.1200688878867457
-0.13314002787497733 3.1200688878867457
0.9100914370847387 -0.11580748338894681
-2.280059044158173 -0.11580748338894681
2.4427950620599157 3.071230025501066
-0.7775707765641351 3.071230025501066
2.237146334703591 3.0841006658414316
-0.952857617467086 3.0841006658414316
-1.3588833161682412 -2.98588872047393
1.8258219583132098 -2.98588872047393
-0.77109153147027 -3.134713518481276
2.452298747300345 -3.134713518481276
1.9882638901535756 3.014764218896372
-1.2008913687892113 3.014764218896372
-0.2605314196059801 -3.00493615096237
2.855966195848492 -3.00493615096237
-2.3335895537254903 -3.036941139816479
0.8837374597490298 -3.036941139816479
-3.045263189069551 -3.0642501042379204
0.12129205356440033 -3.0642501042379204
2.71128333622686 0.3408262620238698
-0.4454138596879673 0.3408262620238698
-0.05969304142785129 3.121070692496707
3.1037810024769343 3.121070692496707
-1.7130832646765546 -3.074694159375009
1.4651406108962364 -3.074694159375009
-0.9560068628782307 2.9412696465974
2.2986550602235627 2.9412696465974
2.813325206691149 -0.5119618401330289
-0.3895104778676997 -0.5119618401330289
0.9190802289046301 -3.0674803854533463
-2.266711080692291 -3.0674803854533463
-1.556341490384777 3.116359799467903
1.5596153805247093 3.116359799467903
2.813677209171776 -3.130501413904792
-0.3606926273671408 -3.130501413904792
-1.5365308015668546 3.1266664541394
1.5929305982015398 3.1266664541394
2.8884500188656603 -3.1345805861030316
-0.2951670941839049 -3.1345805861030316
-0.023817758269468893 3.0974686507087066
3.13293700960504 3.0974686507087066
-0.1231724960226802 3.1308229801331895
3.0513408587039303 3.1308229801331895
-1.3841078975459986 -3.1245793479906747
1.8022286604583717 -3.1245793479906747
-1.8815455411302793 3.1198309154921313
1.3194033205707685 3.1198309154921313
-2.3912092283479587 3.0766290512962815
0.7921669186377137 3.0766290512962815
1.8526325501176688 3.1300828495175015
-1.339067348710545 3.1300828495175015
2.5459611919265757 3.129868716273589
-0.657767298844774 3.129868716273589
-1.1850393432899473 3.12738070270925
1.9729319837562307 3.12738070270925
-2.084663813390127 3.118236647551111
1.1247703588055487 3.118236647551111
1.0158040444807004 -3.1141037152686057
-2.1958737897715697 -3.1141037152686057
-1.679336647212448 -3.1240824406536545
1.5496667613101076 -3.1240824406536545
0.1760383558685152 -3.0584661820956023
-3.0069122210532444 -3.0584661820956023
-1.439506619553135 3.12067454321509
1.702855510313931 3.12067454321509
2.2107003927623494 3.0878862887527565
-0.9706537920662094 3.0878862887527565
-2.442123371833108 -3.132953881109942
0.7988400854310161 -3.132953881109942
-3.0772423265024225 -3.0997985589621884
0.09670696145632623 -3.0997985589621884
-2.220879239239269 -3.1004054590602026
0.951674646049126 -3.1004054590602026
-1.1963998968251544 3.0570926475438185
2.0182456413249894 3.0570926475438185
-1.9036832387434208 3.0965557228460576
1.3101224914720075 3.0965557228460576
2.9606806670315913 3.1209020136084766
-0.21913977402852136 3.1209020136084766
-2.2730874476114273 -3.0625921507223244
0.9486952652086768 -3.0625921507223244
-0.6950143571279332 3.1343187109781843
2.5270179835422395 3.1343187109781843
0.7343494439565733 3.0450950362612246
-2.4787937736748273 3.0450950362612246
-0.3171350769442627 -2.9929816338828297
2.821970658040537 -2.9929816338828297
-1.3122398144859053 -3.0453007644764445
1.870228825249891 -3.0453007644764445
1.8484716637626117 3.0615276238081814
-1.3170777526215458 3.0615276238081814
-0.02252922023239749 0.1565393954118562
3.100630077925782 0.1565393954118562
-1.4878071162719095 -3.0938847445584408
1.6720448979853189 -3.0938847445584408
2.4474235383037066 -3.061170749645045
-0.7439596424575714 -3.061170749645045
0.09361462197120615 3.121614280093827
-3.0568514294374878 3.121614280093827
0.08873389931538962 -3.0189341896288377
-3.070126168432493 -3.0189341896288377
-1.5608056962336423 3.0193487069037053
1.6827259923061417 3.0193487069037053
-0.7260015637634555 3.122403175125371
2.4617767992892916 3.122403175125371
-3.0326666539403027 -3.069376122159042
0.15409956396474606 -3.069376122159042
-0.17875166312537202 -3.1097952157338113
2.998266678219198 -3.1097952157338113
0.39328113376746465 -3.098996399995432
-2.81266763744233 -3.098996399995432
0.5422489118875218 -0.3799192370602409
-2.5761021893663547 -0.3799192370602409
2.0280465089845574 -3.082548710335284
-1.1869704037273556 -3.082548710335284
1.223575737027693 3.0549446125733546
-1.8813199787939605 3.0549446125733546
0.9530204592649975 -3.086253677622221
-2.272982678025729 -3.086253677622221
3.1413369019609956 0.00029431180861561783
-0.0003274765407542838 0.00029431180861561783
-2.4583877928967817 0.12223628654062285
0.731594808126206 0.12223628654062285
-0.20790181472489266 -3.067659107867781
2.9431699825854203 -3.067659107867781
0.1823928739428028 3.1254364110672004
-2.9766825938772845 3.1254364110672004
1.0300116332297298 -3.053933063312035
-2.206446029080605 -3.053933063312035
-1.6085032834626605 3.1350238726086856
1.6132702991815226 3.1350238726086856
3.1081842889475637 3.10214815293238
-0.0473035676153327 3.10214815293238
-1.4894636061308208 2.874173302462888
1.6537307134972252 2.874173302462888
1.3070492263386289 -3.091047150925348
-1.9068957030249958 -3.091047150925348
-1.3934873492286806 3.092102525993276
1.7880226885075376 3.092102525993276
-2.1824075571443022 -3.097945440097185
1.0485838219706196 -3.097945440097185
2.3895061899338326 3.1199905868755606
-0.808189293618942 3.1199905868755606
-2.2330817148014352 -3.040556873727952
0.9856629811882897 -3.040556873727952
-3.032434858293326 -3.0445666365874344
0.14433342246144987 -3.0445666365874344
1.2519874326969598 3.076363203454415
-1.9801205670321116 3.076363203454415
1.7507974165486233 -3.0766822110361547
-1.4381856289595067 -3.0766822110361547
2.39902511819293 -3.1224758949006963
-0.7296579411768378 -3.1224758949006963
-2.46320083447972 -3.063087817466137
0.6617125860119135 -3.063087817466137
2.219805018611578 3.115385046893313
-1.0168460852639043 3.115385046893313
-3.0721090520707337 3.124199840311985
0.07768447139558174 3.124199840311985
1.8350533273926135 3.0842021039865477
-1.3487408548115867 3.0842021039865477
3.1299605046234507 -0.05881868209142887
-0.02819176634286117 -0.05881868209142887
-2.6093974801381106 -3.053731056887749
0.5889154530017986 -3.053731056887749
-2.0424936851158644 0.08025375461518484
1.118690700381659 0.08025375461518484
-2.062798592296064 3.089465524049625
1.1532708367707671 3.089465524049625
-2.0005636415033408 -3.0232919031786976
1.2253592729834686 -3.0232919031786976
0.12602915312259194 -0.04488079662560273
-3.001781803304857 -0.04488079662560273
1.458581183598326 -3.1409606675508277
-1.7339335379155711 -3.1409606675508277
-2.6718941549099564 -3.1098811509416127
0.5412787551444672 -3.1098811509416127
-2.3070145567202083 3.0301341524429937
0.8644358888119088 3.0301341524429937
0.1271310138943297 -0.1218334970695064
-3.0133286031980764 -0.1218334970695064
-1.2529339854674446 -0.01018467970847847
1.942007721870911 -0.01018467970847847
-0.19440988134610218 3.078471937695427
2.9912725296160163 3.078471937695427
-0.23838490303392226 0.2249582459487761
2.8981073447820798 0.2249582459487761
-1.6019354303419993 -3.076332844548716
1.5730690173404143 -3.076332844548716
0.8857950855724467 -3.091918718714001
-2.36817827107961 -3.091918718714001
-1.1264408027421786 3.1130190320093827
2.077140047221082 3.1130190320093827
-3.1384843252232124 3.107885597133511
-0.020225704436500788 3.107885597133511
-2.8012955990276245 -2.923700463725108
0.4147768367299313 -2.923700463725108
0.36060511056857947 3.084656216982412
-2.815066362113581 3.084656216982412
-0.9731419968508457 3.1285695397269846
2.2356246788069263 3.1285695397269846
-0.9193844089387974 3.1009948153497904
2.3017244099625405 3.1009948153497904
0.6581956039328671 -0.5223833874717534
-2.4793487503984672 -0.5223833874717534
-1.6875810993983 -3.103248372022553
1.4615580807553048 -3.103248372022553
1.0448868302811851 -3.002004779552236
-2.1966227310644775 -3.002004779552236
-0.17142554388210576 0.1895369687567164
2.9684866651472492 0.1895369687567164
2.576105787484926 -0.5251192353174762
-0.6009024216979161 -0.5251192353174762
-1.3566918877713876 3.01291682280454
1.8480222111764584 3.01291682280454
-0.10217291389286419 3.1037873684314294
3.067932556325943 3.1037873684314294
-1.4432176523294016 3.0930711541327365
1.7258694186222574 3.0930711541327365
1.4468646084088945 -3.1039905316851826
-1.7611942165531072 -3.1039905316851826
1.2607451210743539 3.1018968239747164
-1.9207594142787021 3.1018968239747164
-2.8598465883216777 -3.117107949192462
0.3285877491646978 -3.117107949192462
-0.228274831703761 0.1268292169754186
2.905670389564587 0.1268292169754186
1.478876850513093 3.0138273817641394
-1.72143809439708 3.0138273817641394
2.617596166485912 -3.1367262790761234
-0.5659816612410962 -3.1367262790761234
-1.134236750541342 0.02079835044028924
2.0728857656074577 0.02079835044028924
-0.15123810785614142 0.13043892427336615
2.975149052430122 0.13043892427336615
3.0588805806793316 -3.0751763421297458
-0.10215823668663335 -3.0751763421297458
-2.5054508149238903 -0.001985957631695425
0.6935661421102636 -0.001985957631695425
2.2051178685035757 3.0490230724236245
-0.9953233947850135 3.0490230724236245
3.12055920894451 3.1187743659370697
-0.024628748329836466 3.1187743659370697
0.7023912308230115 3.1026455724907005
-2.5019339448030133 3.1026455724907005
-2.2821072178932384 -3.077486523117379
0.932056600614999 -3.077486523117379
0.5898439478734022 0.2723911417945004
-2.6360959242192865 0.2723911417945004
0.0027194956340683375 0.08514445762907412
3.125818881257591 0.08514445762907412
-0.9387489325310132 3.0503214999517834
2.2437550065739127 3.0503214999517834
1.1254049984575032 -3.0578940838258366
-2.0648971873731705 -3.0578940838258366
2.7656304355805075 -3.1126266583973248
-0.42240506577593534 -3.1126266583973248
3.0476496259587935 3.1333600922130027
-0.1146004689529329 3.1333600922130027
-1.4028337341811612 3.0914386661779196
1.7969870408546311 3.0914386661779196
-3.055732216010928 3.136419250380961
0.10320979434612006 3.136419250380961
2.7040524306605893 0.15985784299498612
-0.4706884970649377 0.15985784299498612
0.9065260389842058 -3.098447261911989
-2.3046333183525904 -3.098447261911989
3.037293542985385 3.1358676211233556
-0.1374051448371287 3.1358676211233556
0.8884376802317308 3.1354609422183324
-2.27799470697173 3.1354609422183324
0.277830185045171 -0.17823069609632197
-2.865886818230497 -0.17823069609632197
1.4805547068213873 -3.139557264649931
-1.6955006007945017 -3.139557264649931
0.4265982051366395 -3.1201237227670844
-2.754961421304145 -3.1201237227670844
-2.4737569266100117 -3.0937027313525842
0.7353387902714114 -3.0937027313525842
-1.25578095547065 -3.069602686253964
1.9311630532703696 -3.069602686253964
-1.9343709965449452 3.1127328728098633
1.2776153902300635 3.1127328728098633
2.23804108278593 -3.1041773614853216
-0.9524186805335654 -3.1041773614853216
2.9882302426233305 3.1375433238049992
-0.1957714467618461 3.1375433238049992
2.353409045661135 0.016707844702492623
-0.8512948975079744 0.016707844702492623
0.7636775137026768 3.132812028884361
-2.432672995014168 3.132812028884361
3.091191069349684 3.125539221090344
-0.06564338769828654 3.125539221090344
0.8634581493433011 -3.098904648067963
-2.3554977777886945 -3.098904648067963
-1.466616207579279 -0.0933203686424465
1.6923447935532265 -0.0933203686424465
1.5861438499596814 3.130743027054509
-1.6393087179735042 3.130743027054509
0.0544213061510613 -3.1166912123978703
-3.0990067544383213 -3.1166912123978703
-1.8567483308564006 3.0313925441488045
1.338821251332893 3.0313925441488045
-1.2940425197581693 3.1159333510120537
1.9288256795687466 3.1159333510120537
-0.13380863755358782 3.089814827475927
3.0395774866960896 3.089814827475927
0.7350944269061069 0.008114770159170613
-2.475139015844696 0.008114770159170613
2.3469721062405866 -3.0286723585482562
-0.8086168961331542 -3.0286723585482562
-3.0807275602368063 3.101586604595531
0.07556002109157704 3.101586604595531
-0.9690697880069902 -3.097298141775044
2.258738683533486 -3.097298141775044
-0.1061080951492707 3.0966199305045907
3.05970757938988 3.0966199305045907
-0.18995950439808762 0.21555992649313457
2.947685971185842 0.21555992649313457
-2.79585548125954 3.1149753000363534
0.40982559446783096 3.1149753000363534
-1.2128186306156694 0.3146119701422405
1.9667094999323695 0.3146119701422405
2.3331925788846317 -3.101919666738984
-0.8843400239235919 -3.101919666738984
2.695833389277174 0.16239432614471017
-0.48169755795927593 0.16239432614471017
-2.3796941421361337 3.0730462293012706
0.8224319153339175 3.0730462293012706
-3.0721090520707337 3.124199840311985
0.07768447139558174 3.124199840311985
-1.6578734241424935 -3.0639066228393026
1.529359367083934 -3.0639066228393026
