Torsion_1 Torsion_2
-1.2090834381549491 3.026038056757044
1.8646040537880102 3.026038056757044
-2.2431168986381835 1.4286865239502768
1.9630390695696318 -2.832147959447709
0.9269462511742381 1.4286865239502768
-1.1500830877975334 -2.832147959447709
-1.96419231885991 2.92242036609331
1.1866975989543618 2.92242036609331
-1.2518753767427622 -1.360259247181858
1.9164572511027904 -1.360259247181858
0.9759313464250013 1.2329206634128633
-2.172547479123148 1.2329206634128633
1.897268595724139 2.8264341161241324
-0.15587678601589194 -1.4801955415274475
-1.17639396194365 2.8264341161241324
3.0536459634959052 -1.4801955415274475
-0.008695378349388633 -2.9848783348777177
3.1397073360038754 -2.9848783348777177
0.7460274576653574 1.171122065053742
-2.4004737038044834 1.171122065053742
-1.1539098154082483 -1.293683095716596
2.0861140837635452 -1.293683095716596
3.070648581220627 2.8308409792596514
-0.10710150918607642 2.8308409792596514
1.8619375349855078 -2.829792742655415
-2.329525049069409 1.5660572510654944
-1.2341327066497159 -2.829792742655415
0.8575900164749539 1.5660572510654944
-2.4417897278825516 0.994924424179807
0.7253374022155262 0.994924424179807
2.9451550785987997 3.1064926376788446
-0.23034718129792864 3.1064926376788446
-1.1959366185622398 -1.305238221653264
1.9224436522223312 -1.305238221653264
-0.8353456397578785 -1.055938853167008
2.341322886753335 -1.055938853167008
0.1469966523283157 -2.9964737122130702
-3.0318064178793724 -2.9964737122130702
1.0250944201432537 1.09005107293234
-2.251949191999143 1.09005107293234
0.6627375489615707 2.7938030822597955
-2.5557876887628006 2.7938030822597955
-2.4972176648952633 1.3894701792675108
0.6370929385172595 1.3894701792675108
-2.236753128666723 1.0729213885434663
0.9066324857237409 1.0729213885434663
-2.23673248753419 1.072814393579045
0.9066964506719457 1.072814393579045
-1.212957802131644 -1.001580947749183
2.892029018746939 -2.9784184355180456
1.9927855298412678 -1.001580947749183
-0.185412956459736 -2.9784184355180456
2.4327195069581538 -3.0760990762321465
-0.7412559631159675 -3.0760990762321465
1.6786588593907523 2.8674673876747847
-1.4505288033204071 2.8674673876747847
-0.5105711028708318 -1.2137989619507104
2.602323856124952 -1.2137989619507104
1.4436378379083243 1.1220372695089007
-1.6617560486294087 1.1220372695089007
-0.705748096639046 2.748017177885861
2.5086610836275214 2.748017177885861
0.8827384265208319 1.3728495960850613
-2.30498913266313 1.3728495960850613
-2.5654405891052634 1.4271166431149038
0.6072701581923905 1.4271166431149038
2.0602086824438377 -1.035107567042901
-1.0357080432232237 -1.035107567042901
-2.585222500447454 2.8464080581879405
1.5253302321444941 1.1378423045256139
0.5351850990573921 2.8464080581879405
-1.6374474755302464 1.1378423045256139
-2.828419919289276 1.4241985377794173
0.27560157344021746 1.4241985377794173
1.7122733084195705 -3.004338058538595
-1.374863774497883 -3.004338058538595
2.758781439126201 -1.2632115960987984
-0.4325447715178839 -1.2632115960987984
0.9463847403170453 1.2151717197221448
-2.1799468553176466 1.2151717197221448
-0.5787343787111325 -1.3453785171625503
2.6528880811689883 -1.3453785171625503
2.51314775673101 -1.205393370255043
-0.5460735764708238 -1.205393370255043
0.7656654838817403 0.9977726494913108
-2.3978557952907815 0.9977726494913108
1.0169077562791276 1.1021384320377854
-2.089824566005084 1.1021384320377854
-2.688568005500428 -3.0002817356414373
0.49377443673993676 -3.0002817356414373
0.09478727925725948 -1.565701381553904
-3.066057719242864 -1.565701381553904
-2.3484908276834826 1.3815127190812426
0.8224898630937462 1.3815127190812426
2.3393170529558023 -1.9178196207016274
-0.8238005572147917 -1.9178196207016274
2.0084018767417264 -1.678316707223515
-2.2748540087109084 2.777333775883515
-1.135151519616759 -1.678316707223515
0.8647779021101929 2.777333775883515
2.8703879523957605 -1.2524432991201315
-0.2924019783899565 -1.2524432991201315
2.663392086305463 -1.2872911185002431
-0.5361533486280621 -1.2872911185002431
0.8753396995879387 1.2656831495237142
-2.3120426883194516 1.2656831495237142
-2.0652214807949547 1.6271732982958447
1.0584043894469761 1.6271732982958447
-2.579632075565228 1.2199207878952854
0.5374789805202383 1.2199207878952854
-0.37979752400125155 -2.586679620780864
2.8010179900811534 -2.586679620780864
-2.462096122434842 2.4952316360887568
0.691619628987506 2.4952316360887568
-0.4262869851031632 -1.6350933955060587
2.7679648784755093 -1.6350933955060587
0.478846393833994 1.265002607930698
-2.652047559699211 1.265002607930698
2.2524523653722666 -2.8545051331501883
-0.8491112991993106 -2.8545051331501883
-0.8706728529557085 2.8535241175958754
2.3022677783214682 2.8535241175958754
-3.0732413973138866 -2.1595830836778926
0.0686347318034129 -2.1595830836778926
-2.712302099695377 1.2663016121274888
0.42866912952212705 1.2663016121274888
2.5701686189855866 -1.3790274931451423
-0.566423811780043 -1.3790274931451423
2.533580328915663 -3.052037050814087
-0.6716553995087913 -3.052037050814087
1.2714450327651827 2.9508334845276316
-1.8579415091634814 2.9508334845276316
-2.8989964969040534 2.4173158568032287
0.22401420413047043 2.4173158568032287
2.1484646626035517 -1.711426470295817
-1.0125297135819638 -1.711426470295817
-2.624753934916118 2.7674446100277232
0.5506211046398015 2.7674446100277232
-0.8794803597447045 -1.3707046938988559
2.2674485854477378 -1.3707046938988559
2.4394915260800216 -1.1875631977255088
-0.7028112016691107 -1.1875631977255088
2.4396353225316236 -1.1875973962153525
-0.7027129279599768 -1.1875973962153525
2.3615712989476725 -1.0200679879416212
-0.8434726474011026 -1.0200679879416212
2.0041691820762093 -1.3735822007745595
-1.0583334989504827 -1.3735822007745595
2.388169703158823 -1.2846528615761141
-0.7093963308537964 -1.2846528615761141
1.2267022607347675 3.018171902730359
-1.8661804469016803 3.018171902730359
-1.0492488335616117 -1.3150529973926677
2.1288617296093184 -1.3150529973926677
2.330525194321846 -1.2157072425791156
-0.7726287318492542 -1.2157072425791156
1.5996409036114851 -2.7774733401827145
-1.496633285172776 -2.7774733401827145
0.7173330098097104 1.3092195496276107
-2.4343079934009832 1.3092195496276107
-0.6860895162329723 -1.2248193595974388
2.4368490391628823 -1.2248193595974388
-1.5179865008031808 2.6216575303280245
1.6553123288703115 2.6216575303280245
-0.5304093182943738 -1.4820770238458703
2.666743788747311 -1.4820770238458703
2.091114197986809 -1.1788101705881637
-1.0157573751562639 -1.1788101705881637
-2.120651635564124 3.003911793812458
2.1635395807179605 -1.9214744402286643
1.034010042551218 3.003911793812458
-0.9649840483462839 -1.9214744402286643
-0.49926100189731315 -1.3818646371771908
2.610463122665291 -1.3818646371771908
2.0041691820762093 -1.3735822007745595
-1.0583334989504827 -1.3735822007745595
2.812911563572885 -1.4539662286332629
-0.37412403728033966 -1.4539662286332629
-0.6610938100632415 -1.7408579845183036
2.454132141246054 -1.7408579845183036
