Torsion_1 Torsion_2
-1.801151547716434 -1.7528167086476416
-1.801151547716434 1.3026629824175402
1.3117528963371052 -1.7528167086476416
1.3117528963371052 1.3026629824175402
0.8585682934387768 -2.2914708230337784
0.8585682934387768 0.7999325924083222
-2.265917887839554 -2.2914708230337784
-2.265917887839554 0.7999325924083222
-2.0786878116398286 0.8812617027739059
-2.0786878116398286 -2.1521165015201125
1.0450079680930824 0.8812617027739059
1.0450079680930824 -2.1521165015201125
0.7294426796252603 0.8122836641219352
0.7294426796252603 -2.3095888200821
-2.378676228999195 0.8122836641219352
-2.378676228999195 -2.3095888200821
-0.724601635809744 2.3013498945001287
-0.724601635809744 -0.8175925068095071
2.382394133394541 2.3013498945001287
2.382394133394541 -0.8175925068095071
0.9252382198375293 0.718664595675732
0.9252382198375293 -2.3845625641510533
-2.168790462277462 0.718664595675732
-2.168790462277462 -2.3845625641510533
-2.351570916133688 1.2912451298578065
-2.351570916133688 -1.8256068874513625
0.8224687073421195 1.2912451298578065
0.8224687073421195 -1.8256068874513625
2.1778432850679708 -0.9878740204854132
2.1778432850679708 2.1721466509148777
-0.9739194608815592 -0.9878740204854132
-0.9739194608815592 2.1721466509148777
2.5850711511015083 1.9037181770062317
2.5850711511015083 -1.2066033934688725
-0.5304945052565885 1.9037181770062317
-0.5304945052565885 -1.2066033934688725
-2.2301036158649445 -2.2933706711860786
-2.2301036158649445 0.8380611468879977
0.8783263612283608 -2.2933706711860786
0.8783263612283608 0.8380611468879977
0.6322931035983 0.8911618423170088
0.6322931035983 -2.245712612295112
-2.4086039152239 0.8911618423170088
-2.4086039152239 -2.245712612295112
-2.489884268316443 0.8065197131824876
-2.489884268316443 -2.2882635770831494
0.6144110924832806 0.8065197131824876
0.6144110924832806 -2.2882635770831494
1.161247972973537 0.186451406510529
1.161247972973537 -2.9768708745936676
-1.9766067353858503 0.186451406510529
-1.9766067353858503 -2.9768708745936676
1.2933069833356934 -2.7369993039581044
1.2933069833356934 0.4027306476733261
-1.6674428017666703 -2.7369993039581044
-1.6674428017666703 0.4027306476733261
2.3722581868861856 2.771106971808426
2.3722581868861856 -0.44190359977847404
-0.8207469151688468 2.771106971808426
-0.8207469151688468 -0.44190359977847404
-1.4194378224933994 -1.006430070826472
-1.4194378224933994 2.105831545072786
1.7423971813160495 -1.006430070826472
1.7423971813160495 2.105831545072786
-2.407155607724885 -2.3675773690741506
-2.407155607724885 0.7200616155995629
0.6722697215567558 -2.3675773690741506
0.6722697215567558 0.7200616155995629
-2.2836130718689045 -2.37557780887303
-2.2836130718689045 0.7555427261063412
0.8164523062145145 -2.37557780887303
0.8164523062145145 0.7555427261063412
1.074983496756528 -1.216041721545497
1.074983496756528 1.8859978257204089
-2.049934592639554 -1.216041721545497
-2.049934592639554 1.8859978257204089
-2.3970401332744777 0.8304962229411411
-2.3970401332744777 -2.2741073721560308
0.6971219182311597 0.8304962229411411
0.6971219182311597 -2.2741073721560308
2.4273974905925355 2.2282936286035566
2.4273974905925355 -0.8969385571498077
-0.7217460109089252 2.2282936286035566
-0.7217460109089252 -0.8969385571498077
2.355131554838447 -0.5538993996474271
2.355131554838447 2.281402383675063
-0.809935432357583 -0.5538993996474271
-0.809935432357583 2.281402383675063
2.5524295327117006 -0.5896959367693506
2.5524295327117006 2.524426148830896
-0.5353725692393215 -0.5896959367693506
-0.5353725692393215 2.524426148830896
-2.4904988252413034 0.43361739510250796
-2.4904988252413034 -2.423694764193066
0.7154076369133971 0.43361739510250796
0.7154076369133971 -2.423694764193066
0.8684938418130477 -2.389705898909228
0.8684938418130477 0.7072324714078755
-2.22355589095166 -2.389705898909228
-2.22355589095166 0.7072324714078755
-1.9541749735225284 -3.121587716095652
-1.9541749735225284 0.052622290680266484
1.1748648595212294 -3.121587716095652
1.1748648595212294 0.052622290680266484
-0.09119019571480835 -1.5419790660958053
-0.09119019571480835 1.5733120173923751
3.0737822083452535 -1.5419790660958053
3.0737822083452535 1.5733120173923751
-2.376490522260905 -2.7176548319189946
-2.376490522260905 0.45687452418499247
0.8063944836409441 -2.7176548319189946
0.8063944836409441 0.45687452418499247
1.0699625756295503 1.2227616167273003
1.0699625756295503 -1.846064602487098
-2.0371128933591804 1.2227616167273003
-2.0371128933591804 -1.846064602487098
2.0485374173810103 -1.079378317162407
2.0485374173810103 1.9924755602486508
-1.049557882153579 -1.079378317162407
-1.049557882153579 1.9924755602486508
2.0362728768788028 2.427733665593145
2.0362728768788028 -0.679501985260039
-1.0600489564965858 2.427733665593145
-1.0600489564965858 -0.679501985260039
-0.729818613070009 -0.82832386456513
-0.729818613070009 2.298109903366896
2.38887668239913 -0.82832386456513
2.38887668239913 2.298109903366896
2.3921596328746246 2.310251989556037
2.3921596328746246 -0.7996162702244957
-0.697017183400164 2.310251989556037
-0.697017183400164 -0.7996162702244957
-1.9161073122754972 0.6033915010544014
-1.9161073122754972 -2.520813566744425
1.200784714870889 0.6033915010544014
1.200784714870889 -2.520813566744425
-0.9953612510456114 2.152941384002165
-0.9953612510456114 -0.967161346498729
2.143018629170739 2.152941384002165
2.143018629170739 -0.967161346498729
1.7787249009152313 -0.608823015357868
1.7787249009152313 2.4840510992144558
-1.2904170121939482 -0.608823015357868
-1.2904170121939482 2.4840510992144558
-1.722853690762165 -1.8596359904641349
-1.722853690762165 1.2580312363111499
1.3412481374595622 -1.8596359904641349
1.3412481374595622 1.2580312363111499
-0.5343339674027547 2.457912939255866
-0.5343339674027547 -0.654582917754965
2.5647156542310396 2.457912939255866
2.5647156542310396 -0.654582917754965
2.4756062035499546 2.4755963020303744
2.4756062035499546 -0.608184420250985
-0.6080227266824572 2.4755963020303744
-0.6080227266824572 -0.608184420250985
0.9425432113104173 -2.158096704059469
0.9425432113104173 0.9068999862952508
-2.15311304012705 -2.158096704059469
-2.15311304012705 0.9068999862952508
-2.4443108374139384 0.4660794278717634
-2.4443108374139384 -2.3774050828355566
0.7406752566268773 0.4660794278717634
0.7406752566268773 -2.3774050828355566
1.1562041061573542 -3.0892393373992086
1.1562041061573542 0.07596279764435898
-1.9460288238627026 -3.0892393373992086
-1.9460288238627026 0.07596279764435898
-2.2517929713593148 0.6646646803300919
-2.2517929713593148 -2.4338765032027934
0.8454752911994513 0.6646646803300919
0.8454752911994513 -2.4338765032027934
-2.1599071997162413 0.9152536258348968
-2.1599071997162413 -2.173096934391032
0.9053624486780665 0.9152536258348968
0.9053624486780665 -2.173096934391032
2.3874900975759705 2.2656692577545487
2.3874900975759705 -0.8376856426785915
-0.7058391591089195 2.2656692577545487
-0.7058391591089195 -0.8376856426785915
-0.6329947363600019 2.2381063749641323
-0.6329947363600019 -0.8874782693307348
2.488889934064571 2.2381063749641323
2.488889934064571 -0.8874782693307348
0.9217299775827298 -3.0796173110193177
0.9217299775827298 0.14164478660751678
-2.1979197034924303 -3.0796173110193177
-2.1979197034924303 0.14164478660751678
2.2100600361169067 2.3766865021785457
2.2100600361169067 -0.715653238057046
-0.8857502617737593 2.3766865021785457
-0.8857502617737593 -0.715653238057046
-1.768969046413958 -1.7317231551181576
-1.768969046413958 1.3326142266762118
1.3808712061060562 -1.7317231551181576
1.3808712061060562 1.3326142266762118
2.1645170825175613 2.4139405920693893
2.1645170825175613 -0.7215264598309434
-0.9280708187649089 2.4139405920693893
-0.9280708187649089 -0.7215264598309434
1.6613356251509679 1.9260942177819358
1.6613356251509679 -1.1413981799679982
-1.479860918976061 1.9260942177819358
-1.479860918976061 -1.1413981799679982
0.7018802546651789 -2.2352299416951564
0.7018802546651789 0.8557373546888769
-2.3935711826529396 -2.2352299416951564
-2.3935711826529396 0.8557373546888769
2.488012339483512 2.46237599537155
2.488012339483512 -0.6151063239453769
-0.59469981430734 2.46237599537155
-0.59469981430734 -0.6151063239453769
-2.4302738756996147 -2.323594641031132
-2.4302738756996147 0.7754742162878882
0.6586827985815388 -2.323594641031132
0.6586827985815388 0.7754742162878882
-1.002382038979623 3.0847965482992192
-1.002382038979623 -0.08648872949908061
2.100851850136663 3.0847965482992192
2.100851850136663 -0.08648872949908061
1.8455798220266204 -0.5365303199255758
1.8455798220266204 2.6091991591970016
-1.2629857500856834 -0.5365303199255758
-1.2629857500856834 2.6091991591970016
1.073479871171649 0.7408723740518599
1.073479871171649 -2.444635358025823
-2.0700078248081755 0.7408723740518599
-2.0700078248081755 -2.444635358025823
2.4521376513848923 -0.9998789816871063
2.4521376513848923 2.1526575303472324
-0.669440674398496 -0.9998789816871063
-0.669440674398496 2.1526575303472324
-2.6786674236730867 -1.4605120917270966
-2.6786674236730867 1.716794459079557
0.4850502011835349 -1.4605120917270966
0.4850502011835349 1.716794459079557
2.0184861951181903 2.4682093956142763
2.0184861951181903 -0.6013578910608336
-1.05248807000053 2.4682093956142763
-1.05248807000053 -0.6013578910608336
-1.750469913548143 0.4503927920023273
-1.750469913548143 -2.6341597924102795
1.1044157100876975 0.4503927920023273
1.1044157100876975 -2.6341597924102795
-1.4485992300863926 -1.4056294296412921
-1.4485992300863926 1.863732023672521
1.6642914332213463 -1.4056294296412921
1.6642914332213463 1.863732023672521
2.634129978597943 -1.050313021846721
2.634129978597943 2.023204485971484
-0.5350019170880482 -1.050313021846721
-0.5350019170880482 2.023204485971484
-3.1133844221241906 -1.8432442064032577
-3.1133844221241906 1.2462015613285968
0.030221402852928483 -1.8432442064032577
0.030221402852928483 1.2462015613285968
2.093242306396249 -0.5344264395230358
2.093242306396249 2.631842785647801
-1.0186517970326283 -0.5344264395230358
-1.0186517970326283 2.631842785647801
-1.703126789118895 -2.1525978378277375
-1.703126789118895 0.9232940733649743
1.378133429145493 -2.1525978378277375
1.378133429145493 0.9232940733649743
-2.3957502935170596 -2.565804445040503
-2.3957502935170596 0.5935713089328306
0.8163616291236403 -2.565804445040503
0.8163616291236403 0.5935713089328306
-0.7926304245183435 -0.979025606899261
-0.7926304245183435 2.147584591446093
2.336603556956259 -0.979025606899261
2.336603556956259 2.147584591446093
-1.6761073818122163 0.143683346324608
-1.6761073818122163 -3.0058950684849313
1.4621243074553005 0.143683346324608
1.4621243074553005 -3.0058950684849313
-1.0127900992946415 2.396140480183142
-1.0127900992946415 -0.7504896075931042
2.0719803405086 2.396140480183142
2.0719803405086 -0.7504896075931042
2.417860922467426 -1.0783259790837625
2.417860922467426 1.9940066886485848
-0.6626063844526657 -1.0783259790837625
-0.6626063844526657 1.9940066886485848
-1.1659975093678874 -0.4303938828685889
-1.1659975093678874 2.7216974564699488
2.0179363633285687 -0.4303938828685889
2.0179363633285687 2.7216974564699488
-2.6775124599432685 -1.9872984225994126
-2.6775124599432685 1.0857345064490476
0.5082648309530591 -1.9872984225994126
0.5082648309530591 1.0857345064490476
-2.1044292761815453 0.4551619833428815
-2.1044292761815453 -2.7113793830015926
1.0947376819363301 0.4551619833428815
1.0947376819363301 -2.7113793830015926
2.0178693923419635 2.4685277007875386
2.0178693923419635 -0.6013636772663368
-1.0528400343906048 2.4685277007875386
-1.0528400343906048 -0.6013636772663368
2.254653889570819 2.994252695078548
2.254653889570819 -0.23758454262179127
-0.8370526718657897 2.994252695078548
-0.8370526718657897 -0.23758454262179127
-1.2251743924648562 2.7173245378780524
-1.2251743924648562 -0.408410225410109
2.0531080993857476 2.7173245378780524
2.0531080993857476 -0.408410225410109
1.9699116224093616 3.1231593199681513
1.9699116224093616 0.02768310034172997
-1.1257714331054771 3.1231593199681513
-1.1257714331054771 0.02768310034172997
0.9992482834461144 0.4750160696415265
0.9992482834461144 -2.705802275341468
-1.9033977741185386 0.4750160696415265
-1.9033977741185386 -2.705802275341468
-2.3681752928280213 -2.6028808113443413
-2.3681752928280213 0.5636308721475461
0.7305373526962309 -2.6028808113443413
0.7305373526962309 0.5636308721475461
1.766722697381732 -1.4550377449991962
1.766722697381732 1.6742491848463623
-1.3130635021087496 -1.4550377449991962
-1.3130635021087496 1.6742491848463623
-0.6331516184266063 -0.9796801890569274
-0.6331516184266063 2.1299114084760165
2.519258757514836 -0.9796801890569274
2.519258757514836 2.1299114084760165
1.5528402109432689 -3.1055293066800793
1.5528402109432689 0.1536689280961463
-1.5581778958827024 -3.1055293066800793
-1.5581778958827024 0.1536689280961463
-1.0292570429817671 2.3411131484632532
-1.0292570429817671 -0.788862899860875
2.0696405947077103 2.3411131484632532
2.0696405947077103 -0.788862899860875
1.5777484477952997 -1.330252185204165
1.5777484477952997 1.8145411429246274
-1.6134724030741132 -1.330252185204165
-1.6134724030741132 1.8145411429246274
2.015240710823249 2.4762919078910786
2.015240710823249 -0.6162314517721691
-1.039422141369464 2.4762919078910786
-1.039422141369464 -0.6162314517721691
2.397676112578776 -0.9645575748063155
2.397676112578776 2.06232084258604
-0.7392429468870874 -0.9645575748063155
-0.7392429468870874 2.06232084258604
-2.2538830841091455 0.9798343001974977
-2.2538830841091455 -2.069792802750084
0.8018965327402909 0.9798343001974977
0.8018965327402909 -2.069792802750084
0.30945869273509147 -1.1626568521691156
0.30945869273509147 2.025487023657497
-2.824332863479612 -1.1626568521691156
-2.824332863479612 2.025487023657497
0.8037363683969094 -2.509375535070058
0.8037363683969094 0.6378895787909566
-2.380960523355673 -2.509375535070058
-2.380960523355673 0.6378895787909566
-1.3665293604866329 2.7018532968100675
-1.3665293604866329 -0.3750209804378455
1.76186138743359 2.7018532968100675
1.76186138743359 -0.3750209804378455
2.353742522060085 -0.6676305726540046
2.353742522060085 2.4282908917242834
-0.7446308888235555 -0.6676305726540046
-0.7446308888235555 2.4282908917242834
2.68708713802613 -0.9739306032670244
2.68708713802613 2.168387913126465
-0.4301888301894384 -0.9739306032670244
-0.4301888301894384 2.168387913126465
2.3237139924521726 -0.8622883368637995
2.3237139924521726 2.268813724505432
-0.8043223230940894 -0.8622883368637995
-0.8043223230940894 2.268813724505432
-0.9594100400623435 3.0546981879018507
-0.9594100400623435 -0.08256356858653376
2.1867517438086352 3.0546981879018507
2.1867517438086352 -0.08256356858653376
-0.8324408700835715 -0.5178845015608499
-0.8324408700835715 2.6550587108677064
2.351097426508094 -0.5178845015608499
2.351097426508094 2.6550587108677064
0.634989570276093 -2.1455065986119837
0.634989570276093 0.9508689141974652
-2.537654394926213 -2.1455065986119837
-2.537654394926213 0.9508689141974652
2.0247293554632684 2.4727141866332865
2.0247293554632684 -0.6016714634141057
-1.0512833256421554 2.4727141866332865
-1.0512833256421554 -0.6016714634141057
-2.3957502935170596 -2.565804445040503
-2.3957502935170596 0.5935713089328306
0.8163616291236403 -2.565804445040503
0.8163616291236403 0.5935713089328306
2.5528482585304824 -1.0540906187504309
2.5528482585304824 2.0417347115867233
-0.5917583184291365 -1.0540906187504309
-0.5917583184291365 2.0417347115867233
1.075893884856259 0.6612118647665932
1.075893884856259 -2.4388485298160965
-2.0164573904141823 0.6612118647665932
-2.0164573904141823 -2.4388485298160965
-2.192268060336478 0.9125460311840593
-2.192268060336478 -2.196284185562196
0.9218884489427317 0.9125460311840593
0.9218884489427317 -2.196284185562196
1.2248004255541347 -2.6329855586830266
1.2248004255541347 0.5374996629155387
-1.8711246146029468 -2.6329855586830266
-1.8711246146029468 0.5374996629155387
0.10021195658089942 0.9480131362437365
0.10021195658089942 -2.1912519287556655
-3.0647988087291695 0.9480131362437365
-3.0647988087291695 -2.1912519287556655
-0.9090238119045789 -0.794282269042489
-0.9090238119045789 2.3618546961798317
2.2212882750743956 -0.794282269042489
2.2212882750743956 2.3618546961798317
2.2211029182205477 2.3620842020863946
2.2211029182205477 -0.7939748444165372
-0.9093249382559367 2.3620842020863946
-0.9093249382559367 -0.7939748444165372
-2.3315467281015567 1.2018765825210644
-2.3315467281015567 -1.9198221799879924
0.8331137730799154 1.2018765825210644
0.8331137730799154 -1.9198221799879924
2.461098712993241 2.46097364021897
2.461098712993241 -0.7054251998207761
-0.7053709101789679 2.46097364021897
-0.7053709101789679 -0.7054251998207761
-2.1824140789432014 0.5364909011460973
-2.1824140789432014 -2.630482631982631
0.9080373828741347 0.5364909011460973
0.9080373828741347 -2.630482631982631
2.0817613548546507 1.7596600417023078
2.0817613548546507 -1.3163206303838155
-0.9444017974960045 1.7596600417023078
-0.9444017974960045 -1.3163206303838155
2.204725797602569 2.2260403671255693
2.204725797602569 -0.8671382709751754
-0.916161505985284 2.2260403671255693
-0.916161505985284 -0.8671382709751754
2.196490757107983 -0.9504539947882948
2.196490757107983 2.173751193612157
-0.9083639483225324 -0.9504539947882948
-0.9083639483225324 2.173751193612157
2.235569134887525 -0.8275359262028679
2.235569134887525 2.2854034543121133
-0.874449375832972 -0.8275359262028679
-0.874449375832972 2.2854034543121133
-2.1854600597020037 0.787273446816488
-2.1854600597020037 -2.3225024539857686
0.875540509351608 0.787273446816488
0.875540509351608 -2.3225024539857686
0.9559661553954327 0.7343882814293232
0.9559661553954327 -2.351375736897055
-2.2315235540229983 0.7343882814293232
-2.2315235540229983 -2.351375736897055
0.5970383671125037 1.1853475295156508
0.5970383671125037 -1.9725996150744975
-2.491931625594323 1.1853475295156508
-2.491931625594323 -1.9725996150744975
0.8847433498316375 1.291137903928449
0.8847433498316375 -1.8804312237807028
-2.265743792161518 1.291137903928449
-2.265743792161518 -1.8804312237807028
-2.3375180594897356 -2.3870987008761193
-2.3375180594897356 0.7046688684570257
0.742680306777977 -2.3870987008761193
0.742680306777977 0.7046688684570257
-2.3374762414220154 -2.387140933656122
-2.3374762414220154 0.7046736312182023
0.7426738423415516 -2.387140933656122
0.7426738423415516 0.7046736312182023
-1.0380850189050583 2.2652709280627854
-1.0380850189050583 -0.8618566172148056
2.0946114205624227 2.2652709280627854
2.0946114205624227 -0.8618566172148056
0.7394994891283991 0.8561216044002713
0.7394994891283991 -2.2771087350360193
-2.3443595714016188 0.8561216044002713
-2.3443595714016188 -2.2771087350360193
2.227488941891275 -0.7981109179384426
2.227488941891275 2.338870677716448
-0.8225363693437743 -0.7981109179384426
-0.8225363693437743 2.338870677716448
0.607800258997836 -2.4627607292051006
0.607800258997836 0.7677590822505175
-2.595210028678017 -2.4627607292051006
-2.595210028678017 0.7677590822505175
-2.2491753264754015 0.8159934872495161
-2.2491753264754015 -2.233251457591134
0.8204806505507234 0.8159934872495161
0.8204806505507234 -2.233251457591134
2.4714558640364066 1.2037176767478646
2.4714558640364066 -1.9168016298965758
-0.7393235845799903 1.2037176767478646
-0.7393235845799903 -1.9168016298965758
1.4020820191254675 2.922917657602628
1.4020820191254675 -0.1919266875881698
-1.7810535575336488 2.922917657602628
-1.7810535575336488 -0.1919266875881698
-2.9226919320936124 -1.4021204195990056
-2.9226919320936124 1.7809071959787581
0.19184727712405777 -1.4021204195990056
0.19184727712405777 1.7809071959787581
0.9129228638943732 -2.074833377022565
0.9129228638943732 1.0421850024413604
-2.2205444417363087 -2.074833377022565
-2.2205444417363087 1.0421850024413604
0.6155350351397898 0.9174715771489101
0.6155350351397898 -2.1411928249147767
-2.497881964750847 0.9174715771489101
-2.497881964750847 -2.1411928249147767
-1.986005436626801 -2.1851401220776467
-1.986005436626801 0.9171074634246605
1.151145561584209 -2.1851401220776467
1.151145561584209 0.9171074634246605
-1.7121269524962253 -3.0988650608130004
-1.7121269524962253 0.011945427999514414
1.5853912699145327 -3.0988650608130004
1.5853912699145327 0.011945427999514414
-2.077823006559424 -2.115005170762109
-2.077823006559424 0.9924604243485939
1.0432384633910066 -2.115005170762109
1.0432384633910066 0.9924604243485939
-2.3243100862827304 -2.443640543832235
-2.3243100862827304 0.7331267547778728
0.8032384791804991 -2.443640543832235
0.8032384791804991 0.7331267547778728
-0.5802081657698168 -1.0172819961287836
-0.5802081657698168 2.0728072849942247
2.46960491842987 -1.0172819961287836
2.46960491842987 2.0728072849942247
2.1985792152387567 -0.7660324383588326
2.1985792152387567 2.3084973078577113
-0.905303847224351 -0.7660324383588326
-0.905303847224351 2.3084973078577113
-2.209753874219823 -2.1385957294568727
-2.209753874219823 0.9569621137656387
0.9244369161899725 -2.1385957294568727
0.9244369161899725 0.9569621137656387
0.9570568398281382 -2.2097321869481354
0.9570568398281382 0.924308520613448
-2.1385306855780404 -2.2097321869481354
-2.1385306855780404 0.924308520613448
-1.977569791153969 3.126775265612831
-1.977569791153969 0.024117810745772652
1.1896864057854175 3.126775265612831
1.1896864057854175 0.024117810745772652
0.7403410767162332 -2.034242524655165
0.7403410767162332 1.0520341948231362
-2.380654875677723 -2.034242524655165
-2.380654875677723 1.0520341948231362
2.210822994427116 -0.9564969000398541
2.210822994427116 2.1199918485686244
-0.8333443106518517 -0.9564969000398541
-0.8333443106518517 2.1199918485686244
-0.6901745473206459 -1.4736489585692112
-0.6901745473206459 1.6066057376771503
2.44357637655462 -1.4736489585692112
2.44357637655462 1.6066057376771503
1.2448430264665864 0.4529543987745325
1.2448430264665864 -2.686238407004383
-1.9763962480217545 0.4529543987745325
-1.9763962480217545 -2.686238407004383
2.5246271265380646 -0.8926092714909053
2.5246271265380646 2.209174271320136
-0.6792842775748784 -0.8926092714909053
-0.6792842775748784 2.209174271320136
-2.505344856764954 -2.167425924046899
-2.505344856764954 1.015729112979264
0.6118624285953824 -2.167425924046899
0.6118624285953824 1.015729112979264
-0.6685380664966022 -0.6900458035882118
-0.6685380664966022 2.38132477824815
2.4064695563914458 -0.6900458035882118
2.4064695563914458 2.38132477824815
0.668691589765561 0.6900119174953421
0.668691589765561 -2.3815013064989783
-2.4063538823209476 0.6900119174953421
-2.4063538823209476 -2.3815013064989783
2.3002305727684074 -0.5517395536533808
2.3002305727684074 2.593862233598407
-0.9409872228434745 -0.5517395536533808
-0.9409872228434745 2.593862233598407
-2.4055177977723514 -2.3624481943385742
-2.4055177977723514 0.7718228622359541
0.696110389135029 -2.3624481943385742
0.696110389135029 0.7718228622359541
-2.5099047774696435 0.5693783541566774
-2.5099047774696435 -2.5101405979374234
0.5697746897803526 0.5693783541566774
0.5697746897803526 -2.5101405979374234
-1.2860155322259192 2.2449044871912562
-1.2860155322259192 -0.8763892666198659
1.7775091827909464 2.2449044871912562
1.7775091827909464 -0.8763892666198659
2.2647186392112273 2.3639318118055677
2.2647186392112273 -0.7339801659078327
-0.8332556683884838 2.3639318118055677
-0.8332556683884838 -0.7339801659078327
2.6158492366642725 -1.128600920644282
2.6158492366642725 2.080503191793351
-0.5480300537785077 -1.128600920644282
-0.5480300537785077 2.080503191793351
1.0133464430228405 0.45294464556870034
1.0133464430228405 -2.7166141022169397
-2.224804115047028 0.45294464556870034
-2.224804115047028 -2.7166141022169397
-2.74796418931148 -2.2517784281867863
-2.74796418931148 0.8718423953844701
0.41647997781124857 -2.2517784281867863
0.41647997781124857 0.8718423953844701
2.1857463740548453 2.2956178579671245
2.1857463740548453 -0.8050521100575835
-0.9299760781157864 2.2956178579671245
-0.9299760781157864 -0.8050521100575835
2.9313252777820846 -0.9369207877572137
2.9313252777820846 2.2319656903589293
-0.22115642722822232 -0.9369207877572137
-0.22115642722822232 2.2319656903589293
-2.138936107458006 0.4935187203552656
-2.138936107458006 -2.6349817375979523
1.0995762292989604 0.4935187203552656
1.0995762292989604 -2.6349817375979523
1.210562249463487 -2.2576952439443403
1.210562249463487 0.8836322705526065
-1.9494296682577652 -2.2576952439443403
-1.9494296682577652 0.8836322705526065
-2.281820623017828 0.9426139489494284
-2.281820623017828 -2.2183816993431904
0.8046828499752109 0.9426139489494284
0.8046828499752109 -2.2183816993431904
-1.0354925576220309 -0.6806827650268837
-1.0354925576220309 2.4294182406881237
2.069893724186611 -0.6806827650268837
2.069893724186611 2.4294182406881237
-2.3657297691948713 0.7926486322514688
-2.3657297691948713 -2.281485575814629
0.7585529723350902 0.7926486322514688
0.7585529723350902 -2.281485575814629
-2.222633284277317 0.9564008625355244
-2.222633284277317 -2.1466605816994777
0.8794264019540535 0.9564008625355244
0.8794264019540535 -2.1466605816994777
-2.2225411144483025 0.9562010301704378
-2.2225411144483025 -2.1467441338685505
0.8795489712306942 0.9562010301704378
0.8795489712306942 -2.1467441338685505
-2.2740272501677987 0.915907006414215
-2.2740272501677987 -2.136328465138303
0.8153720307402573 0.915907006414215
0.8153720307402573 -2.136328465138303
-2.3024886497495625 0.7563508560517085
-2.3024886497495625 -2.338580042406599
0.7583650219331519 0.7563508560517085
0.7583650219331519 -2.338580042406599
-2.1569237434901 -2.2986332304709745
-2.1569237434901 0.7793750388727764
0.9045536676405795 -2.2986332304709745
0.9045536676405795 0.7793750388727764
-2.315496271760585 0.952942595764065
-2.315496271760585 -2.1680879264926687
0.8450862944750926 0.952942595764065
0.8450862944750926 -2.1680879264926687
-2.1680555654195186 -2.315426112799378
-2.1680555654195186 0.8449074618580097
0.9529712466039515 -2.315426112799378
0.9529712466039515 0.8449074618580097
2.738162025124542 -1.1819547575247964
2.738162025124542 1.9152930782069042
-0.3959715358589844 -1.1819547575247964
-0.3959715358589844 1.9152930782069042
-0.9000869426040896 2.279868500565032
-0.9000869426040896 -0.8230139197456157
2.1941470176161686 2.279868500565032
2.1941470176161686 -0.8230139197456157
-0.8999115961229689 -0.8230996039384922
-0.8999115961229689 2.279891889598073
2.1941719719862918 -0.8230996039384922
2.1941719719862918 2.279891889598073
2.2969601601945633 -0.8420916567453463
2.2969601601945633 2.2066921150347674
-0.8329094848592185 -0.8420916567453463
-0.8329094848592185 2.2066921150347674
-0.7017906902069748 2.2167743516526905
-0.7017906902069748 -0.8178338474194186
2.3876478298002786 2.2167743516526905
2.3876478298002786 -0.8178338474194186
-1.9932544348584496 -2.0897492453200504
-1.9932544348584496 1.0226048146177744
1.0563262982900414 -2.0897492453200504
1.0563262982900414 1.0226048146177744
2.368553074370366 -0.7587305072416175
2.368553074370366 2.39646667398869
-0.8130646088318468 -0.7587305072416175
-0.8130646088318468 2.39646667398869
-2.2471558576279937 0.7588236714639917
-2.2471558576279937 -2.38590793201448
0.7733680615609252 0.7588236714639917
0.7733680615609252 -2.38590793201448
0.9854831845738575 0.789036142509054
0.9854831845738575 -2.3312693940207687
-2.0535228019674956 0.789036142509054
-2.0535228019674956 -2.3312693940207687
2.9918814061906813 2.160722264207432
2.9918814061906813 -1.0121784064466288
-0.2526906234640427 2.160722264207432
-0.2526906234640427 -1.0121784064466288
-0.9935102839344618 -0.48269649787039676
-0.9935102839344618 2.65928374127202
2.129137998305342 -0.48269649787039676
2.129137998305342 2.65928374127202
0.6092544989599721 -2.5617758975334106
0.6092544989599721 0.6209188802220923
-2.4882894638272144 -2.5617758975334106
-2.4882894638272144 0.6209188802220923
-2.26631169548872 0.7421150648956332
-2.26631169548872 -2.359307444632622
0.8356254850321133 0.7421150648956332
0.8356254850321133 -2.359307444632622
-1.2794277922332207 -0.4555002855224877
-1.2794277922332207 2.703285974352725
1.7927611096251168 -0.4555002855224877
1.7927611096251168 2.703285974352725
-2.3542983804979363 -2.303950182398918
-2.3542983804979363 0.7769462807195403
0.7847263732268914 -2.303950182398918
0.7847263732268914 0.7769462807195403
-2.141829298048254 0.7144048481419474
-2.141829298048254 -2.3845309717060448
1.00214102219186 0.7144048481419474
1.00214102219186 -2.3845309717060448
-0.9948916317496999 2.048529679561172
-0.9948916317496999 -1.0671715866500289
2.0824422770985067 2.048529679561172
2.0824422770985067 -1.0671715866500289
-0.8321795384711805 2.273521513578864
-0.8321795384711805 -0.775603055692024
2.2074967111789188 2.273521513578864
2.2074967111789188 -0.775603055692024
2.3139703738646524 -1.0083296483792565
2.3139703738646524 2.071857645697823
-0.8899927050186661 -1.0083296483792565
-0.8899927050186661 2.071857645697823
2.3138099930014504 -1.0081925653851853
2.3138099930014504 2.0720130796381797
-0.8902174709628317 -1.0081925653851853
-0.8902174709628317 2.0720130796381797
-2.230977357566949 0.7853356929498883
-2.230977357566949 -2.333680422558818
0.8947837299526229 0.7853356929498883
0.8947837299526229 -2.333680422558818
0.9394636247746799 -2.3346995953554153
0.9394636247746799 0.7565789424437828
-2.236143032392136 -2.3346995953554153
-2.236143032392136 0.7565789424437828
3.1192949449434213 1.4610516772514346
3.1192949449434213 -1.6986018503218556
0.016499965413610224 1.4610516772514346
0.016499965413610224 -1.6986018503218556
-3.1191446687227598 -1.4610129841389219
-3.1191446687227598 1.698483544795338
-0.016532151969724424 -1.4610129841389219
-0.016532151969724424 1.698483544795338
2.3340333532988855 2.175149876659861
2.3340333532988855 -0.9135054759207422
-0.7636963597262714 2.175149876659861
-0.7636963597262714 -0.9135054759207422
2.211281368948646 -0.7416640674519437
2.211281368948646 2.34319928354379
-0.9259378202205768 -0.7416640674519437
-0.9259378202205768 2.34319928354379
-1.5283847222944942 2.845143679668378
-1.5283847222944942 -0.3206306306541325
1.6481524307873994 2.845143679668378
1.6481524307873994 -0.3206306306541325
-2.15009943637115 -2.1944147057074646
-2.15009943637115 0.9379400039809423
1.0039552753082637 -2.1944147057074646
1.0039552753082637 0.9379400039809423
-1.0038422336337518 2.194417763871207
-1.0038422336337518 -0.9379956424670763
2.1500090271353165 2.194417763871207
2.1500090271353165 -0.9379956424670763
2.550043053989119 2.530314488602694
2.550043053989119 -0.6474888603607288
-0.533759165675487 2.530314488602694
-0.533759165675487 -0.6474888603607288
2.639567517041041 2.5049294539973515
2.639567517041041 -0.595625533793672
-0.49599371390261315 2.5049294539973515
-0.49599371390261315 -0.595625533793672
2.532719208719222 2.2621305954043827
2.532719208719222 -0.8904744683867353
-0.592746853171299 2.2621305954043827
-0.592746853171299 -0.8904744683867353
-2.986637884060919 -1.475879629707379
-2.986637884060919 1.2822845492281212
0.13773785730888458 -1.475879629707379
0.13773785730888458 1.2822845492281212
-1.4760091145480845 -2.98635200445344
-1.4760091145480845 0.13788703115297912
1.282184502945332 -2.98635200445344
1.282184502945332 0.13788703115297912
-2.6113630488156208 1.2224020518188365
-2.6113630488156208 -1.9284242028717424
0.491001779526731 1.2224020518188365
0.491001779526731 -1.9284242028717424
2.084926006983585 -0.4961184312761459
2.084926006983585 2.6344282217574655
-1.0638054189261525 -0.4961184312761459
-1.0638054189261525 2.6344282217574655
1.571569169471558 -1.678367935850488
1.571569169471558 1.4768833547285023
-1.533820202715893 -1.678367935850488
-1.533820202715893 1.4768833547285023
-1.5714189235126763 1.67830769592021
-1.5714189235126763 -1.4768928068604352
1.5339094506905482 1.67830769592021
1.5339094506905482 -1.4768928068604352
-1.0473121112311128 -0.4824518478146484
-1.0473121112311128 2.564791120683122
2.089272681247215 -0.4824518478146484
2.089272681247215 2.564791120683122
1.659120815244179 -0.4662604676788678
1.659120815244179 2.6301456434151236
-1.433425243564523 -0.4662604676788678
-1.433425243564523 2.6301456434151236
-2.279650237340363 0.6624677997930875
-2.279650237340363 -2.385836514860628
0.861839120638485 0.6624677997930875
0.861839120638485 -2.385836514860628
0.9022382594018121 0.8317331783025572
0.9022382594018121 -2.2972801996456678
-2.221117156369327 0.8317331783025572
-2.221117156369327 -2.2972801996456678
-2.306790375036472 -2.1846385302722653
-2.306790375036472 0.9287983201692189
0.8100623924148209 -2.1846385302722653
0.8100623924148209 0.9287983201692189
-2.080696170843426 0.9972769921412625
-2.080696170843426 -2.10755335469725
1.0488964140266144 0.9972769921412625
1.0488964140266144 -2.10755335469725
-2.317176558712996 0.7612308703718371
-2.317176558712996 -2.408827342219974
0.8067700936375193 0.7612308703718371
0.8067700936375193 -2.408827342219974
0.7820154506811042 -2.299119164173493
0.7820154506811042 0.7727621066040821
-2.353036465140012 -2.299119164173493
-2.353036465140012 0.7727621066040821
0.7153397369374981 -2.1386398841411447
0.7153397369374981 0.9986761517463265
-2.3803825956692797 -2.1386398841411447
-2.3803825956692797 0.9986761517463265
0.7050202429039372 -1.9476360075492354
0.7050202429039372 1.1232813255354133
-2.439570267639604 -1.9476360075492354
-2.439570267639604 1.1232813255354133
-0.6987979207525172 -1.0320790893602443
-0.6987979207525172 2.0896168089482536
2.381029477849947 -1.0320790893602443
2.381029477849947 2.0896168089482536
-0.8102419457069097 2.4089009843886804
-0.8102419457069097 -0.7190482659701939
2.288860328772532 2.4089009843886804
2.288860328772532 -0.7190482659701939
-2.1592035131325096 0.9429770840485256
-2.1592035131325096 -2.169845495564115
0.8913841806193661 0.9429770840485256
0.8913841806193661 -2.169845495564115
0.7444320879909652 -2.187331699455021
0.7444320879909652 0.9448383518218255
-2.391759622528114 -2.187331699455021
-2.391759622528114 0.9448383518218255
-2.7140974216997433 -2.1724015986026397
-2.7140974216997433 0.9515976709648627
0.45028743972969204 -2.1724015986026397
0.45028743972969204 0.9515976709648627
-0.8185870934615871 2.3615338366591545
-0.8185870934615871 -0.7633264228931957
2.273330100000891 2.3615338366591545
2.273330100000891 -0.7633264228931957
-0.9668003188981595 2.3504993667485468
-0.9668003188981595 -0.7511930284832808
2.1527076750567185 2.3504993667485468
2.1527076750567185 -0.7511930284832808
-0.8907544789736356 2.5986597799577837
-0.8907544789736356 -0.5739975617683751
2.187749441925574 2.5986597799577837
2.187749441925574 -0.5739975617683751
-0.8564978379247614 2.3944768352764245
-0.8564978379247614 -0.6659851130154277
2.2845042367027175 2.3944768352764245
2.2845042367027175 -0.6659851130154277
-1.0016830304287825 -0.6711890838657945
-1.0016830304287825 2.4485570179599074
2.051668582618287 -0.6711890838657945
2.051668582618287 2.4485570179599074
-1.0657183929231642 -0.9342627225956218
-1.0657183929231642 2.203599785483819
2.029383512472294 -0.9342627225956218
2.029383512472294 2.203599785483819
1.877436836643713 -0.6762078785824518
1.877436836643713 2.426849276122649
-1.22398253175615 -0.6762078785824518
-1.22398253175615 2.426849276122649
-0.8362919866251848 -0.9269254659506065
-0.8362919866251848 2.1511215421824375
2.2969099077419437 -0.9269254659506065
2.2969099077419437 2.1511215421824375
-2.4428742140670643 -2.260922895129167
-2.4428742140670643 0.8634224829115924
0.6401586490377312 -2.260922895129167
0.6401586490377312 0.8634224829115924
0.7351613171362812 -2.276615008145518
0.7351613171362812 0.8523196175412109
-2.4003741377006143 -2.276615008145518
-2.4003741377006143 0.8523196175412109
2.2911667440932018 2.2049310835691363
2.2911667440932018 -0.9084535384740013
-0.8549363210188812 2.2049310835691363
-0.8549363210188812 -0.9084535384740013
2.214819105000115 -0.8122211817517052
2.214819105000115 2.2610787239773704
-0.8515842081646334 -0.8122211817517052
-0.8515842081646334 2.2610787239773704
-2.350587700418979 0.8550049606096028
-2.350587700418979 -2.2565512031932062
0.741469174700396 0.8550049606096028
0.741469174700396 -2.2565512031932062
-2.1850722341376825 1.096684453060823
-2.1850722341376825 -2.0153895503303154
0.9256938579763347 1.096684453060823
0.9256938579763347 -2.0153895503303154
0.5997544469485061 -2.1834490935286928
0.5997544469485061 0.9357399060751248
-2.4509831324093945 -2.1834490935286928
-2.4509831324093945 0.9357399060751248
-2.4074427240623653 -2.1845583819362235
-2.4074427240623653 0.9518486778812151
0.673060941346609 -2.1845583819362235
0.673060941346609 0.9518486778812151
-0.8975677296705974 -0.8978381376692437
-0.8975677296705974 2.2038234677633235
2.2039130929456654 -0.8978381376692437
2.2039130929456654 2.2038234677633235
-3.024528267886243 -1.9520146408013328
-3.024528267886243 1.2485698947554555
0.16574079916411297 -1.9520146408013328
0.16574079916411297 1.2485698947554555
-2.2507835282936237 -2.2680678920933097
-2.2507835282936237 0.8639917246881647
0.872507188984222 -2.2680678920933097
0.872507188984222 0.8639917246881647
-1.8823412776206268 -2.1964777597909597
-1.8823412776206268 0.9255495777762138
1.2035861378169963 -2.1964777597909597
1.2035861378169963 0.9255495777762138
2.4424907008153265 -0.5323393270253004
2.4424907008153265 2.5488023841420917
-0.6130942985821022 -0.5323393270253004
-0.6130942985821022 2.5488023841420917
2.4383365842359117 2.2560048575320515
2.4383365842359117 -0.8734670686313641
-0.7178316823626394 2.2560048575320515
-0.7178316823626394 -0.8734670686313641
2.2876947408130293 -1.1622360985609728
2.2876947408130293 1.9711485175248633
-0.8191077271859936 -1.1622360985609728
-0.8191077271859936 1.9711485175248633
-0.9118795286397147 2.1438820975470727
-0.9118795286397147 -0.9632225150164175
2.24494781960786 2.1438820975470727
2.24494781960786 -0.9632225150164175
-2.1971782071180455 -2.3130364801610055
-2.1971782071180455 0.8204511011564326
0.8994148794798928 -2.3130364801610055
0.8994148794798928 0.8204511011564326
-2.3477400635023495 0.9768107895273838
-2.3477400635023495 -2.1643587504094457
0.774777620016613 0.9768107895273838
0.774777620016613 -2.1643587504094457
2.463273891480699 -1.1596394076482643
2.463273891480699 2.0141253026062667
-0.6878177972702215 -1.1596394076482643
-0.6878177972702215 2.0141253026062667
-2.1437634079684136 -2.338373966676499
-2.1437634079684136 0.7555844206980296
0.9604676225302893 -2.338373966676499
0.9604676225302893 0.7555844206980296
0.8174255723827546 0.7663324946553312
0.8174255723827546 -2.3637439905701676
-2.2713831567373433 0.7663324946553312
-2.2713831567373433 -2.3637439905701676
-2.7944296862494604 -2.230291480000597
-2.7944296862494604 0.9559720380767098
0.37296192548698465 -2.230291480000597
0.37296192548698465 0.9559720380767098
0.9127384744726321 -2.741135202267674
0.9127384744726321 0.40869194500640305
-2.1813950139699188 -2.741135202267674
-2.1813950139699188 0.40869194500640305
-0.8142793347611544 -0.917009757675625
-0.8142793347611544 2.1149836575556535
2.2792261961411815 -0.917009757675625
2.2792261961411815 2.1149836575556535
2.1742349513840713 -0.6698563332425518
2.1742349513840713 2.379197072628706
-0.9499780779913396 -0.6698563332425518
-0.9499780779913396 2.379197072628706
2.313468538459101 2.2193088763712243
2.313468538459101 -0.885722168742655
-0.7861563624736454 2.2193088763712243
-0.7861563624736454 -0.885722168742655
-0.7219965585929847 -0.9353125527428943
-0.7219965585929847 2.187572639080786
2.3544207522163476 -0.9353125527428943
2.3544207522163476 2.187572639080786
-1.0190541083557585 2.110254668292018
-1.0190541083557585 -0.9664092836242704
2.1757619991845925 2.110254668292018
2.1757619991845925 -0.9664092836242704
-2.142605127528646 1.3033940078988382
-2.142605127528646 -1.7903687563720463
1.0211831546405563 1.3033940078988382
1.0211831546405563 -1.7903687563720463
-1.02767989631957 -1.2218902801700968
-1.02767989631957 1.8752567351872569
2.1994994413436237 -1.2218902801700968
2.1994994413436237 1.8752567351872569
-1.1096660517461352 2.327491164354539
-1.1096660517461352 -0.8019825204818964
1.9852520748449909 2.327491164354539
1.9852520748449909 -0.8019825204818964
-2.6323905303974984 0.9512137919842308
-2.6323905303974984 -2.136697358896224
0.5048941275412374 0.9512137919842308
0.5048941275412374 -2.136697358896224
0.92505776009777 -2.515280018955304
0.92505776009777 0.5795909173158112
-2.17223523590869 -2.515280018955304
-2.17223523590869 0.5795909173158112
-2.2913012093565777 -2.2752250394842077
-2.2913012093565777 0.8650824723401545
0.8442782326039145 -2.2752250394842077
0.8442782326039145 0.8650824723401545
0.8961490316435382 0.832069746426425
0.8961490316435382 -2.290413664922481
-2.2246242025753222 0.832069746426425
-2.2246242025753222 -2.290413664922481
1.2449980566235141 -2.650718760587028
1.2449980566235141 0.5121506405591406
-1.8896731109759304 -2.650718760587028
-1.8896731109759304 0.5121506405591406
1.9766502711742202 -0.6745898524675694
1.9766502711742202 2.408708222183847
-1.1374627967697577 -0.6745898524675694
-1.1374627967697577 2.408708222183847
-0.4896424958314027 2.0806861173435096
-0.4896424958314027 -1.0081897403480662
2.690544274769142 2.0806861173435096
2.690544274769142 -1.0081897403480662
-0.8698234778633684 2.3693956679335373
-0.8698234778633684 -0.7247099035126294
2.23728370484149 2.3693956679335373
2.23728370484149 -0.7247099035126294
-0.8697526159728309 2.369376309815014
-0.8697526159728309 -0.7245668192109603
2.2371565836790146 2.369376309815014
2.2371565836790146 -0.7245668192109603
-0.43026075511537487 1.8526560692767307
-0.43026075511537487 -1.2138928090953178
2.7258655991712564 1.8526560692767307
2.7258655991712564 -1.2138928090953178
1.2139434960102584 -2.7259048959087613
1.2139434960102584 0.4302094385800752
-1.852624679659958 -2.7259048959087613
-1.852624679659958 0.4302094385800752
-1.4380601842464062 3.0589945706219677
-1.4380601842464062 -0.037835534376356214
1.6874797952559255 3.0589945706219677
1.6874797952559255 -0.037835534376356214
-2.128340264518362 -2.2152858096795023
-2.128340264518362 0.8428506474049677
0.9775913510202049 -2.2152858096795023
0.9775913510202049 0.8428506474049677
0.810578793291773 0.7706150287550073
0.810578793291773 -2.3282554945141514
-2.2778808961203376 0.7706150287550073
-2.2778808961203376 -2.3282554945141514
-1.9931203006459337 0.6053028003508522
-1.9931203006459337 -2.5324886325233544
1.1215921174743038 0.6053028003508522
1.1215921174743038 -2.5324886325233544
0.8556180399749495 -2.123829204100393
0.8556180399749495 1.0003732603184594
-2.2469798280230733 -2.123829204100393
-2.2469798280230733 1.0003732603184594
1.3567837794996997 -2.231853896910648
1.3567837794996997 0.8926001792551028
-1.7334003195177015 -2.231853896910648
-1.7334003195177015 0.8926001792551028
2.4437995832845743 -0.5343832449760835
2.4437995832845743 2.5461460057260874
-0.6130306907303167 -0.5343832449760835
-0.6130306907303167 2.5461460057260874
1.1975679234473284 -2.573489595713169
1.1975679234473284 0.51341928606949
-1.945851113866252 -2.573489595713169
-1.945851113866252 0.51341928606949
1.19261954891226 0.6075242048318561
1.19261954891226 -2.4670859374768974
-1.9357610533434888 0.6075242048318561
-1.9357610533434888 -2.4670859374768974
-2.4948799062488494 -2.3251221188070708
-2.4948799062488494 0.8581082474700128
0.6462169440776889 -2.3251221188070708
0.6462169440776889 0.8581082474700128
-1.389615401958758 2.258920016468159
-1.389615401958758 -0.7928881743348609
1.6967347725684239 2.258920016468159
1.6967347725684239 -0.7928881743348609
-2.3662912392198097 -2.318922007163577
-2.3662912392198097 0.8166524528752156
0.7345659477021109 -2.318922007163577
0.7345659477021109 0.8166524528752156
2.1524149186726302 2.3591828901905507
2.1524149186726302 -0.7528191653445736
-0.9688730244459557 2.3591828901905507
-0.9688730244459557 -0.7528191653445736
-0.7618880685656637 2.2682928738104127
-0.7618880685656637 -0.8265791352198568
2.3659711100398026 2.2682928738104127
2.3659711100398026 -0.8265791352198568
-1.0645643435448724 -3.1183895439776905
-1.0645643435448724 0.0026003907657463875
2.085519365469379 -3.1183895439776905
2.085519365469379 0.0026003907657463875
-0.7540066350087066 2.143615723987312
-0.7540066350087066 -0.9810528186227648
2.414772940796371 2.143615723987312
2.414772940796371 -0.9810528186227648
2.0899514361183593 -0.7276684665510602
2.0899514361183593 2.3931845015951034
-0.9825875290669551 -0.7276684665510602
-0.9825875290669551 2.3931845015951034
-0.656190025180474 2.1975217087144725
-0.656190025180474 -0.9184181623436678
2.4221979831109492 2.1975217087144725
2.4221979831109492 -0.9184181623436678
2.3835925722069358 2.0696883014127243
2.3835925722069358 -1.0255203178654446
-0.7154390984679637 2.0696883014127243
-0.7154390984679637 -1.0255203178654446
-1.5360069226574853 0.44358947875315896
-1.5360069226574853 -2.7343452304596614
1.6074493684095714 0.44358947875315896
1.6074493684095714 -2.7343452304596614
2.8659115846671495 -0.9192931862876721
2.8659115846671495 2.2140392795329427
-0.3862398970857014 -0.9192931862876721
-0.3862398970857014 2.2140392795329427
-0.7720108916277285 -0.8560455878715773
-0.7720108916277285 2.2527423674368876
2.305188207103865 -0.8560455878715773
2.305188207103865 2.2527423674368876
-0.9888090665425227 2.135908668829279
-0.9888090665425227 -0.9393925291076058
2.1022962094218682 2.135908668829279
2.1022962094218682 -0.9393925291076058
2.5440969777968254 -1.031573285337534
2.5440969777968254 2.0511571035638876
-0.5952853776322684 -1.031573285337534
-0.5952853776322684 2.0511571035638876
-1.0091753933292134 2.2230887715285537
-1.0091753933292134 -0.8711173527342925
2.113330039836537 2.2230887715285537
2.113330039836537 -0.8711173527342925
1.9837555537555027 -0.26267081929359054
1.9837555537555027 2.941196895189532
-1.222858992553686 -0.26267081929359054
-1.222858992553686 2.941196895189532
-1.894319456896296 -2.6953222703047808
-1.894319456896296 0.4139008862169426
1.2546573951622975 -2.6953222703047808
1.2546573951622975 0.4139008862169426
2.343468404769778 2.231343571919154
2.343468404769778 -0.8948172720301093
-0.7961132428456922 2.231343571919154
-0.7961132428456922 -0.8948172720301093
-2.343518608923546 -2.2315918553285434
-2.343518608923546 0.8949115138278907
0.7961832055150087 -2.2315918553285434
0.7961832055150087 0.8949115138278907
-2.165676398289557 -2.649856936353425
-2.165676398289557 0.5647977597284255
0.9284145069548275 -2.649856936353425
0.9284145069548275 0.5647977597284255
1.237349780167157 -2.3922471622208503
1.237349780167157 0.746550542871646
-1.9197168447000352 -2.3922471622208503
-1.9197168447000352 0.746550542871646
-2.4023022632912423 1.018120993722797
-2.4023022632912423 -2.0745198662061157
0.7127293985675793 1.018120993722797
0.7127293985675793 -2.0745198662061157
-2.1566104126418684 0.7290677095083361
-2.1566104126418684 -2.377927609718071
0.8648382635210602 0.7290677095083361
0.8648382635210602 -2.377927609718071
2.772564451377209 1.5574871226430573
2.772564451377209 -1.6959412827014726
-0.3915182673732229 1.5574871226430573
-0.3915182673732229 -1.6959412827014726
1.3264881445090095 0.9682556832635526
1.3264881445090095 -2.1699944024030775
-1.6785420958486912 0.9682556832635526
-1.6785420958486912 -2.1699944024030775
-2.314192881487336 0.8463515939716986
-2.314192881487336 -2.298830699806751
0.8114051714221728 0.8463515939716986
0.8114051714221728 -2.298830699806751
2.6129651376591427 -0.882870858238277
2.6129651376591427 2.2587041017136245
-0.5374583073983976 -0.882870858238277
-0.5374583073983976 2.2587041017136245
2.6073367944469954 2.294239042354924
2.6073367944469954 -0.8517767039894534
-0.6240833608142612 2.294239042354924
-0.6240833608142612 -0.8517767039894534
1.6109666409090555 -2.6713308109769947
1.6109666409090555 0.40610634284954483
-1.4527658323403239 -2.6713308109769947
-1.4527658323403239 0.40610634284954483
-1.6109090528543026 2.6712860449762053
-1.6109090528543026 -0.40609770523194477
1.4527463884685357 2.6712860449762053
1.4527463884685357 -0.40609770523194477
-1.3755043432763487 -2.084357724332988
-1.3755043432763487 0.9743644068445272
1.7305794931124427 -2.084357724332988
1.7305794931124427 0.9743644068445272
2.544127956429999 -0.8481163694687082
2.544127956429999 2.3696708249766303
-0.5798121455731983 -0.8481163694687082
-0.5798121455731983 2.3696708249766303
-1.5152465684186394 3.004368832712027
-1.5152465684186394 -0.21906458452208824
1.545421073583831 3.004368832712027
1.545421073583831 -0.21906458452208824
0.02708281650296288 1.2149799511347505
0.02708281650296288 -1.9387874233040419
3.1295659812348733 1.2149799511347505
3.1295659812348733 -1.9387874233040419
1.2174609933774112 -2.275087237063286
1.2174609933774112 0.8374220942296563
-1.9413877936095492 -2.275087237063286
-1.9413877936095492 0.8374220942296563
-2.3918417908737717 -2.197273464514855
-2.3918417908737717 0.9303761306670886
0.7009057927971388 -2.197273464514855
0.7009057927971388 0.9303761306670886
3.0572662634763543 1.7945350139713345
3.0572662634763543 -1.3913398995602306
-0.051342389620812626 1.7945350139713345
-0.051342389620812626 -1.3913398995602306
-2.0429638932955565 -2.7597555531622358
-2.0429638932955565 0.37109175762029395
1.1073043649410248 -2.7597555531622358
1.1073043649410248 0.37109175762029395
-1.0151851279550546 2.1085438205420775
-1.0151851279550546 -1.001014107253923
2.043302836914355 2.1085438205420775
2.043302836914355 -1.001014107253923
-2.043743033464898 0.5645289845618198
-2.043743033464898 -2.586107745897732
1.0864515441650378 0.5645289845618198
1.0864515441650378 -2.586107745897732
-1.0556934150954198 -0.6111572012232116
-1.0556934150954198 2.5304420834642762
2.054426797419722 -0.6111572012232116
2.054426797419722 2.5304420834642762
-0.7602597561236847 -0.8395392320758291
-0.7602597561236847 2.248761657884849
2.33692674117571 -0.8395392320758291
2.33692674117571 2.248761657884849
1.1118368906989464 0.8964125027704293
1.1118368906989464 -2.250736232500792
-1.965741092316494 0.8964125027704293
-1.965741092316494 -2.250736232500792
1.114610728915885 -2.3410487409418956
1.114610728915885 0.7553441995014679
-1.9946724404994107 -2.3410487409418956
-1.9946724404994107 0.7553441995014679
2.436655077781113 2.2676637911256856
2.436655077781113 -0.8479946294884084
-0.6745430437867043 2.2676637911256856
-0.6745430437867043 -0.8479946294884084
-0.7467908654125137 -0.8753546410460674
-0.7467908654125137 2.2319723844619186
2.4017903607090143 -0.8753546410460674
2.4017903607090143 2.2319723844619186
1.8786515990821608 -0.9587162273033607
1.8786515990821608 2.0993686122488966
-1.248374277043639 -0.9587162273033607
-1.248374277043639 2.0993686122488966
2.229977466210866 2.0349063281210205
2.229977466210866 -1.0415465372187176
-0.8683321382001538 2.0349063281210205
-0.8683321382001538 -1.0415465372187176
-2.0181988053262825 0.41161716421535205
-2.0181988053262825 -2.7491481168178926
1.080768679577135 0.41161716421535205
1.080768679577135 -2.7491481168178926
-1.0737419000035626 -0.6641752422999441
-1.0737419000035626 2.4917078635705168
2.092535961123745 -0.6641752422999441
2.092535961123745 2.4917078635705168
-2.8112630366960496 -1.845047820945431
-2.8112630366960496 1.319422747338177
0.306518845077202 -1.845047820945431
0.306518845077202 1.319422747338177
1.3561438611561325 0.04259787838354916
1.3561438611561325 -3.0974779708857567
-1.8038974610599225 0.04259787838354916
-1.8038974610599225 -3.0974779708857567
1.8971326946567304 2.3075969289028944
1.8971326946567304 -0.8122474026689489
-1.219478676665539 2.3075969289028944
-1.219478676665539 -0.8122474026689489
2.253072635902596 2.287377952948651
2.253072635902596 -0.894604807482214
-0.9163594453801397 2.287377952948651
-0.9163594453801397 -0.894604807482214
0.9255519888415068 0.8512034162198786
0.9255519888415068 -2.222480685516165
-2.1310919432464495 0.8512034162198786
-2.1310919432464495 -2.222480685516165
0.9239888184271853 -2.120107918669086
0.9239888184271853 0.9406470272884659
-2.1520873351003935 -2.120107918669086
-2.1520873351003935 0.9406470272884659
1.9085088584964744 2.547560453225609
1.9085088584964744 -0.5424389959409432
-1.2033762433842352 2.547560453225609
-1.2033762433842352 -0.5424389959409432
-2.1292530398742118 0.530261525850135
-2.1292530398742118 -2.605890157747457
0.9618139613808222 0.530261525850135
0.9618139613808222 -2.605890157747457
-2.351583119273492 0.7449993476283132
-2.351583119273492 -2.4100054451350146
0.8178272090166708 0.7449993476283132
0.8178272090166708 -2.4100054451350146
2.3737339472933128 2.1370442910995417
2.3737339472933128 -0.9427839601827747
-0.7692010462529815 2.1370442910995417
-0.7692010462529815 -0.9427839601827747
0.4634330019741985 0.3129977142385394
0.4634330019741985 -2.9734052645901485
-2.859071755582107 0.3129977142385394
-2.859071755582107 -2.9734052645901485
-1.1164020748627366 -0.41568100377751455
-1.1164020748627366 2.796421222477292
1.971493658278922 -0.41568100377751455
1.971493658278922 2.796421222477292
2.822227618237407 1.5220148393164863
2.822227618237407 -1.6459884136365541
-0.32145646581551196 1.5220148393164863
-0.32145646581551196 -1.6459884136365541
-2.647900242672663 -2.0241376684932133
-2.647900242672663 1.1020895317842707
0.5254912606878327 -2.0241376684932133
0.5254912606878327 1.1020895317842707
-1.1021819054291881 -0.525430155410623
-1.1021819054291881 2.6477842405332637
2.0241926116260918 -0.525430155410623
2.0241926116260918 2.6477842405332637
0.4874151818976563 0.8183232120751254
0.4874151818976563 -2.2346718212953447
-2.6933152121503543 0.8183232120751254
-2.6933152121503543 -2.2346718212953447
-2.231817202303393 0.7674518180511903
-2.231817202303393 -2.344925477859023
0.8023568488910074 0.7674518180511903
0.8023568488910074 -2.344925477859023
-2.5166288033239317 -2.1860098157236227
-2.5166288033239317 0.9518516889713305
0.5719703407699567 -2.1860098157236227
0.5719703407699567 0.9518516889713305
-2.943506817366954 -1.841151939823703
-2.943506817366954 1.2648661338674803
0.24068755836118672 -1.841151939823703
0.24068755836118672 1.2648661338674803
-0.5289873633210112 2.2374926564869666
-0.5289873633210112 -0.8628505484529394
2.5708650094511603 2.2374926564869666
2.5708650094511603 -0.8628505484529394
-2.038857442379421 -2.600205997580393
-2.038857442379421 0.5531957053771084
1.0713762364788595 -2.600205997580393
1.0713762364788595 0.5531957053771084
-0.5924128635881465 -0.9378691248588842
-0.5924128635881465 2.200573842490793
2.5906915282062335 -0.9378691248588842
2.5906915282062335 2.200573842490793
1.074952456771581 0.6250197293286164
1.074952456771581 -2.540577772292184
-2.0618002789800935 0.6250197293286164
-2.0618002789800935 -2.540577772292184
2.627681347417092 2.0624086594513575
2.627681347417092 -1.0593280925347288
-0.524828860245223 2.0624086594513575
-0.524828860245223 -1.0593280925347288
-0.708493805545291 -0.8480929006792243
-0.708493805545291 2.2705525909132285
2.3796990159050373 -0.8480929006792243
2.3796990159050373 2.2705525909132285
-0.7360173061502542 2.3150869734466295
-0.7360173061502542 -0.7737410831304432
2.3622925269203674 2.3150869734466295
2.3622925269203674 -0.7737410831304432
-1.6884299919639874 0.6121042542363516
-1.6884299919639874 -2.5488007730152558
1.4251933567515662 0.6121042542363516
1.4251933567515662 -2.5488007730152558
-2.0915948036787224 0.9008933498588538
-2.0915948036787224 -2.217515929895837
1.1398329816301513 0.9008933498588538
1.1398329816301513 -2.217515929895837
-2.028922949090157 0.9802950145447256
-2.028922949090157 -2.162432777175125
1.0945313282938713 0.9802950145447256
1.0945313282938713 -2.162432777175125
-2.823855481932002 0.6902503619755161
-2.823855481932002 -2.429794237533697
0.38130852449720315 0.6902503619755161
0.38130852449720315 -2.429794237533697
2.794201184449214 2.4785910532001187
2.794201184449214 -0.6162257119054402
-0.4170793745463987 2.4785910532001187
-0.4170793745463987 -0.6162257119054402
1.9902743566071568 2.696463359701404
1.9902743566071568 -0.46397168920792364
-1.1293232110087268 2.696463359701404
-1.1293232110087268 -0.46397168920792364
-1.9904002690173126 -2.696402072724793
-1.9904002690173126 0.4638985518772329
1.1294843735056619 -2.696402072724793
1.1294843735056619 0.4638985518772329
-1.9374885708572402 -2.3511311141158897
-1.9374885708572402 0.7927737438997817
1.266988599320749 -2.3511311141158897
1.266988599320749 0.7927737438997817
-2.2647624591602056 0.6972620141021495
-2.2647624591602056 -2.4087753636552915
0.8397587364887449 0.6972620141021495
0.8397587364887449 -2.4087753636552915
-0.7602597561236847 -0.8395392320758291
-0.7602597561236847 2.248761657884849
2.33692674117571 -0.8395392320758291
2.33692674117571 2.248761657884849
2.3425029882687034 -0.8452328135545281
2.3425029882687034 2.248501422921881
-0.7487469957893363 -0.8452328135545281
-0.7487469957893363 2.248501422921881
2.2659500640307497 2.161405522051175
2.2659500640307497 -0.9215213237766219
-0.8583530633328385 2.161405522051175
-0.8583530633328385 -0.9215213237766219
2.0830625747774016 1.3307070538192949
2.0830625747774016 -1.7788826682783438
-1.0858284945237437 1.3307070538192949
-1.0858284945237437 -1.7788826682783438
-1.146173875289424 -0.42268992871105243
-1.146173875289424 2.73617357107125
1.9187863356465515 -0.42268992871105243
1.9187863356465515 2.73617357107125
-1.011565285411472 2.331279260953828
-1.011565285411472 -0.775671299113755
2.167329346741559 2.331279260953828
2.167329346741559 -0.775671299113755
-0.9616756807815878 -0.9581377420977744
-0.9616756807815878 2.1336935896777796
2.188403526543834 -0.9581377420977744
2.188403526543834 2.1336935896777796
1.5298346461820647 0.48186563844142966
1.5298346461820647 -2.642487159342551
-1.5409956176878272 0.48186563844142966
-1.5409956176878272 -2.642487159342551
0.8801563127653264 -2.0665702447671945
0.8801563127653264 1.0341050285091864
-2.253942125409707 -2.0665702447671945
-2.253942125409707 1.0341050285091864
0.789686429681079 0.8270187479673438
0.789686429681079 -2.260247630653289
-2.3017852070551093 0.8270187479673438
-2.3017852070551093 -2.260247630653289
-2.285600508135766 0.9005190986099034
-2.285600508135766 -2.2037740830711536
0.8201653218344178 0.9005190986099034
0.8201653218344178 -2.2037740830711536
2.0815708461466342 1.3382316781647514
2.0815708461466342 -1.7734891439176421
-1.0911569683382758 1.3382316781647514
-1.0911569683382758 -1.7734891439176421
2.234449394574533 2.5518151089442895
2.234449394574533 -0.6106987239701449
-0.9172484433573884 2.5518151089442895
-0.9172484433573884 -0.6106987239701449
2.0354324019243175 -0.5887561721848664
2.0354324019243175 2.520082095784225
-1.0831298034268637 -0.5887561721848664
-1.0831298034268637 2.520082095784225
1.9977162238860657 -0.4889318601542743
1.9977162238860657 2.66197628935011
-1.1448824097959236 -0.4889318601542743
-1.1448824097959236 2.66197628935011
1.8784099454595147 -0.6220916597885238
1.8784099454595147 2.5124656965403673
-1.2206634797137987 -0.6220916597885238
-1.2206634797137987 2.5124656965403673
-2.647900242672663 -2.0241376684932133
-2.647900242672663 1.1020895317842707
0.5254912606878327 -2.0241376684932133
0.5254912606878327 1.1020895317842707
-1.1021819054291881 -0.525430155410623
-1.1021819054291881 2.6477842405332637
2.0241926116260918 -0.525430155410623
2.0241926116260918 2.6477842405332637
0.8017164112499884 -1.8957493790855342
0.8017164112499884 1.2401506890137448
-2.304444665542085 -1.8957493790855342
-2.304444665542085 1.2401506890137448
-0.9440732808823523 2.16478926827077
-0.9440732808823523 -0.9992582039832276
2.210037974375488 2.16478926827077
2.210037974375488 -0.9992582039832276
2.1273518501499016 2.137744648143778
2.1273518501499016 -0.9525540711450683
-1.000638684198783 2.137744648143778
-1.000638684198783 -0.9525540711450683
1.9902743566071568 2.696463359701404
1.9902743566071568 -0.46397168920792364
-1.1293232110087268 2.696463359701404
-1.1293232110087268 -0.46397168920792364
-1.9904002690173126 -2.696402072724793
-1.9904002690173126 0.4638985518772329
1.1294843735056619 -2.696402072724793
1.1294843735056619 0.4638985518772329
2.4542418430213724 1.9353403576067294
2.4542418430213724 -1.174848675831389
-0.7046997792642711 1.9353403576067294
-0.7046997792642711 -1.174848675831389
0.7733177386098335 -2.0937907461412006
0.7733177386098335 0.9769735299664908
-2.3674496231563205 -2.0937907461412006
-2.3674496231563205 0.9769735299664908
-1.8943273715351163 3.1143787400647716
-1.8943273715351163 0.023123097915656553
1.2207101831813338 3.1143787400647716
1.2207101831813338 0.023123097915656553
2.2633249790182375 -0.987284045992575
2.2633249790182375 2.1155728171749764
-0.8640121975792902 -0.987284045992575
-0.8640121975792902 2.1155728171749764
-0.8013075592995009 -1.0393289352726116
-0.8013075592995009 2.109695705487939
2.348745341074788 -1.0393289352726116
2.348745341074788 2.109695705487939
1.0311789310238904 0.7290398908966185
1.0311789310238904 -2.461517256272027
-1.9628480228358727 0.7290398908966185
-1.9628480228358727 -2.461517256272027
2.3957187557748867 2.1809154106745687
2.3957187557748867 -0.9547509929944575
-0.7384343006083955 2.1809154106745687
-0.7384343006083955 -0.9547509929944575
-0.8467465701291285 -0.7427441175577125
-0.8467465701291285 2.3805800750527832
2.2549574715839493 -0.7427441175577125
2.2549574715839493 2.3805800750527832
2.064644570834869 -0.8274532808721512
2.064644570834869 2.3263947818797908
-1.099730673583282 -0.8274532808721512
-1.099730673583282 2.3263947818797908
-0.9440576629712257 2.253370701232879
-0.9440576629712257 -0.9851366418919146
2.22750223925387 2.253370701232879
2.22750223925387 -0.9851366418919146
0.7179580563965946 0.8158178939570481
0.7179580563965946 -2.3511112640319616
-2.3902812019567605 0.8158178939570481
-2.3902812019567605 -2.3511112640319616
2.6166569159200384 1.6964557201847676
2.6166569159200384 -1.6032317542084489
-0.4052680737897673 1.6964557201847676
-0.4052680737897673 -1.6032317542084489
2.1791183074242118 2.266220382626774
2.1791183074242118 -0.8458787254423016
-0.8989706999584641 2.266220382626774
-0.8989706999584641 -0.8458787254423016
0.759321778535012 0.9033948879699241
0.759321778535012 -2.1521887703893077
-2.3078952187520843 0.9033948879699241
-2.3078952187520843 -2.1521887703893077
0.6079193163471716 -2.167629004754885
0.6079193163471716 0.89166683013543
-2.3917605511020583 -2.167629004754885
-2.3917605511020583 0.89166683013543
2.022422585890309 2.3269116557037277
2.022422585890309 -0.7979834710378876
-1.0012430384908884 2.3269116557037277
-1.0012430384908884 -0.7979834710378876
-0.6504405008036861 -0.8938423941554748
-0.6504405008036861 2.1877138960813842
2.415483616053472 -0.8938423941554748
2.415483616053472 2.1877138960813842
-1.877368269358332 -2.0977517884429284
-1.877368269358332 0.9693006466933402
1.2530343899863632 -2.0977517884429284
1.2530343899863632 0.9693006466933402
-2.2390392429538957 0.9106323723708651
-2.2390392429538957 -2.146252393530835
0.8550931447051539 0.9106323723708651
0.8550931447051539 -2.146252393530835
-2.1744391455163754 -2.0321039904672507
-2.1744391455163754 1.0644856082122949
0.9684983562094642 -2.0321039904672507
0.9684983562094642 1.0644856082122949
1.9274862346893766 -0.583270722381006
1.9274862346893766 2.549291474576302
-1.2324370247436591 -0.583270722381006
-1.2324370247436591 2.549291474576302
2.3404280487703644 -0.7193707134631386
2.3404280487703644 2.4276907946175554
-0.8083716947874975 -0.7193707134631386
-0.8083716947874975 2.4276907946175554
-0.7973010949274216 -0.6402976505415602
-0.7973010949274216 2.548504650082301
2.3378174682491113 -0.6402976505415602
2.3378174682491113 2.548504650082301
-0.7736541675388048 -0.7523025476704963
-0.7736541675388048 2.44326275381803
2.3607847661324395 -0.7523025476704963
2.3607847661324395 2.44326275381803
-2.7121578365383967 0.8991695744999355
-2.7121578365383967 -2.264557466166741
0.42981186608612115 0.8991695744999355
0.42981186608612115 -2.264557466166741
-0.7602597561236847 -0.8395392320758291
-0.7602597561236847 2.248761657884849
2.33692674117571 -0.8395392320758291
2.33692674117571 2.248761657884849
0.30935896604229135 1.241250979709843
0.30935896604229135 -1.8857711474869543
-2.876214485484637 1.241250979709843
-2.876214485484637 -1.8857711474869543
-2.406805580756235 0.7741698150771594
-2.406805580756235 -2.360662410085392
0.691058347268296 0.7741698150771594
0.691058347268296 -2.360662410085392
-2.3270086824437284 -2.2084455342128413
-2.3270086824437284 0.8648970974072229
0.7846343039568568 -2.2084455342128413
0.7846343039568568 0.8648970974072229
