Torsion_1 Torsion_2
0.04175755484140403 -0.968286419200801
0.04175755484140403 -2.9945053112952755
0.04175755484140403 1.1448349787329821
-0.023957003195024994 3.090649013459008
-0.023957003195024994 -1.093730098465041
-0.023957003195024994 0.9915634408103243
0.01697017559838551 1.092104833151172
0.01697017559838551 -1.1499783165852628
0.01697017559838551 2.978047880251655
-0.08236276944037763 -3.083584820047858
-0.08236276944037763 1.1707620979869562
-0.08236276944037763 -1.0873611831477425
0.045049309766196546 -2.788228310608444
0.045049309766196546 -1.0243559595199063
0.045049309766196546 1.2806401997385606
-0.023127455710336604 1.0533069214080004
-0.023127455710336604 -1.1842684423645948
-0.023127455710336604 3.037302786033599
0.00915372461090965 1.0969776924715722
0.00915372461090965 3.1194980078792844
0.00915372461090965 -0.9627861228262319
0.058198435173144235 -1.1116705076900557
0.058198435173144235 3.1113896461630235
0.058198435173144235 1.069856245732148
-0.001584078740087416 -3.0926080701702285
-0.001584078740087416 -1.0957590662908936
-0.001584078740087416 1.2055020292050669
0.05024117118695001 -1.1129647863447714
0.05024117118695001 1.1097938658678097
0.05024117118695001 3.140886658919336
0.02171851650410104 1.242650386596271
0.02171851650410104 -1.0661395576518007
0.02171851650410104 -2.7300202613953215
-0.06669269136250468 3.1188012735063504
-0.06669269136250468 1.1427312142671113
-0.06669269136250468 -1.1157994841305072
-0.050246234678211724 -1.1949008528184597
-0.050246234678211724 1.0818418188352101
-0.050246234678211724 2.789660322242493
0.08226745010303088 -3.0350861519174743
0.08226745010303088 1.1660197976605011
0.08226745010303088 -1.0122392157764852
-0.014367698254174572 -1.1802685041121506
-0.014367698254174572 0.8377010066606106
-0.014367698254174572 2.9092864267085594
0.0275493089838729 -3.046537279389296
0.0275493089838729 1.1426868043490321
0.0275493089838729 -1.0252850930708703
-0.006647346042031161 0.9944728569433987
-0.006647346042031161 -1.3396774086670313
-0.006647346042031161 -3.046317150236689
0.06392926520306155 3.071256570485163
0.06392926520306155 -1.251174078383853
0.06392926520306155 1.133455911711784
-0.11053750431182831 3.112892563596133
-0.11053750431182831 1.0546255191224765
-0.11053750431182831 -1.12012787400184
-0.08105396207119119 2.9895869628865945
-0.08105396207119119 -1.2176683863537374
-0.08105396207119119 0.9464697454856844
-0.020529712828425535 1.3569834411000083
-0.020529712828425535 -1.024019598274354
-0.020529712828425535 -2.736271447304742
-0.08199572941768264 -0.9705590458432324
-0.08199572941768264 1.295508610526843
-0.08199572941768264 -2.9951699338804616
0.02510534585370069 1.0795513070811933
0.02510534585370069 3.130934458320247
0.02510534585370069 -1.0894827414627273
0.017102942171566042 1.0910116790678412
0.017102942171566042 -1.1512705917262718
0.017102942171566042 2.977930461384078
-0.014367698254174572 -1.1802685041121506
-0.014367698254174572 0.8377010066606106
-0.014367698254174572 2.9092864267085594
0.0060032668537003 3.1233990508046126
0.0060032668537003 -1.1339049243228505
0.0060032668537003 1.1259966379914446
-0.008748063686249776 3.0167445261854486
-0.008748063686249776 -1.1425028061021443
-0.008748063686249776 1.0322271268388823
0.09664731468236906 -1.2215008157327771
0.09664731468236906 1.0776478865032875
0.09664731468236906 2.785931459714732
0.2278788581798077 1.062289747611828
0.2278788581798077 3.1033176843439616
0.2278788581798077 -1.118738077196666
0.08462418862968728 1.120689454391989
0.08462418862968728 -1.0539401404937978
0.08462418862968728 -3.102814025209485
-0.06276144251870037 3.1371620041847903
-0.06276144251870037 1.0744570911758426
-0.06276144251870037 -1.0829725864104556
0.04078300343350312 3.1097237364048347
0.04078300343350312 -1.1452944906360127
0.04078300343350312 1.0377751098022139
-0.11742715092838474 3.1330873439564257
-0.11742715092838474 1.1108714385635619
-0.11742715092838474 -1.0744111571381432
-0.008871319600623814 -1.0188095493884883
-0.008871319600623814 1.0977741694125749
-0.008871319600623814 -3.0641253923259355
0.016219005755164898 1.0920533508672783
0.016219005755164898 -1.0794017862746104
0.016219005755164898 -3.1319546601032977
0.01768351614356042 1.0174948595262825
0.01768351614356042 3.074875126206872
0.01768351614356042 -1.0666488694210312
-0.03981746082092294 0.993773522897689
-0.03981746082092294 -1.1838287956581863
-0.03981746082092294 3.044651140751189
0.2313433200904037 3.0712224893396356
0.2313433200904037 1.0194212255792225
0.2313433200904037 -1.1585386345053843
0.05361320825383346 -1.1101829862323798
0.05361320825383346 3.111077780644756
0.05361320825383346 1.051546060165993
0.05910472677926986 -1.087357537242375
0.05910472677926986 1.0661083190347143
0.05910472677926986 3.127707142976477
-0.06691829433287189 -1.0941653979922275
-0.06691829433287189 1.0781177804804687
-0.06691829433287189 3.134015176181228
0.2866571211286691 -1.2052141114992552
0.2866571211286691 0.9815978078009056
0.2866571211286691 3.0314439436620395
0.001530226257018006 -0.9820833871453706
0.001530226257018006 1.1903757844463079
0.001530226257018006 -3.0291184623398975
0.14244401755693548 3.119496772966454
0.14244401755693548 1.0619738767905806
0.14244401755693548 -1.1002162908789372
0.022282621562155113 1.176018909878912
0.022282621562155113 -3.064864237629283
0.022282621562155113 -0.9970372064732863
0.07453640632120626 3.0876481668456908
0.07453640632120626 1.029337956983601
0.07453640632120626 -1.1500088486203557
-0.1557270653129197 3.1409276823143397
-0.1557270653129197 -1.0972192231238924
-0.1557270653129197 1.0737679930959134
-0.053180180810921 1.1144085473524747
-0.053180180810921 -1.0760085841692015
-0.053180180810921 -3.134008989709923
0.026503067668621774 1.1247413972394897
0.026503067668621774 -3.0993600903464795
0.026503067668621774 -1.0407699315330856
-0.08581529189125311 -1.0588839652844004
-0.08581529189125311 1.1168530519140663
-0.08581529189125311 -3.1074858811709896
-0.15054330856714002 1.2211964846915346
-0.15054330856714002 -0.953189245285799
-0.15054330856714002 -3.0101715887149005
0.01659453166447979 -1.0708966822697579
0.01659453166447979 1.0939283149652446
0.01659453166447979 -3.123664354673917
0.07018319592099781 3.1186911391205534
0.07018319592099781 1.0641632258100018
0.07018319592099781 -1.0954862137724313
-0.06640248233752155 -0.7976347250440786
-0.06640248233752155 1.3442638169323742
-0.06640248233752155 -2.833204138054299
0.08214901125092972 -1.1522716609875316
0.08214901125092972 1.0191425369631475
0.08214901125092972 3.0683311477349804
0.07256665325876366 3.1011699538423447
0.07256665325876366 -1.1583979229020043
0.07256665325876366 1.0148291142705606
0.08595846088861539 3.0313460499431755
0.08595846088861539 0.9172356138816714
0.08595846088861539 -1.2917045465119552
-0.07233841499990636 1.0306804046779872
-0.07233841499990636 -1.175778435839217
-0.07233841499990636 3.019910485165478
-0.166829283215911 1.157876145802123
-0.166829283215911 -3.066086113339479
-0.166829283215911 -1.019717063995206
-0.1633703240307789 -1.0437494974022168
-0.1633703240307789 1.1039790015092448
-0.1633703240307789 -3.106723797386898
-0.07193300076298488 -1.1577801875229898
-0.07193300076298488 3.0628269687825416
-0.07193300076298488 1.0038142749132624
0.06009022129847014 1.1016251019746786
0.06009022129847014 -1.0878843947980021
0.06009022129847014 -3.1343482137644387
0.012790782046125758 1.0753332002216358
0.012790782046125758 3.1221738004162005
0.012790782046125758 -1.0900773364027057
-0.17731284710185893 -1.0894155977469047
-0.17731284710185893 -3.137739564214131
-0.17731284710185893 1.0811181803324743
0.2124143447393416 0.9789022924637313
0.2124143447393416 3.029026730097393
0.2124143447393416 -1.1758666149118004
-0.19449416271951178 -1.0455924251802078
-0.19449416271951178 -3.0755994018212967
-0.19449416271951178 1.1397561408200325
0.013973944122147898 1.109485762858874
0.013973944122147898 -1.0723831569736828
0.013973944122147898 -3.1227791006670502
-0.08679395493721813 1.179066545978515
-0.08679395493721813 -3.060513591058207
-0.08679395493721813 -0.9999496915684088
0.19559463009892025 1.1553797339027554
0.19559463009892025 -0.9511610193939253
0.19559463009892025 -3.062628343496675
0.04197675057979264 -1.2223121092832363
0.04197675057979264 2.5611599435798444
0.04197675057979264 1.368430835933851
-0.2190821924489699 -3.103164666759506
-0.2190821924489699 1.1140936000908992
-0.2190821924489699 -1.0515739534910362
0.017834607919980427 -1.0593575138939921
0.017834607919980427 1.1042577070532382
0.017834607919980427 -3.128238241358975
-0.06852966602959897 -1.1100141147691445
-0.06852966602959897 3.1311113924266696
-0.06852966602959897 1.0734447319594935
0.08124425436418874 -3.1048865168005766
0.08124425436418874 -1.0412804924804002
0.08124425436418874 1.125532864287839
-0.015539757106553405 -0.9414364718992317
-0.015539757106553405 -2.9407621035744627
-0.015539757106553405 1.2672454722969906
-0.05237692475444306 1.0919218319332067
-0.05237692475444306 3.130611140508143
-0.05237692475444306 -1.0906190553447894
-0.02757163282385655 -3.1164572880784407
-0.02757163282385655 -1.0487351461933647
-0.02757163282385655 1.125054119365897
-0.015402143453290822 2.8514426726472593
-0.015402143453290822 0.776623669217703
-0.015402143453290822 -1.4472804095100158
0.1599585097169367 1.098715301549443
0.1599585097169367 -1.0570232693339274
0.1599585097169367 -3.1234915760733917
-0.019410264357944695 -1.1898372817255887
-0.019410264357944695 1.062191090710738
-0.019410264357944695 3.0996984895549775
0.10231197378706171 1.0329415040102077
0.10231197378706171 -1.139664336817681
0.10231197378706171 3.083802901271508
0.14392708097310616 -0.8899272670276123
0.14392708097310616 -2.9183196071339337
0.14392708097310616 1.232839169699587
0.10267801276602448 2.992211933656557
0.10267801276602448 -1.176227352825794
0.10267801276602448 1.038218267683192
-0.054246259131325344 1.0364348661688636
-0.054246259131325344 3.0784132705778884
-0.054246259131325344 -1.1398165697790394
0.04197675057979264 -1.2223121092832363
0.04197675057979264 2.5611599435798444
0.04197675057979264 1.368430835933851
0.0038823065324731427 -1.0852525071487664
0.0038823065324731427 1.0829505093011538
0.0038823065324731427 3.124179031349811
0.2169678147627964 3.008330585754644
0.2169678147627964 0.9518767945153436
0.2169678147627964 -1.2075536268786877
0.04407511306794741 1.0863347186553558
0.04407511306794741 -3.114270522499743
0.04407511306794741 -1.0598100694456367
-0.0476660294737767 0.9841026263207894
-0.0476660294737767 -1.1879913018836326
-0.0476660294737767 3.034808942198866
-0.16075467988985076 -3.1404375694536224
-0.16075467988985076 1.012328161254829
-0.16075467988985076 -1.2136058925480062
0.08282606086268608 1.0347450191928935
0.08282606086268608 3.0854823905269217
0.08282606086268608 -1.1412693060154833
-0.050005114020173054 -3.124091029662999
-0.050005114020173054 -1.089657066688
-0.050005114020173054 1.0709696748540591
0.08477603205570061 -1.0851659420230937
0.08477603205570061 1.0895113884420082
0.08477603205570061 3.115713264566733
-0.07176646872034295 1.0631414728822097
-0.07176646872034295 -1.1231250728623203
-0.07176646872034295 3.1221385406510076
0.0508286986751007 -1.2040247936047939
0.0508286986751007 3.019116759778897
0.0508286986751007 0.9512751187972779
0.049204190643698825 1.110373765243879
0.049204190643698825 -1.038852931808817
0.049204190643698825 -3.1122652724376954
-0.29080902038720075 -0.9776334126879497
-0.29080902038720075 -3.034151601726729
-0.29080902038720075 1.1936254312821943
-0.23135432528177952 -0.6017837444508708
-0.23135432528177952 -2.6008258855820303
-0.23135432528177952 1.665543875586687
-0.030022182592799988 1.1467485693206385
-0.030022182592799988 -1.0440071619572597
-0.030022182592799988 -3.0938999483718717
0.013232179924573477 -3.093384657770288
0.013232179924573477 1.109818896108996
0.013232179924573477 -1.0477276665401531
-0.014132501412828288 -3.054185337595671
-0.014132501412828288 -1.0384314226520794
-0.014132501412828288 1.105512440689164
0.005571456296512856 -1.068216545201435
0.005571456296512856 1.1014596737906528
0.005571456296512856 -3.128089514010508
-0.10003926674965273 -0.9764086881332643
-0.10003926674965273 1.205915858273887
-0.10003926674965273 -3.020006872910214
0.03982756403642 1.343669545558071
0.03982756403642 -0.9610150879473566
0.03982756403642 -2.904575168492592
0.0966460950425753 1.0691257769830478
0.0966460950425753 3.11262650545979
0.0966460950425753 -1.1280467831577774
0.2177656317235013 3.1014274922207075
0.2177656317235013 1.0263172621248957
0.2177656317235013 -1.136564527040596
-0.02757163282385655 -3.1164572880784407
-0.02757163282385655 -1.0487351461933647
-0.02757163282385655 1.125054119365897
-0.13087777837755146 1.0864617430373955
-0.13087777837755146 -1.077466115719534
-0.13087777837755146 -3.0956128441282385
0.047553856789718435 3.097550645554106
0.047553856789718435 1.0343280577387512
0.047553856789718435 -1.1374069355869791
0.1394495070228701 3.1212538993644494
0.1394495070228701 -1.0895621918349994
0.1394495070228701 1.0703196960808283
-0.09062048421017932 3.0047590240142115
-0.09062048421017932 0.9509848518805734
-0.09062048421017932 -1.2196106926750654
0.05304992896233943 -1.0365271257095152
0.05304992896233943 1.0921785869272604
0.05304992896233943 3.1242048572243104
0.059380859193765394 1.0444735873892796
0.059380859193765394 -1.1261984458539593
0.059380859193765394 3.0998076129223997
0.30907092830303534 -1.2032966631606299
0.30907092830303534 3.036761075490596
0.30907092830303534 0.9578009517128175
-0.00765924507298359 -3.076507034755997
-0.00765924507298359 1.1250848640326438
-0.00765924507298359 -1.030034117209104
0.04258781929035056 -3.1001383799495965
0.04258781929035056 1.135832862030958
0.04258781929035056 -1.0350865548148012
-0.07893028888967604 -3.1048770087043587
-0.07893028888967604 1.1264487242222077
-0.07893028888967604 -1.0643860417244002
-0.04992559758872641 -1.1392795791645358
-0.04992559758872641 3.1056637240469693
-0.04992559758872641 1.0519526322870987
0.043839197250191406 -1.1365505437515584
0.043839197250191406 1.0531836507825352
0.043839197250191406 3.098777290226526
-0.08142240709783787 1.1129140957646735
-0.08142240709783787 -3.108949627369172
-0.08142240709783787 -1.0599300760951185
-0.028849526293456083 -3.1284667280305265
-0.028849526293456083 1.0782330550211459
-0.028849526293456083 -1.1821564110318434
0.13406350512193288 0.9961791427521084
0.13406350512193288 3.045339899799512
0.13406350512193288 -1.1720415317237445
-0.014176986882051427 -3.0690784127389454
-0.014176986882051427 1.1530939355558487
-0.014176986882051427 -1.0198262708705161
0.045119081598620825 1.1639414272791202
0.045119081598620825 -1.021957831046056
0.045119081598620825 -3.065155048811542
-0.22339686792289465 -1.066331169765302
-0.22339686792289465 -3.1046798240704367
-0.22339686792289465 1.115355861094635
0.10115798334431833 -3.1367985075965272
0.10115798334431833 -1.0704548547102242
0.10115798334431833 1.084226137066405
0.057375943522491 -1.1388013569811288
0.057375943522491 1.028965522993768
0.057375943522491 3.0874074828224103
0.054119588657192796 -3.09409340262023
0.054119588657192796 -0.9777931505647075
0.054119588657192796 1.2473511872950753
9.584835837279656e-05 -1.0829020979556332
9.584835837279656e-05 3.1415736106073826
9.584835837279656e-05 1.0826966048188527
-0.09646657953683571 2.9461064969359527
-0.09646657953683571 0.9937457753781351
-0.09646657953683571 -1.2030808144315215
-0.017499651189822996 -1.1595532423645172
-0.017499651189822996 3.0733843784739237
-0.017499651189822996 1.0245689808756722
0.15073393915273167 2.997765057333596
0.15073393915273167 -1.2290917661350957
0.15073393915273167 0.9314668103143415
0.01569749527620828 1.2486543767277365
0.01569749527620828 -1.3621128500782829
0.01569749527620828 -2.6502839440906985
0.1316020429360495 3.106234773090175
0.1316020429360495 -1.1605709396143011
0.1316020429360495 1.0064221240297635
0.22269753835108386 1.02906045318318
0.22269753835108386 -1.1421329354116516
0.22269753835108386 3.0998178535272474
0.031411520203054925 1.1377431105453226
0.031411520203054925 -1.087293145215934
0.031411520203054925 -3.1124500569211135
-0.27897725313573163 -3.0563201111863822
-0.27897725313573163 -1.0040086213002553
-0.27897725313573163 1.1791773835859136
0.056581264299240194 3.0921099569797366
0.056581264299240194 -1.1377827318064884
0.056581264299240194 1.0381318096728593
-0.24643997440201887 -1.1341744799633469
-0.24643997440201887 3.0956183657304313
-0.24643997440201887 1.0361846747531338
0.07870935566495578 -0.9936060627812395
0.07870935566495578 -3.0469297452756217
0.07870935566495578 1.1975283388815468
0.1412291192229178 -3.1342675428779234
0.1412291192229178 1.0873821309738
0.1412291192229178 -1.0715099170485092
0.056581264299240194 3.0921099569797366
0.056581264299240194 -1.1377827318064884
0.056581264299240194 1.0381318096728593
0.054036266394244095 3.0259287260409726
0.054036266394244095 -1.2134774095853194
0.054036266394244095 0.9839220984015999
-0.04985053043875236 1.0415329392776962
-0.04985053043875236 -1.1229950658388146
-0.04985053043875236 3.1041131731489573
-0.042268990550941445 -1.085212237260468
-0.042268990550941445 1.0837626056445722
-0.042268990550941445 -3.138981169480756
-0.01064816446199961 -3.078937844683874
-0.01064816446199961 -1.024256840254603
-0.01064816446199961 1.1630174384785503
0.07473194782083933 -1.0613340777583649
0.07473194782083933 1.1256099169659537
0.07473194782083933 -3.1042589011103203
-0.06418059624464292 -3.0621225854916494
-0.06418059624464292 -1.0073077109045743
-0.06418059624464292 1.1789222260149417
0.026953598607979842 1.096402568559141
0.026953598607979842 3.114428740107331
0.026953598607979842 -1.130038125825996
-0.33803903460532964 1.2364646281713076
-0.33803903460532964 -2.99118820174163
-0.33803903460532964 -0.9310154488047833
0.023148730786339663 -1.0435687329771977
0.023148730786339663 1.2052336856583998
0.023148730786339663 -2.987509426043133
0.014761731545267678 -3.030892736943496
0.014761731545267678 -0.9763079190562356
0.014761731545267678 1.1892243511855272
0.05688873279799979 0.9516187659339922
0.05688873279799979 -1.2180555500757528
0.05688873279799979 3.0088227807290995
0.03983553653733341 3.0528941209800724
0.03983553653733341 -1.175930094770934
0.03983553653733341 1.00335520735533
0.07089020778509066 -2.7870172831022377
0.07089020778509066 -1.0213262634562397
0.07089020778509066 1.2879557656126928
-0.17587023900786042 1.1113136120513112
-0.17587023900786042 -3.126678757129694
-0.17587023900786042 -1.0767267721241622
-0.2748395196978259 -0.9330524467784018
-0.2748395196978259 -2.992682672195375
-0.2748395196978259 1.2357514509484904
-0.14638963985537579 -3.0391784169476277
-0.14638963985537579 -0.9999813318610317
-0.14638963985537579 1.1693900168803322
0.06320959407854615 3.0815958903620757
0.06320959407854615 1.0253326735660748
0.06320959407854615 -1.1737021510247079
0.21512490486444188 -1.137355909892744
0.21512490486444188 3.092908440506181
0.21512490486444188 1.0479699966007943
-0.010050038479384401 -1.1166431555451266
-0.010050038479384401 1.0160703982062187
-0.010050038479384401 3.0995954034271764
0.013463118528476698 -0.9775555506928086
0.013463118528476698 1.2130306107736337
0.013463118528476698 -3.0081826369999596
-0.05141739529993044 -3.023544098875604
-0.05141739529993044 -0.9992041523880842
-0.05141739529993044 1.1580959314975818
0.047126789749223866 3.1413289676102347
0.047126789749223866 1.0879967854557775
0.047126789749223866 -1.0883973260115827
0.058086064324023357 -1.0389743319360845
0.058086064324023357 -3.056998484697766
0.058086064324023357 1.1385550557882114
-0.059949021224229085 -3.1377621327303755
-0.059949021224229085 -1.081735671014928
-0.059949021224229085 1.0816529476343213
-0.025700005133709413 -1.0688483960586366
-0.025700005133709413 1.1053754352889158
-0.025700005133709413 -3.1290189619312057
0.02076649027992762 3.104467261263095
0.02076649027992762 -1.1161212110436995
0.02076649027992762 1.0519939432296155
0.0015198829589703079 -1.3826844419512998
0.0015198829589703079 0.8025945681912238
0.0015198829589703079 2.74387086665317
0.089416907558644 -2.49334650719941
0.089416907558644 1.3029363104166731
0.089416907558644 -1.3241323762138293
-0.14887293637203852 2.373141643246542
-0.14887293637203852 -1.376953186672616
-0.14887293637203852 1.209977495117584
-0.2541826906683404 1.0745554427386725
-0.2541826906683404 -1.0875225584407315
-0.2541826906683404 -3.1399052623411317
0.035525622797224314 1.0355397082279876
0.035525622797224314 3.1374484036168666
0.035525622797224314 -1.0887157005847374
0.08459111000299577 3.0741747176857563
0.08459111000299577 -1.141721339977617
0.08459111000299577 1.013472766389323
0.05714493860322954 -1.1401467851417713
0.05714493860322954 1.1053787555844463
0.05714493860322954 3.1277483329283076
-0.016867224737833243 -1.0494564282182925
-0.016867224737833243 1.1088834715956395
-0.016867224737833243 -3.097151397589838
-0.05899184167377123 1.1277498508408303
-0.05899184167377123 -3.1265492735078726
-0.05899184167377123 -1.0751570011719709
0.06243619904712562 -1.1629007750855154
0.06243619904712562 3.1048446438245043
0.06243619904712562 1.036826874739993
0.2974923887065341 3.075043523969642
0.2974923887065341 -1.1495642821888372
0.2974923887065341 1.0320334232495687
0.023176301677979058 -3.0713355048074353
0.023176301677979058 1.1220946978316784
0.023176301677979058 -1.105916838262128
0.3020072170845422 -1.1685635440679347
0.3020072170845422 3.0619249475533707
0.3020072170845422 1.0151537915240405
0.10726078448256915 -1.1138629724926905
0.10726078448256915 3.130540209044637
0.10726078448256915 1.0923831331018765
-0.06838687464788618 -1.0284765673363285
-0.06838687464788618 -3.0689343619554474
-0.06838687464788618 1.1533380178678536
-0.03221757546942763 -1.0681869411630975
-0.03221757546942763 1.1055613213441893
-0.03221757546942763 -3.079884589905479
-0.14984086405335448 1.1703063641494202
-0.14984086405335448 -1.0710240732677798
-0.14984086405335448 -3.074915425137574
0.031163661072785113 3.1006778660235237
0.031163661072785113 -1.1185227195857437
0.031163661072785113 1.0170074888131564
0.07191556993469055 -0.9170675126507093
0.07191556993469055 1.117673158845843
0.07191556993469055 -2.9818067562192274
0.023341781708612175 -3.134799067665072
0.023341781708612175 1.1055022616852122
0.023341781708612175 -1.0670131265648182
0.010049933504066216 1.0819993245655772
0.010049933504066216 -1.086519523011961
0.010049933504066216 3.133028210427147
0.01785881332972707 -1.0456025505087625
0.01785881332972707 1.1361477396779742
0.01785881332972707 -3.0898691557309235
-0.06571955753812243 -3.138159342649273
-0.06571955753812243 1.0893140705787163
-0.06571955753812243 -1.0856179878518288
-0.22277550592944467 3.1129044887735575
-0.22277550592944467 -1.0970910353532861
-0.22277550592944467 1.0255191784949726
-0.1386212300752952 -3.049493695802338
-0.1386212300752952 -1.0887851825233765
-0.1386212300752952 1.056179244067796
0.20518037413196547 -1.1763577097849773
0.20518037413196547 3.044117379943899
0.20518037413196547 0.9957519480672723
-0.04733393568704373 1.2653366395573076
-0.04733393568704373 -2.4792943286048823
-0.04733393568704373 -1.2820581748870383
0.052312400415800236 3.0769245995077226
0.052312400415800236 -1.1702356171165833
0.052312400415800236 1.0244348637163367
-0.009095027191966884 1.1320570119752082
-0.009095027191966884 -3.099287223105501
-0.009095027191966884 -1.086128552743019
0.047005999472744565 -1.0657862706862076
0.047005999472744565 1.1079741175630076
0.047005999472744565 -3.0449475035150377
0.05363692908574477 -1.155540029152788
0.05363692908574477 1.0987294956022973
0.05363692908574477 3.1178003367195597
-0.008316678902776875 -1.1213856640550475
-0.008316678902776875 1.041283803728071
-0.008316678902776875 3.1067091308005974
0.1811709496117481 1.100345520644986
0.1811709496117481 -3.132404191852416
0.1811709496117481 -1.0789466064868336
0.06998064313264421 1.0783799296287588
0.06998064313264421 -3.130656729711102
0.06998064313264421 -1.0841159229100334
-0.03519196246987958 -1.0300042865122176
-0.03519196246987958 -3.061457933786212
-0.03519196246987958 1.1676085327199501
0.0049142136117957804 3.0343775986936246
0.0049142136117957804 1.0791830442349226
0.0049142136117957804 -1.2789184695777425
-0.10742208720655205 -3.079018763764861
-0.10742208720655205 1.148661964124261
-0.10742208720655205 -1.0337778170139558
0.14340740622270676 0.999432885886736
0.14340740622270676 -1.1860008829439825
0.14340740622270676 3.0946915777366573
0.005102041914617309 -1.2991284484164867
0.005102041914617309 -2.582576011492104
0.005102041914617309 1.3040968442880332
0.08665127355610742 0.7880123569465666
0.08665127355610742 2.8511791862504006
0.08665127355610742 -1.321877961859012
-0.06016563454606793 3.1282794830439666
-0.06016563454606793 1.0954236873525813
-0.06016563454606793 -1.1060543816264106
0.1442076134430031 -1.0643662422234685
0.1442076134430031 -3.117376255891187
0.1442076134430031 1.0983731681257491
0.03126523981710822 1.055709147198243
0.03126523981710822 -1.1330697912362446
0.03126523981710822 3.10350847698432
-0.0507978727205672 -1.2155679648740696
-0.0507978727205672 2.976934679803593
-0.0507978727205672 0.9964912055966337
-0.1509268677425582 1.1167830023243004
-0.1509268677425582 -1.0455225721694985
-0.1509268677425582 -3.0968965861092834
0.11287624962073352 1.0973788715086374
0.11287624962073352 -1.1388733640932276
0.11287624962073352 3.039008437039055
-0.028548022200843924 -1.3401826683294615
-0.028548022200843924 1.2776189162372742
-0.028548022200843924 2.560320386568246
0.005050446735347249 -3.1354042911146904
0.005050446735347249 -1.0875531505533123
0.005050446735347249 1.0860174088799368
0.09385153538823239 1.062951844614815
0.09385153538823239 -1.0795981523823888
0.09385153538823239 3.109470244787645
-0.04453184451295026 1.19197658859287
-0.04453184451295026 -1.328846546908428
-0.04453184451295026 2.8765550993831384
-0.04723738130965025 3.03572512388032
-0.04723738130965025 -1.1967890907420362
-0.04723738130965025 0.9846774230490658
-0.08348552976049765 -1.1211767457645512
-0.08348552976049765 1.0522829631044002
-0.08348552976049765 3.1101550895138304
0.11221057831108382 3.0456951418179834
0.11221057831108382 0.986299272590265
0.11221057831108382 -1.1939958750766073
-0.10207790077880458 -3.061197145738654
-0.10207790077880458 1.1525796735011147
-0.10207790077880458 -1.008412438143161
0.004041837887325652 -1.040894709231334
0.004041837887325652 -3.0761638497282386
0.004041837887325652 1.1559198289303634
-0.004438570442219041 1.1522648135472822
-0.004438570442219041 -1.1026022849764365
-0.004438570442219041 -3.131456573457234
0.012952943165262512 -1.136898732973372
0.012952943165262512 3.1109879144443173
0.012952943165262512 1.039499099800681
-0.10087423958614566 -3.0754474344278253
-0.10087423958614566 -1.0169728632929775
-0.10087423958614566 1.1503679980167167
-0.034582494643610344 -0.9796297384499512
-0.034582494643610344 -2.916769299246351
-0.034582494643610344 1.276301006828473
0.02336196212752542 -1.0096292049764604
0.02336196212752542 1.1417693468855803
0.02336196212752542 -3.1074352465708013
0.09436034688491288 -3.105282631776522
0.09436034688491288 -1.0507758923166306
0.09436034688491288 1.1230741540006357
0.2429616510764145 3.0869172312272886
0.2429616510764145 -1.1420409027474896
0.2429616510764145 1.034361690105334
0.05340669826344112 -1.0934084491673635
0.05340669826344112 3.120533236942223
0.05340669826344112 1.0747276874357397
0.07463526562498515 -1.065420017903161
0.07463526562498515 -3.113540227795793
0.07463526562498515 1.1223310561000879
0.08745659505225087 -1.176770230835072
0.08745659505225087 1.0128625131948235
0.08745659505225087 3.0194671656822063
-0.19654662917274635 -3.053050080412791
-0.19654662917274635 -1.004617953908614
-0.19654662917274635 1.16921113530381
-0.04788833153941288 1.1210178753264763
-0.04788833153941288 -3.1087663092972426
-0.04788833153941288 -1.0612275040167007
0.06068953783436874 1.1943532465491757
0.06068953783436874 -0.975541126531624
0.06068953783436874 -3.033661828995362
0.05965664378931993 -1.1192455151052403
0.05965664378931993 1.0652519683596005
0.05965664378931993 3.1167680842185472
0.12498312721313863 3.0904671501923056
0.12498312721313863 -1.133441373008892
0.12498312721313863 1.045438065782098
-0.03036386566074358 3.070856564929232
-0.03036386566074358 -1.1167395149612018
-0.03036386566074358 1.1170150861180748
0.1456879659429419 1.115151063986635
0.1456879659429419 -1.041551136565346
0.1456879659429419 -3.105792487395435
0.07021817539569918 -1.105571580350065
0.07021817539569918 1.0656607742533428
0.07021817539569918 3.1360254057873775
0.07504660220309907 -1.057273053073235
0.07504660220309907 -3.097475930060396
0.07504660220309907 1.134962325222772
0.12298006403886129 3.062926938901912
0.12298006403886129 -1.1625795067115579
0.12298006403886129 1.019263906074672
-0.12251846312623195 1.11854022006633
-0.12251846312623195 -1.0475135811280327
-0.12251846312623195 -3.1050971469281783
0.03616928320870845 1.1277431453307893
0.03616928320870845 -1.2277886153055952
0.03616928320870845 2.802137748932435
0.005995331486512815 -1.2737542711903735
0.005995331486512815 2.759655823280297
0.005995331486512815 1.0800048886882023
0.18289734763046617 -1.2148348178973427
0.18289734763046617 0.9625437211692656
0.18289734763046617 3.0136431569142537
-0.17259993223561815 -1.0463894021984512
-0.17259993223561815 -3.1047531597116063
-0.17259993223561815 1.129955701359863
-0.18416149826150535 -3.0460030955990978
-0.18416149826150535 1.159027836809002
-0.18416149826150535 -0.9992133904513888
-0.02980441466088258 3.085594155504093
-0.02980441466088258 1.0289066102902193
-0.02980441466088258 -1.1528665570836931
0.04947144848434668 -1.101456897913247
0.04947144848434668 1.0728070963007883
0.04947144848434668 3.131342554953239
-0.020903387731661276 -3.097631527792234
-0.020903387731661276 -1.0334661539224281
-0.020903387731661276 1.140662783889854
0.02077560284791052 1.1047672473618604
0.02077560284791052 -1.072002606854322
0.02077560284791052 -3.1170097655298434
0.07116609626978983 -1.0583351535006398
0.07116609626978983 1.1272609921675885
0.07116609626978983 3.136175088746146
0.031411520203054925 1.1377431105453226
0.031411520203054925 -1.087293145215934
0.031411520203054925 -3.1124500569211135
0.11162319512627888 1.0957535590571692
0.11162319512627888 -1.0632066221151808
0.11162319512627888 3.1411206679764527
-0.035337976864006616 -2.685565543655441
-0.035337976864006616 1.3796124590624246
-0.035337976864006616 -1.0334659546070593
-0.15425017196334098 -1.084325474742264
-0.15425017196334098 1.0757837088036621
-0.15425017196334098 -3.138037483703183
-0.019693289735919373 0.9972616730329382
-0.019693289735919373 3.0549895736733315
-0.019693289735919373 -1.1682983178670325
0.00018586984776293767 1.0656729492290804
0.00018586984776293767 3.141565149245314
0.00018586984776293767 -1.0657861444065175
-0.03047952672580431 3.0991898318649267
-0.03047952672580431 1.0554266391250622
-0.03047952672580431 -1.1170037104368422
-0.0878280748614682 -1.1497584549736581
-0.0878280748614682 1.1100098244753482
-0.0878280748614682 -3.101602746161453
-0.06299649443979503 -1.0743990501070202
-0.06299649443979503 1.0892355954743425
-0.06299649443979503 -3.1362746442726728
-0.004254465644526481 -3.133603792249443
-0.004254465644526481 1.097857598781977
-0.004254465644526481 -1.0856580224813868
0.03484812019007964 -3.139135268014143
0.03484812019007964 1.078840952705785
0.03484812019007964 -1.0947972370470913
0.043183261770372225 -0.9888524295642223
0.043183261770372225 -2.988439665655568
0.043183261770372225 1.2639400073170337
-0.03977652807322162 0.9801129469887456
-0.03977652807322162 2.9783259338662393
-0.03977652807322162 -1.2791551067447717
0.07903667782727586 3.0600083631655055
0.07903667782727586 1.016603193376639
0.07903667782727586 -1.1394659775845744
0.03908158937742494 -3.089829894868228
0.03908158937742494 1.1419696050469823
0.03908158937742494 -1.0317124162683404
0.3360624008872163 -1.1842822171532472
0.3360624008872163 0.9800831379942232
0.3360624008872163 3.027069929685294
-0.003824796670703327 1.097581894262711
-0.003824796670703327 -1.1009470804078263
-0.003824796670703327 3.1158904121825
0.17791814493803748 0.9825117874127995
0.17791814493803748 3.030025367111135
0.17791814493803748 -1.1907256977640555
-0.07882794993001205 -3.103806968148758
-0.07882794993001205 1.115436605213757
-0.07882794993001205 -1.04969209940077
-0.07131471217005317 -1.0462194915339975
-0.07131471217005317 -3.0712713125368443
-0.07131471217005317 1.1742596882520868
0.018273562621729987 -0.9869709246842611
0.018273562621729987 -3.011112945949541
0.018273562621729987 1.164645767391586
0.09381844706239416 -1.1014536665425585
0.09381844706239416 3.115317922561457
0.09381844706239416 1.0498019346053518
0.03902889601224744 -1.0936990079552484
0.03902889601224744 1.0811735258218256
0.03902889601224744 3.0946867725581035
0.24067348736105204 1.0320241506240317
0.24067348736105204 3.0825456103839897
0.24067348736105204 -1.140992168092121
0.007225679108636939 1.0617889310134008
0.007225679108636939 -1.1194263328023712
0.007225679108636939 3.1096769943928777
-0.07399099111000472 1.0128494104382266
-0.07399099111000472 3.0779270659656066
-0.07399099111000472 -1.1687605626751316
-0.014432557934356677 3.0207560838600696
-0.014432557934356677 -1.1484113030132241
-0.014432557934356677 1.0338266481526859
-0.014437166684655238 -1.1482422245519686
-0.014437166684655238 3.0208767941800336
-0.014437166684655238 1.0338645185854072
0.05077172186657342 -1.0875606774363373
0.05077172186657342 1.4265899758716352
0.05077172186657342 -2.7885213758071434
-0.039820140197322204 -3.087838698013844
-0.039820140197322204 -1.1494180238222114
-0.039820140197322204 1.2406374565274727
0.15508011433620358 3.1106562089301724
0.15508011433620358 1.05221914811901
0.15508011433620358 -1.1157943773900714
-0.04996144194158313 -1.0933211409731063
-0.04996144194158313 1.0781165071698118
-0.04996144194158313 -3.1397185563717946
-0.007440333911825633 -1.1300141452183994
-0.007440333911825633 3.1027785551944036
-0.007440333911825633 1.0419570721205835
0.01799481794523158 -1.3193521005811257
0.01799481794523158 2.847455644487244
0.01799481794523158 0.8137833013895872
-0.0015533853034131345 3.107993376425554
-0.0015533853034131345 -1.1246538907264714
-0.0015533853034131345 1.051689270307962
-0.03767563024863249 0.9235407499408476
-0.03767563024863249 2.933867369901834
-0.03767563024863249 -1.3206875707134842
-0.019162200809824566 -0.8951262389108933
-0.019162200809824566 -2.9032766518264603
-0.019162200809824566 1.356558796957209
0.04747616009725168 1.0203189138161086
0.04747616009725168 3.0744326039766983
0.04747616009725168 -1.1454150988962557
0.069782383805109 3.080399066443432
0.069782383805109 1.035564652797361
0.069782383805109 -1.1410301422586415
-0.0197539270749006 3.095981910357327
-0.0197539270749006 -1.097114310810923
-0.0197539270749006 1.0457768076639105
-0.030400596130383217 3.119123924563871
-0.030400596130383217 1.076006385189808
-0.030400596130383217 -1.1079965341270661
0.13563541029091147 3.003688223555415
0.13563541029091147 -1.233165257241474
0.13563541029091147 0.9414055898186915
0.15172005563175534 -0.9942980334870649
0.15172005563175534 -3.032350987954222
0.15172005563175534 1.196226161828635
-0.0509597848324741 1.1316891054094542
-0.0509597848324741 -1.0482348324925597
-0.0509597848324741 -3.094939441693106
0.0807610739908113 -1.0885248768304403
0.0807610739908113 1.083327581949625
0.0807610739908113 -3.1377599817137316
-0.006302057538767746 -1.0344733455204453
-0.006302057538767746 -3.1105425131056355
-0.006302057538767746 1.1234905787992449
-0.038856466534766376 -1.0540226250109275
-0.038856466534766376 -3.093702269488382
-0.038856466534766376 1.1416092153652797
0.38272630755266124 3.0208483036732043
0.38272630755266124 0.9779432135692048
0.38272630755266124 -1.2135484040260798
-0.09016764551587998 -3.071087630854998
-0.09016764551587998 1.1557033873914861
-0.09016764551587998 -1.0202949876557994
0.0034790154351742883 -3.072847398258992
0.0034790154351742883 1.162767879117891
0.0034790154351742883 -1.023853155303519
0.027087305943315296 1.0185123170320414
0.027087305943315296 3.0898667843503387
0.027087305943315296 -1.164442312270276
0.22717693188027008 0.9461442008328061
0.22717693188027008 -1.2251365532008527
0.22717693188027008 2.9990783906468814
0.03913988518590585 -3.0924531675258167
0.03913988518590585 -1.064534416166602
0.03913988518590585 1.1433000075223214
-0.005421851880158177 1.0706951433681873
-0.005421851880158177 -1.1100799843582019
-0.005421851880158177 3.1225856208155913
0.15740861212395169 -3.107399326057374
0.15740861212395169 -1.0544891784708952
0.15740861212395169 1.1249048284809915
-0.02005193164360962 1.0791123549469743
-0.02005193164360962 -3.111828663627909
-0.02005193164360962 -1.0866072370452948
-0.0340807073158526 -1.180694831279836
-0.0340807073158526 0.9610950477210045
-0.0340807073158526 2.9497852226287824
-0.19482121822840034 -2.9990263547666083
-0.19482121822840034 -0.9484230721132977
-0.19482121822840034 1.220217934523146
-0.027750530056480458 -1.112496925312903
-0.027750530056480458 1.0634399301766284
-0.027750530056480458 3.1132603562387295
0.05714493860322954 -1.1401467851417713
0.05714493860322954 1.1053787555844463
0.05714493860322954 3.1277483329283076
-0.04320307032435879 1.0838956767761527
-0.04320307032435879 -1.0950683092032858
-0.04320307032435879 -3.116303395031332
0.049153390378687406 -1.1429181976565859
0.049153390378687406 3.0763249205443253
0.049153390378687406 1.0248655272587543
0.026480360570466915 -1.104437601536262
0.026480360570466915 3.1291213494883467
0.026480360570466915 1.0776441804381038
0.0030650504856738242 1.1509421341921071
0.0030650504856738242 -3.078180382475664
0.0030650504856738242 -1.0209650681763616
-0.261260598966503 -3.0251953736592525
-0.261260598966503 1.2050850876235726
-0.261260598966503 -0.9635649084374184
-0.06744745950251632 0.9562061213058971
-0.06744745950251632 3.02431815143474
-0.06744745950251632 -1.2009867187215968
-0.15214027315068204 1.0783099456169873
-0.15214027315068204 3.0903868497103537
-0.15214027315068204 -1.096626843851623
0.342858743471301 0.8507677145329242
0.342858743471301 2.909871633945543
0.342858743471301 -1.3125405297921569
-0.11831021305443482 1.092480813833637
-0.11831021305443482 3.1336200716634703
-0.11831021305443482 -1.0759213902219507
0.017444308788267634 -3.0939380089096895
0.017444308788267634 -1.0723833120208996
0.017444308788267634 1.213199134026746
-0.03410612521087276 -1.108670046286349
-0.03410612521087276 1.0841896501038797
-0.03410612521087276 3.128019349485139
0.03129046048057465 -1.1184745315190219
0.03129046048057465 3.128919543055416
0.03129046048057465 1.0582800021301255
-0.04586657552531117 1.1367647555000788
-0.04586657552531117 -3.129570308636966
-0.04586657552531117 -1.0249332554963275
-0.29899907116206964 -0.9533534282578879
-0.29899907116206964 1.2235880759113344
-0.29899907116206964 -3.00270757494244
0.11108478337622903 -1.1655690906271101
0.11108478337622903 1.0147535819155755
0.11108478337622903 3.0648194097701884
-0.08553732796261262 -3.037007920393067
-0.08553732796261262 -0.9607725270308356
-0.08553732796261262 1.2014521843772756
-0.04903470840317776 1.044492980914351
-0.04903470840317776 3.100821787217498
-0.04903470840317776 -1.1271379644003148
-0.031313372289577424 3.108425697719198
-0.031313372289577424 1.0668274340405461
-0.031313372289577424 -1.1279340388606913
-0.0920960212528864 3.0876480791450223
-0.0920960212528864 1.0389441432924305
-0.0920960212528864 -1.152545106640791
0.019704081262582208 -1.007164430670103
0.019704081262582208 1.1679545758640026
0.019704081262582208 -3.062801410926134
-0.11919928420077085 1.0280793081281643
-0.11919928420077085 -1.1510013312897516
-0.11919928420077085 3.0682244375552687
0.10898553353319136 -3.0590557140625054
0.10898553353319136 1.1635007307417302
0.10898553353319136 -1.0223960204849112
0.1103773742961094 3.0276458809751947
0.1103773742961094 0.9964553863660536
0.1103773742961094 -1.1886182782090897
-0.02662227426266538 -0.9978904574352101
-0.02662227426266538 1.154888567864059
-0.02662227426266538 -3.085633462560276
0.13623770500323362 3.050506056962727
0.13623770500323362 1.0163342787617915
0.13623770500323362 -1.1561754410119645
0.03836820575817599 -1.1311199991710468
0.03836820575817599 1.0432646416298135
0.03836820575817599 3.0888791886333613
-0.0810753593591416 -3.058274704934489
-0.0810753593591416 1.1830015801832177
-0.0810753593591416 -0.9939059560948429
-0.24377039944968604 -3.05690204177837
-0.24377039944968604 -1.0118055993531718
-0.24377039944968604 1.1638656457173393
-0.19364151596679072 1.2178204998017503
-0.19364151596679072 -0.9773239971102688
-0.19364151596679072 -3.0094846679328913
0.039153717421264736 3.052518828583835
0.039153717421264736 -1.1557332099876538
0.039153717421264736 0.9963046878110218
-0.08686518115936405 -3.080892209425306
-0.08686518115936405 1.1440388512692734
-0.08686518115936405 -1.0294163898408735
-0.061392886125721684 3.1351789781147654
-0.061392886125721684 1.0742832066773726
-0.061392886125721684 -1.0989566050163722
0.06906013391831181 1.098260599886029
0.06906013391831181 -3.1387119665361367
0.06906013391831181 -1.0806576418521159
-0.1373053244354294 -0.9714922081475067
-0.1373053244354294 -3.024259145860825
-0.1373053244354294 1.2158909584442288
0.03613360799046376 -1.0787693286378492
0.03613360799046376 1.0984794666070576
0.03613360799046376 -3.139280937265814
-0.27847740100369056 -1.0554377116085292
-0.27847740100369056 -3.092836317352139
-0.27847740100369056 1.1178300886927408
-0.13723201067269095 1.0598607214548337
-0.13723201067269095 -1.0645740832287762
-0.13723201067269095 -3.1205122250441186
0.21287412110691056 0.9572934770358101
0.21287412110691056 3.0113870276032917
0.21287412110691056 -1.2156215602578968
-0.01928209441987802 1.096818844115818
-0.01928209441987802 3.1350445121247543
-0.01928209441987802 -1.077239275445093
-0.06027308240605564 3.0933078527312103
-0.06027308240605564 1.028736211675565
-0.06027308240605564 -1.1446453751489727
0.02728073889537984 3.0845512237467916
0.02728073889537984 -1.1384397707262564
0.02728073889537984 1.0446825986217552
0.05484802872401929 3.1016054739607113
0.05484802872401929 -1.1307152351413678
0.05484802872401929 1.0335784064131603
-0.06589556113678094 -3.0513256256034844
-0.06589556113678094 1.1819776109303302
-0.06589556113678094 -1.0043217105333249
-0.07412453490101513 -1.0393123620947446
-0.07412453490101513 -3.102896207785762
-0.07412453490101513 1.1352531394828
0.33801880266450546 3.106939964559027
0.33801880266450546 1.0813405764579855
0.33801880266450546 -1.1656515824857427
0.08863733603978163 -1.2108658548548323
0.08863733603978163 0.9662512650902075
0.08863733603978163 3.0067643385248446
0.16296619097801315 -1.100407850282738
0.16296619097801315 3.0583224933919726
0.16296619097801315 1.0396906724058381
0.02284660368818056 1.085439406325249
0.02284660368818056 -1.1049360919863918
0.02284660368818056 3.1348679924202605
-0.039424331243582376 -3.1397049805749204
-0.039424331243582376 1.1126987629363805
-0.039424331243582376 -1.0735065843438083
-0.11028248340419376 -2.7013651524322198
-0.11028248340419376 -1.1184564357561786
-0.11028248340419376 1.3369328758410177
0.12176668227351703 -1.1077843785059007
0.12176668227351703 3.1314343395829964
0.12176668227351703 1.0736879511984903
0.03194518721146267 1.0476204365814987
0.03194518721146267 -1.1419551374137937
0.03194518721146267 3.116393211874907
0.07559659809469092 -1.13816343910519
0.07559659809469092 3.0419027148267284
0.07559659809469092 0.9816593178873998
-0.20892990768658826 -3.049551867036172
-0.20892990768658826 1.1667030248869885
-0.20892990768658826 -1.0178545557971268
0.3221481254826946 1.0398261243132323
0.3221481254826946 -1.1346641413255856
0.3221481254826946 3.0775889464646617
-0.14812323700026359 -1.022210339845879
-0.14812323700026359 1.1316678348636218
-0.14812323700026359 -3.085510322082722
0.011321855694738007 1.0298583934764938
0.011321855694738007 -1.1496098753628896
0.011321855694738007 3.08864075889082
-0.3501407098544569 -0.9705396084773458
-0.3501407098544569 1.2108493980913666
-0.3501407098544569 -3.027536010377846
-0.0077271027842759545 1.014245463471878
-0.0077271027842759545 3.0587696769891353
-0.0077271027842759545 -1.172334129013714
0.0010325007796277332 3.1059903539395695
0.0010325007796277332 -1.127709378222325
0.0010325007796277332 1.0505825002170246
0.014237931108574797 -1.123537929835839
0.014237931108574797 3.101374656213921
0.014237931108574797 1.0593059431821588
0.1450751665160329 0.9789827059729738
0.1450751665160329 3.0510840859900923
0.1450751665160329 -1.1978999251882019
-0.06740293283620795 1.1208534807612167
-0.06740293283620795 -3.098746409167959
-0.06740293283620795 -1.079422349953937
0.04183336912005809 -3.1347463689897777
0.04183336912005809 1.0889385215358147
0.04183336912005809 -1.0928056631633525
-0.23684073249768417 -3.0587962046418156
-0.23684073249768417 1.1795277115991452
-0.23684073249768417 -0.9912713608754097
0.000791990529813516 -1.0599771536328946
0.000791990529813516 1.10651340870686
0.000791990529813516 -3.1244707271479464
0.1596462090304203 0.9558613315244082
0.1596462090304203 2.978468806443564
0.1596462090304203 -1.1090592380326831
0.10278106887521486 1.064389489546019
0.10278106887521486 3.1177901616629793
0.10278106887521486 -1.1207112385936773
0.09979066760512638 2.9961434461172303
0.09979066760512638 0.9429910483535574
0.09979066760512638 -1.2246574920126316
0.18666160056944672 0.9951898498754651
0.18666160056944672 -1.115189551328482
0.18666160056944672 -2.797233895813465
-0.008032391855458032 1.0149897149593206
-0.008032391855458032 3.0585147132666832
-0.008032391855458032 -1.1716900271091757
-0.005164742185060633 3.0930004215036004
-0.005164742185060633 1.075453253707575
-0.005164742185060633 -1.0895149560016943
-0.03661040924319572 1.062839578205945
-0.03661040924319572 -1.1034330400586112
-0.03661040924319572 3.119493933195642
-0.30339457433162986 -1.0936680708885325
-0.30339457433162986 3.125969422013903
-0.30339457433162986 1.0712456694241874
0.10252394187315103 3.0806488233577163
0.10252394187315103 -1.102149780670542
0.10252394187315103 1.0173400226397915
-0.009923079950539947 3.1121541995328865
-0.009923079950539947 1.07771065673777
-0.009923079950539947 -1.0875304468976268
-0.03418263487029116 1.0515424861481824
-0.03418263487029116 -1.1119473639953132
-0.03418263487029116 3.1126729485787292
0.3496017771042116 3.1321395755652106
0.3496017771042116 1.0776443933381594
0.3496017771042116 -1.0868129743978694
-0.02099500488835194 1.1076810217275004
-0.02099500488835194 -3.11381030097431
-0.02099500488835194 -1.050059353355896
-0.15923997305120724 -1.0841730234152414
-0.15923997305120724 1.089980250429955
-0.15923997305120724 -3.1339338842393007
-0.12857732122252932 -0.9582037115368088
-0.12857732122252932 1.3745813089335426
-0.12857732122252932 -2.9386867895484894
-0.0003412097923794947 -3.0697527738472288
-0.0003412097923794947 -1.0262553674342427
-0.0003412097923794947 1.1743605451105257
-0.10477957056611253 -1.052487864625046
-0.10477957056611253 -3.0979347495418614
-0.10477957056611253 1.1365452739019788
-0.29983365090373754 -1.0594486560078167
-0.29983365090373754 -3.1043937363543264
-0.29983365090373754 1.092570822376233
-0.010539506461368012 3.10743279362362
-0.010539506461368012 1.0779915575891053
-0.010539506461368012 -1.0899270084829982
-0.034258298450364114 1.0567091106366855
-0.034258298450364114 -1.109281616827599
-0.034258298450364114 3.115627430788571
0.11387870147258251 -1.1714457022539042
0.11387870147258251 3.056071067333528
0.11387870147258251 1.0054500257631718
-0.16431448404217688 -0.9990104425107643
-0.16431448404217688 1.1660352468831843
-0.16431448404217688 -3.0703125842536907
-0.15526650083441057 -1.0703196833450972
-0.15526650083441057 1.0927680244674776
-0.15526650083441057 -3.1254657992080226
0.01954310298090055 1.0544209930212705
0.01954310298090055 -1.1093842458346865
0.01954310298090055 3.1209478559139003
0.12506654164261183 -1.1263497712512343
0.12506654164261183 1.039748848755655
0.12506654164261183 3.09035558158412
-0.009624924531709354 3.1182310115693816
-0.009624924531709354 1.0790268217883032
-0.009624924531709354 -1.0907588841682043
-0.030394489087117286 1.0499727073113019
-0.030394489087117286 -1.1146934988611634
-0.030394489087117286 3.1091816064971134
-0.12271308589721557 1.1314609788775198
-0.12271308589721557 -3.1116500297846637
-0.12271308589721557 -1.0451046704061784
-0.2559150731969205 1.2332312493529793
-0.2559150731969205 -0.9447694190017453
-0.2559150731969205 -2.989114169487928
0.06786302500883666 3.1185637292394155
0.06786302500883666 1.0547104746872116
0.06786302500883666 -1.1178134131812594
0.012014931200740655 1.0591283097151374
0.012014931200740655 3.1135812187234637
0.012014931200740655 -1.1174330676263384
0.01068738551316174 -1.0662245054466435
0.01068738551316174 -3.112951455534231
0.01068738551316174 1.1153796256715385
-0.031984005152774095 3.1348790984071995
-0.031984005152774095 1.0672430892670572
-0.031984005152774095 -1.1138188307673564
0.04381294543173872 -1.1658692742594137
0.04381294543173872 0.9835256668683647
0.04381294543173872 3.0429595996520935
-0.1272349855035709 1.1661647375670658
-0.1272349855035709 -3.1142494715296363
-0.1272349855035709 -1.001987630933048
0.037280668050874426 3.0628627929073
0.037280668050874426 -1.1673745826935227
0.037280668050874426 1.0482111422724258
-0.0759202688439212 -1.1688548630829745
-0.0759202688439212 1.0023503149168214
-0.0759202688439212 3.0423930116736946
0.13064793580359274 -1.1145869887827122
0.13064793580359274 3.1379902117601848
0.13064793580359274 0.9627160521417172
-0.04472524338027681 -3.1327309855143923
-0.04472524338027681 -1.0875828100595448
-0.04472524338027681 1.0762252401368433
-0.08247300594471339 -3.0745459553103065
-0.08247300594471339 -0.9904657916632295
-0.08247300594471339 1.1662892435522296
-0.2513077348868968 -2.988163369855132
-0.2513077348868968 1.1909773193745872
-0.2513077348868968 -0.9378365352786001
0.08052057802533526 -1.0634401632459476
0.08052057802533526 1.0804723343974632
0.08052057802533526 -3.1406813815898316
-0.06027308240605564 3.0933078527312103
-0.06027308240605564 1.028736211675565
-0.06027308240605564 -1.1446453751489727
0.0433922630298013 1.1071811806405656
0.0433922630298013 -1.069965382449084
0.0433922630298013 -3.1258394736742834
-0.0038267950552753546 -3.0480539895614687
-0.0038267950552753546 -1.0210028728678981
-0.0038267950552753546 1.1645614637613158
0.12506654164261183 -1.1263497712512343
0.12506654164261183 1.039748848755655
0.12506654164261183 3.09035558158412
0.10709605841217487 -1.1350166080243242
0.10709605841217487 1.075888773439565
0.10709605841217487 3.1098435979871417
-0.1941678862297913 1.166314476059462
-0.1941678862297913 -1.0020385869148105
-0.1941678862297913 -3.0623932626026016
-0.07983709833399244 -3.062037839828727
-0.07983709833399244 -1.0047221866425255
-0.07983709833399244 1.1767690351263496
-0.011075502066129568 -1.0981923953901214
-0.011075502066129568 3.135987290201808
-0.011075502066129568 1.0799335097165366
0.00907136360889517 1.0844983504157375
0.00907136360889517 -1.1049132385869356
0.00907136360889517 3.136124710095561
-0.2699534401804578 -3.0527522392133077
-0.2699534401804578 -0.9910282912511159
-0.2699534401804578 1.1628524421405997
0.06678635659258153 1.0526664890748563
0.06678635659258153 -1.1054205633256116
0.06678635659258153 3.112319255001386
-0.12872704677726232 1.4476195371473835
-0.12872704677726232 -2.5326881895754516
-0.12872704677726232 -0.9172052041220876
-0.1259470610468938 1.0459566097310997
-0.1259470610468938 3.1115287260500812
-0.1259470610468938 -1.224637458935893
0.01732627109863738 -3.087961000984065
0.01732627109863738 -1.0387478376112562
0.01732627109863738 1.1126834685509568
0.04657685386320213 3.108876081896747
0.04657685386320213 1.0936295668846825
0.04657685386320213 -1.111511723181396
0.11153385597428003 1.191798789062041
0.11153385597428003 -3.043063406329486
0.11153385597428003 -0.9841014038850912
-0.09204340726824065 1.1520260830132534
-0.09204340726824065 -1.0562428079645934
-0.09204340726824065 -3.0879418416744295
0.0003181582468593205 -0.9871437198196363
0.0003181582468593205 1.1772802777390692
0.0003181582468593205 -3.068646329140959
-0.08776841884576729 -3.136764742668367
-0.08776841884576729 1.0941033315077917
-0.08776841884576729 -1.0824032356641038
-0.2299366271828501 -3.033997797334492
-0.2299366271828501 1.1564350383786473
-0.2299366271828501 -0.9828586850324488
0.1990594135833205 3.0540971203184712
0.1990594135833205 -1.160063360770143
0.1990594135833205 1.010888861354116
-0.28103549091161023 -3.0871316534095747
-0.28103549091161023 -1.0333607630967492
-0.28103549091161023 1.1476249641672738
0.10263690532537968 0.9796141914495563
0.10263690532537968 -1.1822921652967384
0.10263690532537968 3.038529454037467
0.068456251362531 -2.9637507862059014
0.068456251362531 1.2554181333007388
0.068456251362531 -1.0378199168720645
-0.008726737855616964 3.1016019994008195
-0.008726737855616964 1.0750872368877655
-0.008726737855616964 -1.088078734178589
-0.03443212432955416 1.0568983239285752
-0.03443212432955416 -1.1073134700432505
-0.03443212432955416 3.117050709656236
-0.11568196354401548 1.223879653280538
-0.11568196354401548 -2.9537259683185635
-0.11568196354401548 -0.9269765926235212
0.14472260817229915 0.967326069872196
0.14472260817229915 -1.1703498218662904
0.14472260817229915 2.982713013469554
-0.01833792558351541 -3.041399939630507
-0.01833792558351541 -0.9866736229107537
-0.01833792558351541 1.1805955345857702
-0.08902210806032793 -1.072545092234007
-0.08902210806032793 -3.1411387747734856
-0.08902210806032793 1.1009735950658905
-0.09893317937398775 -3.0150120976145782
-0.09893317937398775 -0.9507893767711715
-0.09893317937398775 1.207458138271681
-0.08065676387852233 1.1030391821654641
-0.08065676387852233 -3.1284283184459043
-0.08065676387852233 -1.080489446376222
-0.01890765099702564 -1.028028372586772
-0.01890765099702564 -3.0841629257700776
-0.01890765099702564 1.1571279052638976
-0.01527893284806594 -1.0934349923764963
-0.01527893284806594 1.0672170799378953
-0.01527893284806594 3.1391454426015537
-0.025497482641947723 3.0310852083012754
-0.025497482641947723 0.9670866740685852
-0.025497482641947723 -1.1961586633058787
-0.15698783857203502 1.120202870530634
-0.15698783857203502 -1.0464919385309903
-0.15698783857203502 -3.0960509402742202
-0.11572455331421683 0.938817923487942
-0.11572455331421683 2.9469119302700504
-0.11572455331421683 -1.269873103398711
0.08816931354645553 -1.2891475245333666
0.08816931354645553 0.7955884963413321
0.08816931354645553 2.9859938538516806
-0.12085617653989855 -1.0882797285470496
-0.12085617653989855 -3.1274485726954167
-0.12085617653989855 1.0792040841998292
0.03461082069865214 1.1237679861743055
0.03461082069865214 -1.0548712910114202
0.03461082069865214 -3.097250162085852
0.07850969419379977 -1.0398477566029776
0.07850969419379977 1.133825245497428
0.07850969419379977 -3.088578303107098
0.18058389195382654 -1.1343676115774428
0.18058389195382654 3.096359897116046
0.18058389195382654 1.0622779685643609
0.09833018733141051 1.1397710363085618
0.09833018733141051 -1.0325454601647752
0.09833018733141051 -3.088457835458762
0.06618721664604212 -2.817432670297786
0.06618721664604212 -0.8114539859889383
0.06618721664604212 1.3678179578400445
0.0566971148285678 -1.0489022102646637
0.0566971148285678 1.1028463259475594
0.0566971148285678 -3.112597722192277
-0.3398171291390132 -1.025818343142071
-0.3398171291390132 -3.0711649579899176
-0.3398171291390132 1.148766671236651
-0.030433396707440503 1.1539997383597378
-0.030433396707440503 -1.016117368281341
-0.030433396707440503 -3.070581369697947
-0.12763832283491136 -0.9397720700648473
-0.12763832283491136 -2.9946730690749996
-0.12763832283491136 1.2398205888089437
-0.07575072884252955 -3.099538009089799
-0.07575072884252955 1.0961459610399207
-0.07575072884252955 -1.027268909812892
0.03479785211465409 1.0468763446525806
0.03479785211465409 -1.1289360790386778
0.03479785211465409 3.099478346279478
-0.09989904035213146 1.1295954460280058
-0.09989904035213146 -3.0958379052935876
-0.09989904035213146 -1.055451309485718
-0.24149663225620646 1.0972618677065942
-0.24149663225620646 -1.0777484371193127
-0.24149663225620646 -3.1241015951010342
0.05590930442672122 -1.077250994557106
0.05590930442672122 3.070407918524204
0.05590930442672122 1.1541568566195346
-0.013874908045056797 1.0956022531425846
-0.013874908045056797 -3.126862206779042
-0.013874908045056797 -1.0653850085849912
8.492724320436566e-05 3.0826068170431293
8.492724320436566e-05 1.074558306546727
8.492724320436566e-05 -1.0932845528985204
-0.035766291077029194 1.0602366513582917
-0.035766291077029194 -1.0993885654656428
-0.035766291077029194 3.125232664733725
0.154209171933372 -1.1501025478687936
0.154209171933372 1.002127458857826
0.154209171933372 3.053069319861314
-0.046098169147860246 1.14135414939316
-0.046098169147860246 -0.9979975435138209
-0.046098169147860246 -3.056807053509117
-0.02977888086822101 -3.090832852345457
-0.02977888086822101 -1.0364872573346549
-0.02977888086822101 1.1337160531918713
-0.10108598218830708 -3.115345368640437
-0.10108598218830708 1.119588084788667
-0.10108598218830708 -1.0878240743235879
0.05525679161417244 3.0613830432660927
0.05525679161417244 1.109338780495607
0.05525679161417244 -1.0247722634992928
-0.13727746296941934 1.1279698048250109
-0.13727746296941934 -1.0370753516630373
-0.13727746296941934 -3.0965315064068215
-0.05769925586631983 -3.049592906622937
-0.05769925586631983 1.1788467011061314
-0.05769925586631983 -1.0083548053647864
-0.0378400184100045 -1.0700492360552756
-0.0378400184100045 1.1046129776680476
-0.0378400184100045 -3.117394326967758
-0.0419255381139004 -1.0451715902566399
-0.0419255381139004 -3.1115543391194214
-0.0419255381139004 1.14084998442889
-0.09006522620693226 -3.1235140909747776
-0.09006522620693226 -1.0720140432972074
-0.09006522620693226 1.0944129529723798
-0.011353390106713691 1.0325718226440623
-0.011353390106713691 -1.10521750782515
-0.011353390106713691 3.1131637517034627
-0.10032519036678769 -3.075047790730404
-0.10032519036678769 1.161014056526341
-0.10032519036678769 -1.021290988065724
0.10216447723064523 1.0721660549132528
0.10216447723064523 -1.100176620389769
0.10216447723064523 -3.129751967257675
-0.02151956968412501 1.056876942749952
-0.02151956968412501 3.0998394151910817
-0.02151956968412501 -1.1206265578294472
0.09162008785561784 -1.1434217310059867
0.09162008785561784 3.0860972512647464
0.09162008785561784 1.0269503402694744
-0.009293514195997298 1.0028762899805617
-0.009293514195997298 -1.1622780259670786
-0.009293514195997298 3.0712730340770973
-0.058750795266887805 1.1577422269963782
-0.058750795266887805 -0.9948443656570058
-0.058750795266887805 -3.061015013606938
0.09749283067752015 1.0410940224583007
0.09749283067752015 -1.1231883222174948
0.09749283067752015 3.0920988700350747
0.30700763416251176 1.1284516380488703
0.30700763416251176 -1.0419969697383789
0.30700763416251176 -3.119230045303449
-0.0688424228506878 -3.074852668717778
-0.0688424228506878 1.1493205887507854
-0.0688424228506878 -1.0285791896929908
0.29934601224560314 3.0103885312584486
0.29934601224560314 -1.1841395891237225
0.29934601224560314 0.9708921889050756
-0.33676134538112285 1.1869480249954227
-0.33676134538112285 -0.9893774547003582
-0.33676134538112285 -3.0401294206016103
-0.1092623447629734 -3.0153779212320964
-0.1092623447629734 1.2071442149832177
-0.1092623447629734 -0.9881208349627325
-0.013412186467715166 -1.12881564562538
-0.013412186467715166 3.11392625228673
-0.013412186467715166 1.044866318981063
0.13869559278480723 3.1267902552801
0.13869559278480723 1.0791776120479601
0.13869559278480723 -1.0877686690510726
-0.1284227149845909 -1.0320878108885378
-0.1284227149845909 -3.0334231060151673
-0.1284227149845909 1.1248801536587942
0.05204024013917605 -1.1037532792560394
0.05204024013917605 1.0360362661699478
0.05204024013917605 3.119487043275432
0.035475830734430475 1.0894316880029422
0.035475830734430475 -1.0747072720166246
0.035475830734430475 3.123783030152414
-0.22629875826768783 1.208992093037337
-0.22629875826768783 -3.0125260876380375
-0.22629875826768783 -0.9715043491566654
0.040509562495898245 1.130748726843084
0.040509562495898245 -3.106535428332886
0.040509562495898245 -1.045359210034821
-0.0772242555370235 -3.0999640478765342
-0.0772242555370235 1.1412873916055264
-0.0772242555370235 -1.043552583863805
0.11388808317857103 -1.1298053229770166
0.11388808317857103 3.105070696368682
0.11388808317857103 1.0599415768822151
0.006814402449337284 -3.0076476912216896
0.006814402449337284 1.2020320475468487
0.006814402449337284 -0.9731606164699629
-0.11854534516450492 1.112796954782648
-0.11854534516450492 -3.124667228361212
-0.11854534516450492 -1.079022886028496
-0.10108414855969533 -3.140655229996832
-0.10108414855969533 -1.072379444284672
-0.10108414855969533 1.1056705997980747
-0.0424486831780364 3.054130632035247
-0.0424486831780364 0.9783954448474671
-0.0424486831780364 -1.1740910424654099
-0.08022565964768615 -3.094315645644711
-0.08022565964768615 1.1275701872898813
-0.08022565964768615 -1.035537493495386
0.08108327609391917 1.0978090639671882
0.08108327609391917 -1.0566673377791507
0.08108327609391917 -3.0901836609382096
0.08743732947391113 3.068154946677735
0.08743732947391113 -1.1355838860100376
0.08743732947391113 1.0380240127880147
-0.06783257883192315 1.3251893461280928
-0.06783257883192315 -2.6114374911869445
-0.06783257883192315 -1.0423224750856628
-0.08357083112671378 -3.0070710730400343
-0.08357083112671378 1.2296332331135964
-0.08357083112671378 -0.9554591077041162
-0.12279903885465879 1.0286348255544684
-0.12279903885465879 3.083779761040826
-0.12279903885465879 -1.158541117840807
-0.00945124055414492 1.0375114566104742
-0.00945124055414492 -1.1202529634123912
-0.00945124055414492 3.108606086192538
-0.0021881343957008276 -1.121091316135509
-0.0021881343957008276 1.022281721234504
-0.0021881343957008276 3.096190825343617
-0.043518970393773504 -1.055888317898427
-0.043518970393773504 -3.099137262383174
-0.043518970393773504 1.1062111039090874
0.08477496703033034 -1.0629107530410233
0.08477496703033034 1.1015774878405993
0.08477496703033034 -3.1392089754327284
-0.09963561084544321 -3.124871200127757
-0.09963561084544321 1.0922129791238422
-0.09963561084544321 -1.0808950684211174
0.046066287352492366 -1.0812603140288182
0.046066287352492366 1.0896379230484958
0.046066287352492366 -3.13316482909239
0.3270222835177241 -1.1514679183267065
0.3270222835177241 3.0698487765627385
0.3270222835177241 1.0208237924722565
-0.002804434964577607 0.8374826196522287
-0.002804434964577607 -1.3506684724289175
-0.002804434964577607 2.8092281545097824
-0.052840679087617276 -3.119869000086325
-0.052840679087617276 1.1223252735747447
-0.052840679087617276 -1.0487907609531768
-0.014117664224506324 3.132849454921814
-0.014117664224506324 -1.1147090078519484
-0.014117664224506324 1.0752850217740035
0.03490305117509363 1.0427153064986694
0.03490305117509363 3.1376985617005504
0.03490305117509363 -1.1161442520374067
-0.09107308996919705 -3.1349511093759337
-0.09107308996919705 -1.0767567044064277
-0.09107308996919705 1.0942889712554498
0.2797713469564631 3.059351301993575
0.2797713469564631 -1.1739187414285155
0.2797713469564631 0.9864349458620378
-0.09160091053577599 -1.00368052521641
-0.09160091053577599 1.1613696043407649
-0.09160091053577599 -3.0547008819226824
-0.02831040811204238 1.1114043502962785
-0.02831040811204238 -1.0758006724910398
-0.02831040811204238 -3.130221047205976
-0.025968440157815135 1.1584949381362806
-0.025968440157815135 -3.067463729364013
-0.025968440157815135 -1.0156339814405595
-0.0004811221975866492 -1.184992085502652
-0.0004811221975866492 1.0746294404455117
-0.0004811221975866492 -3.0836371494364894
-0.08812107308950211 1.1106416488306277
-0.08812107308950211 -3.1238405148750403
-0.08812107308950211 -1.0462416807739006
0.05747406850538682 -1.0298555206259725
0.05747406850538682 1.0695954032490933
0.05747406850538682 3.0980038309044464
-0.1720674010258077 -1.1021759644554523
-0.1720674010258077 1.0730054895884857
-0.1720674010258077 3.1307773096910503
-0.26182177165207726 -3.0130227408631916
-0.26182177165207726 1.1969299503480912
-0.26182177165207726 -0.9990839869064261
0.22721942085832594 0.969946093574828
0.22721942085832594 3.0280226149687843
0.22721942085832594 -1.16555526643275
7.917841763634335e-05 3.1415658170012297
7.917841763634335e-05 1.0950828713446352
7.917841763634335e-05 -1.095155271053989
0.03949370722893908 0.9362626028725228
0.03949370722893908 -0.7578317401608043
0.03949370722893908 -3.042797001691763
0.041148974338419825 1.0917664444702193
0.041148974338419825 3.140740559045456
0.041148974338419825 -1.0916602512950466
-0.008079116423608038 1.0034902251424707
-0.008079116423608038 3.0586628661256734
-0.008079116423608038 -1.153598661023102
-0.08118171253926873 0.9441099510352445
-0.08118171253926873 -1.2799348464509608
-0.08118171253926873 3.053430481282049
0.012256348214592209 -1.140490024373485
0.012256348214592209 1.0308937012431418
0.012256348214592209 3.077667964314469
-0.10109581220512946 -1.0061461895074617
-0.10109581220512946 -3.0498523984076864
-0.10109581220512946 1.1862587547157817
-0.03788305614884342 2.8167987402094905
-0.03788305614884342 0.7039482993329047
-0.03788305614884342 -1.52801345446175
0.2706223169108903 -1.1090787033046914
0.2706223169108903 1.051816992836332
0.2706223169108903 3.07126926988146
-0.08915130360516176 1.1188273874457848
-0.08915130360516176 -3.112997182884238
-0.08915130360516176 -1.0609168648675584
0.2159999519009978 3.1084617654768643
0.2159999519009978 1.0515149189878745
0.2159999519009978 -1.1129867713624755
-0.10781641139024131 -1.0118066687361296
-0.10781641139024131 1.1580792142993197
-0.10781641139024131 -3.0767154202074423
0.028458168008665182 -3.0967383225601455
0.028458168008665182 -1.0467844445364476
0.028458168008665182 1.127222876945461
-0.04863973158009184 1.1141601341387164
-0.04863973158009184 -1.0607830032835734
-0.04863973158009184 -3.0923292870040537
-0.2645476130829504 -0.7022656468663506
-0.2645476130829504 1.4738836035214633
-0.2645476130829504 -2.7929173796722586
0.12480458825211516 -1.0987087189738811
0.12480458825211516 -3.1403372654161084
0.12480458825211516 1.0867470180444792
0.004151475930898272 -1.1401361633733953
0.004151475930898272 3.0420255892170975
0.004151475930898272 1.0189589768330354
-0.23293604881863433 -1.2314381562434213
-0.23293604881863433 1.1598898767911572
-0.23293604881863433 2.9051976014667256
-0.01255898164391593 -1.0280611746994195
-0.01255898164391593 1.1557327715269294
-0.01255898164391593 -3.0736832809958865
0.004205174370916479 3.1193257553936196
0.004205174370916479 -1.1127961477296615
0.004205174370916479 1.05309496046672
-0.2912099624556304 -0.9683455298554757
-0.2912099624556304 1.2012030351665468
-0.2912099624556304 -3.0184656391437685
0.035174656632028255 3.096909509528969
0.035174656632028255 -1.1519408119934642
0.035174656632028255 1.033673541579114
-0.22615054368679832 -3.099194649947497
-0.22615054368679832 1.129173675905246
-0.22615054368679832 -1.0445783233090022
-0.1482376816432022 -1.1258382999297947
-0.1482376816432022 3.1138826028962274
-0.1482376816432022 1.0500128818696597
0.04909078695319718 1.0980368698126612
0.04909078695319718 -1.0864980323441091
0.04909078695319718 -3.133937825766783
0.02712727959845393 1.0322330367786978
0.02712727959845393 3.0848383543577893
0.02712727959845393 -1.1326803603216975
-0.15291010812325911 -1.1396916404808732
-0.15291010812325911 2.9445145465779143
-0.15291010812325911 1.280751836357847
0.022418374541473888 3.035716450892443
0.022418374541473888 -1.1827352681903318
0.022418374541473888 1.0837160525846656
0.05808576333734033 -1.0916711666209866
0.05808576333734033 3.132358636282642
0.05808576333734033 1.0946010372933397
