Torsion_1 Torsion_2
2.167775387652166 1.9329855940079224
2.167775387652166 -1.1766055982433261
-0.9686047635509212 1.9329855940079224
-0.9686047635509212 -1.1766055982433261
1.7652108904047459 -0.5647228327545742
1.7652108904047459 2.6187322661761288
-1.3427392970025285 -0.5647228327545742
-1.3427392970025285 2.6187322661761288
1.2632010208804096 0.3029228343866216
1.2632010208804096 -2.878437841330815
-1.9033067905441454 0.3029228343866216
-1.9033067905441454 -2.878437841330815
-1.0328854336691027 2.6151064898056675
-1.0328854336691027 -0.6385929154735663
2.09450176572743 2.6151064898056675
2.09450176572743 -0.6385929154735663
2.9461612557961327 -1.4915743659715806
2.9461612557961327 1.6567385129443684
-0.2770262084997501 -1.4915743659715806
-0.2770262084997501 1.6567385129443684
2.1460431307617314 -0.568858420354673
2.1460431307617314 2.621066014979132
2.1460431307617314 -0.568858420354673
2.1460431307617314 2.621066014979132
-0.9710938060602248 -0.568858420354673
-0.9710938060602248 2.621066014979132
-0.9710938060602248 -0.568858420354673
-0.9710938060602248 2.621066014979132
3.1313453261210307 1.7537264466577507
3.1313453261210307 -1.3396366731674116
-0.06530885131619171 1.7537264466577507
-0.06530885131619171 -1.3396366731674116
3.0164861760910875 -1.1901635278087497
3.0164861760910875 1.945351842804624
3.0164861760910875 -1.1901635278087497
3.0164861760910875 1.945351842804624
-0.13085468804617503 -1.1901635278087497
-0.13085468804617503 1.945351842804624
-0.13085468804617503 -1.1901635278087497
-0.13085468804617503 1.945351842804624
2.3078524240967964 -0.6521786601346887
2.3078524240967964 2.5515922599625362
2.3078524240967964 -0.6521786601346887
2.3078524240967964 2.5515922599625362
-0.8519754612671577 -0.6521786601346887
-0.8519754612671577 2.5515922599625362
-0.8519754612671577 -0.6521786601346887
-0.8519754612671577 2.5515922599625362
-2.9949087189761574 -1.8970318983433252
-2.9949087189761574 1.254054694909728
0.18831305260904121 -1.8970318983433252
0.18831305260904121 1.254054694909728
-2.358800741264826 -1.7969260058300622
-2.358800741264826 1.2893536767001175
0.7819310644041729 -1.7969260058300622
0.7819310644041729 1.2893536767001175
-1.768193835785838 0.24751404253305764
-1.768193835785838 -2.9074676992981217
1.399443627968591 0.24751404253305764
1.399443627968591 -2.9074676992981217
1.65907645516694 -0.588947261265687
1.65907645516694 2.5935258491414896
1.65907645516694 -0.588947261265687
1.65907645516694 2.5935258491414896
-1.4828536217001484 -0.588947261265687
-1.4828536217001484 2.5935258491414896
-1.4828536217001484 -0.588947261265687
-1.4828536217001484 2.5935258491414896
1.2520279353094956 -2.3456861613028055
1.2520279353094956 0.9030318147308121
-1.87012728185186 -2.3456861613028055
-1.87012728185186 0.9030318147308121
1.6094645660215232 -0.030121540098503256
1.6094645660215232 3.114383668203984
-1.471971608978196 -0.030121540098503256
-1.471971608978196 3.114383668203984
1.4490983999637959 -3.134119329789321
1.4490983999637959 0.10963312375967307
-1.7014146767523728 -3.134119329789321
-1.7014146767523728 0.10963312375967307
1.532970531253589 -1.9888248213281445
1.532970531253589 1.123338759074334
1.532970531253589 -1.9888248213281445
1.532970531253589 1.123338759074334
-1.5563512291649568 -1.9888248213281445
-1.5563512291649568 1.123338759074334
-1.5563512291649568 -1.9888248213281445
-1.5563512291649568 1.123338759074334
-1.0417018046862003 2.731240826253781
-1.0417018046862003 -0.4878724198190928
-1.0417018046862003 2.731240826253781
-1.0417018046862003 -0.4878724198190928
2.089121901256645 2.731240826253781
2.089121901256645 -0.4878724198190928
2.089121901256645 2.731240826253781
2.089121901256645 -0.4878724198190928
1.229235730855992 -1.6292870918541988
1.229235730855992 1.427413308452091
-1.8203124707070846 -1.6292870918541988
-1.8203124707070846 1.427413308452091
-1.0792506100985217 -0.9112504946202977
-1.0792506100985217 2.2880970188741623
2.0717127854048165 -0.9112504946202977
2.0717127854048165 2.2880970188741623
-1.428723958401565 1.6834100302032773
-1.428723958401565 -1.4324768932898633
-1.428723958401565 1.6834100302032773
-1.428723958401565 -1.4324768932898633
1.7003569960539575 1.6834100302032773
1.7003569960539575 -1.4324768932898633
1.7003569960539575 1.6834100302032773
1.7003569960539575 -1.4324768932898633
-2.203863420614294 0.9013571980908212
-2.203863420614294 -2.277105946450745
0.9465270500113734 0.9013571980908212
0.9465270500113734 -2.277105946450745
-1.3160970817190594 -0.3292479444677591
-1.3160970817190594 2.8594256511217573
1.7925142621280523 -0.3292479444677591
1.7925142621280523 2.8594256511217573
-1.9233988439444494 0.3668988353908748
-1.9233988439444494 -2.8720458774417166
1.2175364849185846 0.3668988353908748
1.2175364849185846 -2.8720458774417166
0.8747769290435304 -2.736868567858232
0.8747769290435304 0.46352258371519806
0.8747769290435304 -2.736868567858232
0.8747769290435304 0.46352258371519806
-2.2892140564365144 -2.736868567858232
-2.2892140564365144 0.46352258371519806
-2.2892140564365144 -2.736868567858232
-2.2892140564365144 0.46352258371519806
-2.342781782031818 1.2852061092825597
-2.342781782031818 -1.8226448747199457
0.8668495888555969 1.2852061092825597
0.8668495888555969 -1.8226448747199457
2.697383121906819 -1.0046991370961282
2.697383121906819 2.21076541463385
2.697383121906819 -1.0046991370961282
2.697383121906819 2.21076541463385
-0.5388783376851267 -1.0046991370961282
-0.5388783376851267 2.21076541463385
-0.5388783376851267 -1.0046991370961282
-0.5388783376851267 2.21076541463385
2.6443888266709457 -0.8383832764461073
2.6443888266709457 2.368575834818186
-0.5664771414046886 -0.8383832764461073
-0.5664771414046886 2.368575834818186
-1.2708862427063579 -1.6874424088541058
-1.2708862427063579 1.412031924392554
-1.2708862427063579 -1.6874424088541058
-1.2708862427063579 1.412031924392554
1.8185124422841863 -1.6874424088541058
1.8185124422841863 1.412031924392554
1.8185124422841863 -1.6874424088541058
1.8185124422841863 1.412031924392554
-2.6139599294893294 -2.590321572633226
-2.6139599294893294 0.6555687542411641
0.62746645978706 -2.590321572633226
0.62746645978706 0.6555687542411641
1.3563622887326472 0.10120804134549814
1.3563622887326472 -3.1034489712161064
-1.686832398011813 0.10120804134549814
-1.686832398011813 -3.1034489712161064
2.3637649288232754 -0.5388248298158848
2.3637649288232754 2.681198927101564
2.3637649288232754 -0.5388248298158848
2.3637649288232754 2.681198927101564
-0.847600500030141 -0.5388248298158848
-0.847600500030141 2.681198927101564
-0.847600500030141 -0.5388248298158848
-0.847600500030141 2.681198927101564
-0.9978280505261893 2.7967310957570106
-0.9978280505261893 -0.4000948340966527
2.113450698994752 2.7967310957570106
2.113450698994752 -0.4000948340966527
1.0365150849798883 -2.9268993827847005
1.0365150849798883 0.2802621779478166
-2.100667075870224 -2.9268993827847005
-2.100667075870224 0.2802621779478166
2.650173638769741 2.484883620811751
2.650173638769741 -0.7495464688737031
-0.6460623086539501 2.484883620811751
-0.6460623086539501 -0.7495464688737031
1.5599844995324281 2.567858991636099
1.5599844995324281 -0.6307372567013407
1.5599844995324281 2.567858991636099
1.5599844995324281 -0.6307372567013407
-1.5266440194124327 2.567858991636099
-1.5266440194124327 -0.6307372567013407
-1.5266440194124327 2.567858991636099
-1.5266440194124327 -0.6307372567013407
-2.56813988951301 0.8454910002437925
-2.56813988951301 -2.4071754227961013
0.6472694531730305 0.8454910002437925
0.6472694531730305 -2.4071754227961013
-2.3001141038305053 -2.0443782184653028
-2.3001141038305053 1.0996937278042058
0.9084313230937383 -2.0443782184653028
0.9084313230937383 1.0996937278042058
-1.5348829730147195 0.03707803626475054
-1.5348829730147195 -3.0840758398949846
1.5596261654413779 0.03707803626475054
1.5596261654413779 -3.0840758398949846
-1.4062492272557223 -1.3675205407664857
-1.4062492272557223 1.774491703025792
1.6935914028876031 -1.3675205407664857
1.6935914028876031 1.774491703025792
2.0248741407356627 -0.36273968459267114
2.0248741407356627 2.845849245507621
-0.1459490438315721 -1.4526925638099415
-0.1459490438315721 1.6409959708138218
-1.1271495464712415 -0.36273968459267114
-1.1271495464712415 2.845849245507621
2.98521257614111 -1.4526925638099415
2.98521257614111 1.6409959708138218
1.8263312380179715 2.6436439277757957
1.8263312380179715 -0.5458528447800273
-1.2482651390613229 2.6436439277757957
-1.2482651390613229 -0.5458528447800273
-0.38480089881241564 -1.3156782148099464
-0.38480089881241564 1.7561574712897827
1.7961050560435394 -0.26361724960555455
1.7961050560435394 2.9197729372426493
2.795681289077548 -1.3156782148099464
2.795681289077548 1.7561574712897827
-1.3065980632460834 -0.26361724960555455
-1.3065980632460834 2.9197729372426493
2.8081298204068634 1.9053863379244977
2.8081298204068634 -1.1944087824068854
-0.40321980067299457 1.9053863379244977
-0.40321980067299457 -1.1944087824068854
2.84552784153053 -1.037539637469324
2.84552784153053 2.1491960845071114
-0.4128312623048737 -1.037539637469324
-0.4128312623048737 2.1491960845071114
-0.7296172955361359 2.642154966232775
-0.7296172955361359 -0.6053674189605553
2.491277600929983 2.642154966232775
2.491277600929983 -0.6053674189605553
2.5354138722884323 2.70715065072299
2.5354138722884323 -0.4981406247778865
2.5354138722884323 2.70715065072299
2.5354138722884323 -0.4981406247778865
-0.7317088898866628 2.70715065072299
-0.7317088898866628 -0.4981406247778865
-0.7317088898866628 2.70715065072299
-0.7317088898866628 -0.4981406247778865
-2.6275189693134706 -1.5871440918019715
-2.6275189693134706 1.445474334489067
0.5125570580417217 -1.5871440918019715
0.5125570580417217 1.445474334489067
-2.8946022224018746 1.0255311609622868
-2.8946022224018746 -2.05576523074003
1.1994248512356327 -2.5930837422750073
1.1994248512356327 0.6096559896124801
0.32894809881588144 1.0255311609622868
0.32894809881588144 -2.05576523074003
-1.8602101347261981 -2.5930837422750073
-1.8602101347261981 0.6096559896124801
-3.09131564571433 1.5105461940426832
-3.09131564571433 -1.569899381249416
0.11057326976294021 1.5105461940426832
0.11057326976294021 -1.569899381249416
1.56345662343816 -2.9717195626710495
1.56345662343816 0.14176717242650722
-2.4715635294356284 0.9960435026278001
-2.4715635294356284 -2.1483084582196588
-1.4943759811778294 -2.9717195626710495
-1.4943759811778294 0.14176717242650722
0.7537891731279687 0.9960435026278001
0.7537891731279687 -2.1483084582196588
1.0901527086169334 -3.0621798505471762
1.0901527086169334 0.0766534957849517
-2.0795458634650963 -3.0621798505471762
-2.0795458634650963 0.0766534957849517
-1.250898361722799 -0.46704633411112034
-1.250898361722799 2.73019120748116
2.827530245012552 -1.1748781727744773
2.827530245012552 1.9502919438656328
1.8480476887672623 -0.46704633411112034
1.8480476887672623 2.73019120748116
-0.35670901167697333 -1.1748781727744773
-0.35670901167697333 1.9502919438656328
1.7380418673299698 2.9113132075977943
1.7380418673299698 -0.24670198294168252
-1.3479058982573364 2.9113132075977943
-1.3479058982573364 -0.24670198294168252
-1.9019097030531418 0.7610680946442154
-1.9019097030531418 -2.4093255822853905
1.2098347334969795 0.7610680946442154
1.2098347334969795 -2.4093255822853905
0.9931808079049745 0.38239547661809353
0.9931808079049745 -2.6582584660272266
-2.2248585254188313 0.38239547661809353
-2.2248585254188313 -2.6582584660272266
-3.034616507886006 -1.760046501594498
-3.034616507886006 1.3445887956751377
1.0560931107918867 0.5069539184785332
1.0560931107918867 -2.676656289959294
0.14294691771757115 -1.760046501594498
0.14294691771757115 1.3445887956751377
-2.0495287707841223 0.5069539184785332
-2.0495287707841223 -2.676656289959294
0.430684931607542 -1.6854820340009427
0.430684931607542 1.4140930647408174
-2.747865078302409 -1.6854820340009427
-2.747865078302409 1.4140930647408174
1.1440441434729016 -2.191117683291803
1.1440441434729016 0.9516785917408351
-1.9699793508140122 -2.191117683291803
-1.9699793508140122 0.9516785917408351
-1.4452839868557095 -2.8875262431184505
-1.4452839868557095 0.22490644026293327
1.6756848123170673 -2.8875262431184505
1.6756848123170673 0.22490644026293327
1.170911297389426 -2.65213389682857
1.170911297389426 0.5890511470778202
-1.925159611393805 -2.65213389682857
-1.925159611393805 0.5890511470778202
2.044867859846369 -0.4623913441713472
2.044867859846369 2.7604839457026418
2.044867859846369 -0.4623913441713472
2.044867859846369 2.7604839457026418
-1.1523067504842854 -0.4623913441713472
-1.1523067504842854 2.7604839457026418
-1.1523067504842854 -0.4623913441713472
-1.1523067504842854 2.7604839457026418
-2.688988101745109 1.4063119961571173
-2.688988101745109 -1.6805750951814662
1.397601158026496 -3.02120112127956
1.397601158026496 0.13684413863053826
0.510270924857037 1.4063119961571173
0.510270924857037 -1.6805750951814662
-1.6863251225509444 -3.02120112127956
-1.6863251225509444 0.13684413863053826
-2.6745286842058027 1.0555454023385522
-2.6745286842058027 -2.0695946449309357
0.5217695316352001 1.0555454023385522
0.5217695316352001 -2.0695946449309357
-0.08614474437327173 1.910741781291032
-0.08614474437327173 -1.2516947560794975
-2.1947873881971844 -2.9249432612947617
-2.1947873881971844 0.2610746594647805
3.122551915252322 1.910741781291032
3.122551915252322 -1.2516947560794975
1.0139092714284095 -2.9249432612947617
1.0139092714284095 0.2610746594647805
-2.204845056464805 1.2006356233773423
-2.204845056464805 -1.8965317630427023
0.9159037133442519 1.2006356233773423
0.9159037133442519 -1.8965317630427023
1.92833477100273 3.1068852632737256
1.92833477100273 -0.07851284122741865
-1.2521352663098972 3.1068852632737256
-1.2521352663098972 -0.07851284122741865
-2.6253544975333063 1.128334719859443
-2.6253544975333063 -1.9891472648770159
1.4605271994592963 0.5034549771812082
1.4605271994592963 -2.638018786094104
0.6000040480874987 1.128334719859443
0.6000040480874987 -1.9891472648770159
-1.5972995620994852 0.5034549771812082
-1.5972995620994852 -2.638018786094104
-2.98213074237067 -1.6671716438123187
-2.98213074237067 1.4745399000919557
0.18357258007245802 -1.6671716438123187
0.18357258007245802 1.4745399000919557
1.9386697652295113 -0.6923462699704805
1.9386697652295113 2.533130291902573
-0.2784784227284481 2.0015808040725047
-0.2784784227284481 -1.087518916302261
-1.1171249484469536 -0.6923462699704805
-1.1171249484469536 2.533130291902573
2.9489121707746735 2.0015808040725047
2.9489121707746735 -1.087518916302261
1.5443278052899454 -0.21888317756683676
1.5443278052899454 2.975202409237984
-1.5133809400165872 -0.21888317756683676
-1.5133809400165872 2.975202409237984
-0.7871526898304432 -1.5544965014230185
-0.7871526898304432 1.540993496575674
2.3738787795261653 -1.5544965014230185
2.3738787795261653 1.540993496575674
2.670831450285874 1.8195565970513752
2.670831450285874 -1.323739333231656
-1.4429546285066266 2.816312827883869
-1.4429546285066266 -0.3602649996858924
-0.5455658273757513 1.8195565970513752
-0.5455658273757513 -1.323739333231656
1.6238334010113344 2.816312827883869
1.6238334010113344 -0.3602649996858924
-0.3564738471649535 -1.2901488631937201
-0.3564738471649535 1.8164586164161054
2.7834155297316023 -1.2901488631937201
2.7834155297316023 1.8164586164161054
-1.7538205652977223 -2.6431825211384132
-1.7538205652977223 0.492608272244626
0.3682843621397803 -1.8151656659718622
0.3682843621397803 1.3256479705378281
1.3346822334725172 -2.6431825211384132
1.3346822334725172 0.492608272244626
-2.826398146269567 -1.8151656659718622
-2.826398146269567 1.3256479705378281
1.6090470498438776 0.23569654846988997
1.6090470498438776 -2.9066751222000065
-1.5383474639526697 0.23569654846988997
-1.5383474639526697 -2.9066751222000065
-3.027085863064635 1.3012886006593396
-3.027085863064635 -1.7928355008437176
1.0622662629779067 -2.680454699840014
1.0622662629779067 0.4865741364494806
0.17306493402835216 1.3012886006593396
0.17306493402835216 -1.7928355008437176
-2.020768247108693 -2.680454699840014
-2.020768247108693 0.4865741364494806
-2.799503313697667 1.4075349921286024
-2.799503313697667 -1.7086214787614897
0.3895578919788622 1.4075349921286024
0.3895578919788622 -1.7086214787614897
-1.0549499117951044 2.1257264364056723
-1.0549499117951044 -1.0366389348239542
2.0944235790054133 2.1257264364056723
2.0944235790054133 -1.0366389348239542
2.2292623084210503 -1.0717027768744416
2.2292623084210503 2.1195728766068216
2.2292623084210503 -1.0717027768744416
2.2292623084210503 2.1195728766068216
-0.9076778916466519 -1.0717027768744416
-0.9076778916466519 2.1195728766068216
-0.9076778916466519 -1.0717027768744416
-0.9076778916466519 2.1195728766068216
2.6752277888130096 -1.0745215556503294
2.6752277888130096 2.075360600949667
-1.395570574726861 -0.24720482054168866
-1.395570574726861 2.8921694813837524
-0.5221908691208532 -1.0745215556503294
-0.5221908691208532 2.075360600949667
1.690196074518863 -0.24720482054168866
1.690196074518863 2.8921694813837524
3.004178406055111 1.9479253088168502
3.004178406055111 -1.195885696437295
-0.1291247445244797 1.9479253088168502
-0.1291247445244797 -1.195885696437295
0.28106942494653453 1.3333396638689479
0.28106942494653453 -1.7528925035795961
-1.9174188810657042 -2.85043590454407
-1.9174188810657042 0.37319373731231026
-2.874826358792935 1.3333396638689479
-2.874826358792935 -1.7528925035795961
1.2098706423744126 -2.85043590454407
1.2098706423744126 0.37319373731231026
-2.7325030136655544 1.2241285738438166
-2.7325030136655544 -1.8354270914793902
0.46445012606548797 1.2241285738438166
0.46445012606548797 -1.8354270914793902
-2.8847838367294356 -1.661682828293156
-2.8847838367294356 1.4334248546616257
1.204379651286432 -3.0556151794772983
1.204379651286432 0.10550102173403389
0.3171821928102933 -1.661682828293156
0.3171821928102933 1.4334248546616257
-1.8768396263534253 -3.0556151794772983
-1.8768396263534253 0.10550102173403389
0.5510892190226085 1.0226582256234504
0.5510892190226085 -2.099410880344804
-2.6369884052021964 1.0226582256234504
-2.6369884052021964 -2.099410880344804
3.1025949031802416 -1.1020621156694055
3.1025949031802416 2.107605744797614
-0.030319061377828922 -1.1020621156694055
-0.030319061377828922 2.107605744797614
0.33056785906883596 1.4065957619562097
0.33056785906883596 -1.6538837758607328
-1.8848436825338355 -0.010618866734834123
-1.8848436825338355 -3.1155565559244214
-2.8088860231715973 1.4065957619562097
-2.8088860231715973 -1.6538837758607328
1.258887742405318 -0.010618866734834123
1.258887742405318 -3.1155565559244214
-2.6524749627984936 -2.214682165797205
-2.6524749627984936 0.9635654521927948
0.57023080656415 -2.214682165797205
0.57023080656415 0.9635654521927948
0.31131425665987156 1.425803915463484
0.31131425665987156 -1.6793152466437675
-1.8722767556174718 -2.9035799100794386
-1.8722767556174718 0.26523961947190544
-2.8478151317106333 1.425803915463484
-2.8478151317106333 -1.6793152466437675
1.2517791631916102 -2.9035799100794386
1.2517791631916102 0.26523961947190544
-2.660609179097082 1.1848227865891907
-2.660609179097082 -1.9295429910390516
0.5174569659752529 1.1848227865891907
0.5174569659752529 -1.9295429910390516
-1.0490700622393376 2.310701985641501
-1.0490700622393376 -0.9179240544067963
-1.0490700622393376 2.310701985641501
-1.0490700622393376 -0.9179240544067963
2.0764463524083228 2.310701985641501
2.0764463524083228 -0.9179240544067963
2.0764463524083228 2.310701985641501
2.0764463524083228 -0.9179240544067963
-2.5691984820070775 -1.6378895880810922
-2.5691984820070775 1.4052793211869998
-2.5691984820070775 -1.6378895880810922
-2.5691984820070775 1.4052793211869998
0.6550355331816491 -1.6378895880810922
0.6550355331816491 1.4052793211869998
0.6550355331816491 -1.6378895880810922
0.6550355331816491 1.4052793211869998
2.250127585375792 2.719643454941175
2.250127585375792 -0.514302859543856
0.06795360764866426 -1.4131926888567325
0.06795360764866426 1.7214738644620695
-0.945601397310002 2.719643454941175
-0.945601397310002 -0.514302859543856
-3.12777537503713 -1.4131926888567325
-3.12777537503713 1.7214738644620695
-1.3501301472837155 2.6671417174765164
-1.3501301472837155 -0.48137703638426765
1.6991088454108403 2.6671417174765164
1.6991088454108403 -0.48137703638426765
-1.8722736729503529 0.707810430827653
-1.8722736729503529 -2.4984770272564436
1.3145617514947001 0.707810430827653
1.3145617514947001 -2.4984770272564436
0.4530165941409167 1.3485787350670304
0.4530165941409167 -1.7359238297729398
-1.7373458894480058 -2.9309788679581383
-1.7373458894480058 0.2591533934902809
-2.7314863013891157 1.3485787350670304
-2.7314863013891157 -1.7359238297729398
1.3613365222015483 -2.9309788679581383
1.3613365222015483 0.2591533934902809
-2.741242360458817 1.16925578529715
-2.741242360458817 -1.9237972604340177
0.4574403818807993 1.16925578529715
0.4574403818807993 -1.9237972604340177
2.35292450592185 2.357624245169205
2.35292450592185 -0.8391646519798038
-0.8857930971877367 2.357624245169205
-0.8857930971877367 -0.8391646519798038
0.5361502928448073 1.659856843167892
0.5361502928448073 -1.450782321621073
-2.6612698540126414 1.659856843167892
-2.6612698540126414 -1.450782321621073
0.09014617034392404 -1.6848051101487198
0.09014617034392404 1.4242445185283499
2.2799484212220293 2.830585807738447
2.2799484212220293 -0.3493880663023996
-3.0702746520838686 -1.6848051101487198
-3.0702746520838686 1.4242445185283499
-0.8804724012057628 2.830585807738447
-0.8804724012057628 -0.3493880663023996
2.3791400556592017 -1.2440020101920406
2.3791400556592017 1.8592094229466996
-0.7949956228433153 -1.2440020101920406
-0.7949956228433153 1.8592094229466996
-2.42293893137877 0.7466968134791321
-2.42293893137877 -2.3848827824952648
0.8247408625466661 0.7466968134791321
0.8247408625466661 -2.3848827824952648
1.1042021019777712 0.43268626878453587
1.1042021019777712 -2.7535564653839413
-2.9825717270517074 1.3827770350991737
-2.9825717270517074 -1.6784743558125308
-2.0447681910617805 0.43268626878453587
-2.0447681910617805 -2.7535564653839413
0.15164328708832717 1.3827770350991737
0.15164328708832717 -1.6784743558125308
-1.765001882941377 -2.6925844528417247
-1.765001882941377 0.5293494634261574
1.3319406900697324 -2.6925844528417247
1.3319406900697324 0.5293494634261574
-1.6421389684229468 3.061804213406367
-1.6421389684229468 0.012768535607896724
2.460432749464572 -1.1743107244111697
2.460432749464572 1.9224814101177088
1.455485847711064 3.061804213406367
1.455485847711064 0.012768535607896724
-0.7251277415810035 -1.1743107244111697
-0.7251277415810035 1.9224814101177088
-1.1037995436763923 2.9548733084312553
-1.1037995436763923 -0.2315198642194529
2.1303500857047237 2.9548733084312553
2.1303500857047237 -0.2315198642194529
-2.9859954635756467 -2.129561840682129
-2.9859954635756467 1.0456352786374212
0.26536034311768514 -2.129561840682129
0.26536034311768514 1.0456352786374212
-2.2169547540156778 -2.0472925849567924
-2.2169547540156778 1.0795598136121836
0.9197591350316809 -2.0472925849567924
0.9197591350316809 1.0795598136121836
-2.5327893052353754 1.3589714348559134
-2.5327893052353754 -1.7412872152513326
1.6229277777043112 -3.0337424639517003
1.6229277777043112 0.10704229348397552
0.6385003629452565 1.3589714348559134
0.6385003629452565 -1.7412872152513326
-1.4889678612946438 -3.0337424639517003
-1.4889678612946438 0.10704229348397552
-2.7906758671167946 1.13360245051371
-2.7906758671167946 -2.0087980992302015
0.3922507899555461 1.13360245051371
0.3922507899555461 -2.0087980992302015
-0.1621620957980669 1.6359581713793308
-0.1621620957980669 -1.4200255197335703
3.018517016647119 1.6359581713793308
3.018517016647119 -1.4200255197335703
1.7708386965190799 2.056011312621661
1.7708386965190799 -1.0712210258127801
-0.4114872775941407 2.6059960096631425
-0.4114872775941407 -0.666848086974055
-1.233032202002401 2.056011312621661
-1.233032202002401 -1.0712210258127801
2.8678271310639647 2.6059960096631425
2.8678271310639647 -0.666848086974055
-1.9996469599471314 0.47064142598707503
-1.9996469599471314 -2.802202670650122
1.1563060087980142 0.47064142598707503
1.1563060087980142 -2.802202670650122
-0.45272651981386774 2.001149086797749
-0.45272651981386774 -1.1159144360343207
1.6907740389819037 2.6654543614087376
1.6907740389819037 -0.4852948286383374
2.7478126376633094 2.001149086797749
2.7478126376633094 -1.1159144360343207
-1.3918721107205057 2.6654543614087376
-1.3918721107205057 -0.4852948286383374
-0.12163349466806554 -1.4902472079877076
-0.12163349466806554 1.642188909144804
3.0444882896794514 -1.4902472079877076
3.0444882896794514 1.642188909144804
2.3404669615490974 2.076309009444699
2.3404669615490974 -1.0284824695482415
-0.8241194585036034 2.076309009444699
-0.8241194585036034 -1.0284824695482415
0.3338768236417753 -1.8176346676970625
0.3338768236417753 1.294037820819776
-1.8450641333955309 -2.783644935184108
-1.8450641333955309 0.43882000760377493
-2.8608794925038685 -1.8176346676970625
-2.8608794925038685 1.294037820819776
1.243364857638412 -2.783644935184108
1.243364857638412 0.43882000760377493
0.3602328593928066 1.3124889143646814
0.3602328593928066 -1.748231450027022
-2.8112799592699416 1.3124889143646814
-2.8112799592699416 -1.748231450027022
-2.845821534846626 1.1816933419543043
-2.845821534846626 -1.9242540886443553
1.2450398698438725 -2.8398541935212807
1.2450398698438725 0.3568413178020909
0.326497117464233 1.1816933419543043
0.326497117464233 -1.9242540886443553
-1.865826785024855 -2.8398541935212807
-1.865826785024855 0.3568413178020909
-2.9014260881933414 1.2441070672214911
-2.9014260881933414 -1.842382728634724
0.2758117883875857 1.2441070672214911
0.2758117883875857 -1.842382728634724
2.049857234619091 -0.5763517427643348
2.049857234619091 2.6681061896433067
-1.0847586017291329 -0.5763517427643348
-1.0847586017291329 2.6681061896433067
0.19726570513303807 -1.4596366449824747
0.19726570513303807 1.6600339613198347
-1.9707516477782545 0.26443802189418697
-1.9707516477782545 -2.9373588012941387
-2.947322345882108 -1.4596366449824747
-2.947322345882108 1.6600339613198347
1.1678456083861857 0.26443802189418697
1.1678456083861857 -2.9373588012941387
0.7404122980840596 -1.9234830669914826
0.7404122980840596 1.1579054169997782
-2.4231024027932184 -1.9234830669914826
-2.4231024027932184 1.1579054169997782
-1.5255383424363405 -0.4571161014825641
-1.5255383424363405 2.73642707925052
2.5762228597577983 -1.3289292720900499
2.5762228597577983 1.7493681988765444
1.6030455104403545 -0.4571161014825641
1.6030455104403545 2.73642707925052
-0.5783785945450934 -1.3289292720900499
-0.5783785945450934 1.7493681988765444
1.714513663474723 2.764496075514372
1.714513663474723 -0.44039176069862074
-1.3751284629717802 2.764496075514372
-1.3751284629717802 -0.44039176069862074
1.7029055729009872 3.0529333270025543
1.7029055729009872 -0.06463893358112527
1.7029055729009872 3.0529333270025543
1.7029055729009872 -0.06463893358112527
-1.3887587248492348 3.0529333270025543
-1.3887587248492348 -0.06463893358112527
-1.3887587248492348 3.0529333270025543
-1.3887587248492348 -0.06463893358112527
-1.363068854569693 2.8632131509822147
-1.363068854569693 -0.30832309567086946
2.731096531370646 1.7677337093366172
2.731096531370646 -1.2701845042983977
1.7374198087011212 2.8632131509822147
1.7374198087011212 -0.30832309567086946
-0.45160011253812626 1.7677337093366172
-0.45160011253812626 -1.2701845042983977
-1.2510950401460526 -0.4151998767572543
-1.2510950401460526 2.830067216787317
1.8605540203804498 -0.4151998767572543
1.8605540203804498 2.830067216787317
1.2421954950027914 -1.2880701073227812
1.2421954950027914 1.8544957517828515
-1.8246006329337119 -1.2880701073227812
-1.8246006329337119 1.8544957517828515
2.8486453527952253 2.135855843828217
2.8486453527952253 -0.9848703432526079
-1.2409089607271082 -0.4852534848939222
-1.2409089607271082 2.7465732405412098
-0.3645271985891238 2.135855843828217
-0.3645271985891238 -0.9848703432526079
1.8291037950681293 -0.4852534848939222
1.8291037950681293 2.7465732405412098
-0.05413042676980784 1.7281973038563077
-0.05413042676980784 -1.3231612778881467
3.108328693328954 1.7281973038563077
3.108328693328954 -1.3231612778881467
1.6002048282928552 -2.2959611368142454
1.6002048282928552 0.8786841709273643
-2.5497776085440935 -2.325731415930329
-2.5497776085440935 0.918904263116464
-1.5111610646213116 -2.2959611368142454
-1.5111610646213116 0.8786841709273643
0.622041805721326 -2.325731415930329
0.622041805721326 0.918904263116464
1.8555355592758265 -0.21075285402433028
1.8555355592758265 3.033882825022463
-1.2530044401621507 -0.21075285402433028
-1.2530044401621507 3.033882825022463
0.29854903264525057 1.274507143499988
0.29854903264525057 -1.8443493857957045
-1.9100576225798755 0.41016643882455783
-1.9100576225798755 -2.7664956539572927
-2.886780635610336 1.274507143499988
-2.886780635610336 -1.8443493857957045
1.1877980163441246 0.41016643882455783
1.1877980163441246 -2.7664956539572927
-2.798288648973406 -1.804578665994636
-2.798288648973406 1.3019445484031
0.36604012891048815 -1.804578665994636
0.36604012891048815 1.3019445484031
0.9337672764885602 -2.7402340213864886
0.9337672764885602 0.48017660434767123
-2.275824970952768 -2.7402340213864886
-2.275824970952768 0.48017660434767123
-0.986055399790205 2.9957269732306515
-0.986055399790205 -0.2231950024186275
2.2001426950713485 2.9957269732306515
2.2001426950713485 -0.2231950024186275
1.6879726664896701 2.6655029190945383
1.6879726664896701 -0.48722488501084127
-0.4493441770623139 1.9917463977343601
-0.4493441770623139 -1.1255212775868886
-1.3931004670771616 2.6655029190945383
-1.3931004670771616 -0.48722488501084127
2.752767996550441 1.9917463977343601
2.752767996550441 -1.1255212775868886
-1.491992917272074 -0.12667784107154859
-1.491992917272074 3.039239790786789
1.6384645858021327 -0.12667784107154859
1.6384645858021327 3.039239790786789
-1.1494079910741786 -0.30518355799951147
-1.1494079910741786 2.876786979246415
2.929751232772845 1.6991411323903354
2.929751232772845 -1.3706210733905966
1.9784866236204028 -0.30518355799951147
1.9784866236204028 2.876786979246415
-0.22553945971216002 1.6991411323903354
-0.22553945971216002 -1.3706210733905966
1.9017525231155676 -0.5113481652508233
1.9017525231155676 2.7020749361478313
-1.199462246818092 -0.5113481652508233
-1.199462246818092 2.7020749361478313
1.84783753653926 -0.7529743320924587
1.84783753653926 2.4279755161832592
-1.3001430548842756 -0.7529743320924587
-1.3001430548842756 2.4279755161832592
-1.8477255544715143 -1.677298452521665
-1.8477255544715143 1.375597081167592
1.2528388684743124 -1.677298452521665
1.2528388684743124 1.375597081167592
-0.28384638760980757 -1.2423205224218359
-0.28384638760980757 1.8112830262773851
1.8984022695779927 2.6831150946848847
1.8984022695779927 -0.507449628807281
2.9437361760331218 -1.2423205224218359
2.9437361760331218 1.8112830262773851
-1.1572004739586643 2.6831150946848847
-1.1572004739586643 -0.507449628807281
2.8666047816141447 -1.4176341984918597
2.8666047816141447 1.6749863851955613
-0.36297697686622066 -1.4176341984918597
-0.36297697686622066 1.6749863851955613
-2.056884421488191 0.5952991569737444
-2.056884421488191 -2.58350328628204
0.090865390067159 1.4442010816696085
0.090865390067159 -1.7195790036605987
1.079531035271506 0.5952991569737444
1.079531035271506 -2.58350328628204
-3.0559044603527306 1.4442010816696085
-3.0559044603527306 -1.7195790036605987
-1.5828487964633762 -2.683496118159933
-1.5828487964633762 0.43590910368944646
1.5215340674604263 -2.683496118159933
1.5215340674604263 0.43590910368944646
1.5562054891427124 -1.3667832205991113
1.5562054891427124 1.7286444848163707
-1.5152926458333837 -1.3667832205991113
-1.5152926458333837 1.7286444848163707
0.5319720372969329 1.0436824437050325
0.5319720372969329 -2.0623679709341354
-1.6740516202224465 0.3144205546112076
-1.6740516202224465 -2.8415190699876476
-2.754316603465427 1.0436824437050325
-2.754316603465427 -2.0623679709341354
1.32284504619478 0.3144205546112076
1.32284504619478 -2.8415190699876476
-3.0710039686477626 -1.8700340119674232
-3.0710039686477626 1.2572116706133083
0.10613092389265584 -1.8700340119674232
0.10613092389265584 1.2572116706133083
-1.7961952138733777 0.5766250852493497
-1.7961952138733777 -2.6386601197327653
0.3868656614124155 -1.8744095661835685
0.3868656614124155 1.2180171060681888
1.369369448646262 0.5766250852493497
1.369369448646262 -2.6386601197327653
-2.7307549832475315 -1.8744095661835685
-2.7307549832475315 1.2180171060681888
-1.6150053459719766 0.3126529682284699
-1.6150053459719766 -2.8781056666993594
1.4528947562254948 0.3126529682284699
1.4528947562254948 -2.8781056666993594
-1.4578673012114218 2.325576479538218
-1.4578673012114218 -0.8278944532824632
-1.4578673012114218 2.325576479538218
-1.4578673012114218 -0.8278944532824632
1.6574496538431178 2.325576479538218
1.6574496538431178 -0.8278944532824632
1.6574496538431178 2.325576479538218
1.6574496538431178 -0.8278944532824632
-1.4368765416165619 -1.3619814892394955
-1.4368765416165619 1.7460017780101218
1.6466713330833596 -1.3619814892394955
1.6466713330833596 1.7460017780101218
2.9831816624722607 -1.016501210953195
2.9831816624722607 2.1542839031135883
2.9831816624722607 -1.016501210953195
2.9831816624722607 2.1542839031135883
-0.22281985783025915 -1.016501210953195
-0.22281985783025915 2.1542839031135883
-0.22281985783025915 -1.016501210953195
-0.22281985783025915 2.1542839031135883
-2.054930687926563 3.1051897916901448
-2.054930687926563 -0.009222223790388088
-2.054930687926563 3.1051897916901448
-2.054930687926563 -0.009222223790388088
1.1193596864278568 3.1051897916901448
1.1193596864278568 -0.009222223790388088
1.1193596864278568 3.1051897916901448
1.1193596864278568 -0.009222223790388088
-2.4485109629516875 -1.984734742006054
-2.4485109629516875 1.1490959215937788
0.728695359797989 -1.984734742006054
0.728695359797989 1.1490959215937788
0.4267728130394221 -2.021472583567597
0.4267728130394221 1.1001901813266455
0.4267728130394221 -2.021472583567597
0.4267728130394221 1.1001901813266455
-2.8163342251418935 -2.021472583567597
-2.8163342251418935 1.1001901813266455
-2.8163342251418935 -2.021472583567597
-2.8163342251418935 1.1001901813266455
3.0738003292423923 1.309140651537567
3.0738003292423923 -1.8205463449084873
-0.03935149947318074 1.309140651537567
-0.03935149947318074 -1.8205463449084873
2.7061224115106755 1.6445538510754703
2.7061224115106755 -1.4640181470373257
2.7061224115106755 1.6445538510754703
2.7061224115106755 -1.4640181470373257
-0.42181627850395104 1.6445538510754703
-0.42181627850395104 -1.4640181470373257
-0.42181627850395104 1.6445538510754703
-0.42181627850395104 -1.4640181470373257
-2.0464612685156136 0.6400929842539091
-2.0464612685156136 -2.5281631165053104
0.07626315881085902 -1.8664860390633289
0.07626315881085902 1.2318507932660905
1.0493582700735284 0.6400929842539091
1.0493582700735284 -2.5281631165053104
-3.1111026097795857 -1.8664860390633289
-3.1111026097795857 1.2318507932660905
-1.4761994695271243 0.22856484535801144
-1.4761994695271243 -2.9562836294921557
1.638729736893243 0.22856484535801144
1.638729736893243 -2.9562836294921557
-0.016575304742327178 1.5059017156687646
-0.016575304742327178 -1.5669713379297425
-3.131103327984078 1.5059017156687646
-3.131103327984078 -1.5669713379297425
1.9565500633183845 -0.392293768306955
1.9565500633183845 2.835957599301324
1.9565500633183845 -0.392293768306955
1.9565500633183845 2.835957599301324
-1.213892463651635 -0.392293768306955
-1.213892463651635 2.835957599301324
-1.213892463651635 -0.392293768306955
-1.213892463651635 2.835957599301324
2.064229185226604 2.1000254082746928
2.064229185226604 -1.0117710759368863
-1.0653892756479215 2.1000254082746928
-1.0653892756479215 -1.0117710759368863
-2.303021968858377 1.2832765781610571
-2.303021968858377 -1.9268906399672079
0.879906332532334 1.2832765781610571
0.879906332532334 -1.9268906399672079
0.9443581574607984 -2.4540687934543652
0.9443581574607984 0.7662310083466437
-2.208681345397024 -2.4540687934543652
-2.208681345397024 0.7662310083466437
2.2483880955464057 2.151348051652458
2.2483880955464057 -1.050389488387594
2.2483880955464057 2.151348051652458
2.2483880955464057 -1.050389488387594
-0.9097937416770003 2.151348051652458
-0.9097937416770003 -1.050389488387594
-0.9097937416770003 2.151348051652458
-0.9097937416770003 -1.050389488387594
2.112215484890627 2.7688484823066273
2.112215484890627 -0.5096674615411507
-1.1076263015968455 2.7688484823066273
-1.1076263015968455 -0.5096674615411507
1.1578931033350706 -2.6180597170357505
1.1578931033350706 0.5873423888747908
-1.9831930121441799 -2.6180597170357505
-1.9831930121441799 0.5873423888747908
1.0424385325218004 -2.5683961066507353
1.0424385325218004 0.5751705754892597
-2.106482477144867 -2.5683961066507353
-2.106482477144867 0.5751705754892597
-1.0320409215667963 -0.9839877783479949
-1.0320409215667963 2.180622478958774
2.129275291990557 -0.9839877783479949
2.129275291990557 2.180622478958774
1.3491145789794348 0.3889542371070285
1.3491145789794348 -2.797720050210767
-1.751109851584591 0.3889542371070285
-1.751109851584591 -2.797720050210767
-1.018295853841572 2.5566534837630512
-1.018295853841572 -0.6652706178839137
2.1176652156004927 2.5566534837630512
2.1176652156004927 -0.6652706178839137
-0.997851985631859 -0.5266827059945604
-0.997851985631859 2.677760093251087
2.11483455718199 -0.5266827059945604
2.11483455718199 2.677760093251087
1.7531201656564877 -1.0236441852001454
1.7531201656564877 2.2384411896248326
-1.4128477580116938 -1.0236441852001454
-1.4128477580116938 2.2384411896248326
1.3630351961484521 -1.7631815621481834
1.3630351961484521 1.2956604775418732
-1.6683503709341232 -1.7631815621481834
-1.6683503709341232 1.2956604775418732
-1.0410713283147028 -0.5130105301745308
-1.0410713283147028 2.685802806882037
2.0664781095654847 -0.5130105301745308
2.0664781095654847 2.685802806882037
-3.1017920482178334 2.051056705263088
-3.1017920482178334 -1.18725945315805
-3.1017920482178334 2.051056705263088
-3.1017920482178334 -1.18725945315805
0.047672415265963275 2.051056705263088
0.047672415265963275 -1.18725945315805
0.047672415265963275 2.051056705263088
0.047672415265963275 -1.18725945315805
-2.957016511279894 0.955832231072636
-2.957016511279894 -2.192471272694572
1.1600791144559355 0.5139137556258093
1.1600791144559355 -2.7424097846170197
0.3056168469088378 0.955832231072636
0.3056168469088378 -2.192471272694572
-1.8604728345349195 0.5139137556258093
-1.8604728345349195 -2.7424097846170197
3.113068966275115 -1.6718542857830774
3.113068966275115 1.3550074811536799
-0.035234537492093404 -1.6718542857830774
-0.035234537492093404 1.3550074811536799
2.577270041938199 -0.6022688577124184
2.577270041938199 2.657444440279429
-1.5716999618300969 -1.1328033293881739
-1.5716999618300969 1.9592309460435604
-0.6297267173039243 -0.6022688577124184
-0.6297267173039243 2.657444440279429
1.5044885861073665 -1.1328033293881739
1.5044885861073665 1.9592309460435604
-2.6946970097725997 1.026160265796706
-2.6946970097725997 -2.164990765951146
0.5650162882192478 1.026160265796706
0.5650162882192478 -2.164990765951146
1.8654849356377872 0.20345332932333418
1.8654849356377872 -2.9445227130799503
-2.288841023334221 0.8674735188406473
-2.288841023334221 -2.2392329521830763
-1.2697786180857709 0.20345332932333418
-1.2697786180857709 -2.9445227130799503
0.8590807301218074 0.8674735188406473
0.8590807301218074 -2.2392329521830763
-1.9077960793209334 3.0034568940826447
-1.9077960793209334 -0.10324957694107834
1.2274131854553685 3.0034568940826447
1.2274131854553685 -0.10324957694107834
-0.968336209612523 -0.47606915153712753
-0.968336209612523 2.7784690037474173
2.139287087234631 -0.47606915153712753
2.139287087234631 2.7784690037474173
3.005903815356625 -1.0405368011262028
3.005903815356625 2.0911142053194527
-0.20691695648361275 -1.0405368011262028
-0.20691695648361275 2.0911142053194527
2.0933408039325907 -0.3631358717051485
2.0933408039325907 2.8361409058786773
-1.034495967759302 -0.3631358717051485
-1.034495967759302 2.8361409058786773
2.436036373928399 2.4361678021083337
2.436036373928399 -0.7795050634128744
-0.7703539224404286 2.4361678021083337
-0.7703539224404286 -0.7795050634128744
1.8287508655926465 -0.07740148808554513
1.8287508655926465 3.0747143600167144
1.8287508655926465 -0.07740148808554513
1.8287508655926465 3.0747143600167144
-1.2649326852278313 -0.07740148808554513
-1.2649326852278313 3.0747143600167144
-1.2649326852278313 -0.07740148808554513
-1.2649326852278313 3.0747143600167144
1.0943939711462054 0.6767814862780376
1.0943939711462054 -2.520897383106772
-2.0383709769926317 0.6767814862780376
-2.0383709769926317 -2.520897383106772
0.9857062981940903 -2.603234562284431
0.9857062981940903 0.6395146849410659
-2.1334981000891107 -2.603234562284431
-2.1334981000891107 0.6395146849410659
2.0744890931767985 -0.18897865027440405
2.0744890931767985 3.0081408077350713
-0.0850488904943448 -1.8148684773127892
-0.0850488904943448 1.333793892492574
-1.044626824651862 -0.18897865027440405
-1.044626824651862 3.0081408077350713
3.0790204988565812 -1.8148684773127892
3.0790204988565812 1.333793892492574
2.0178052676526548 2.260621678744312
2.0178052676526548 -0.8739012586299116
-1.0682605815174568 2.260621678744312
-1.0682605815174568 -0.8739012586299116
-3.0932595114557526 -2.027978191123294
-3.0932595114557526 1.13735964367258
-3.0932595114557526 -2.027978191123294
-3.0932595114557526 1.13735964367258
0.08103830606221243 -2.027978191123294
0.08103830606221243 1.13735964367258
0.08103830606221243 -2.027978191123294
0.08103830606221243 1.13735964367258
-2.9356591534571335 0.9576227303774811
-2.9356591534571335 -2.25680723042536
-2.9356591534571335 0.9576227303774811
-2.9356591534571335 -2.25680723042536
0.21906995131870585 0.9576227303774811
0.21906995131870585 -2.25680723042536
0.21906995131870585 0.9576227303774811
0.21906995131870585 -2.25680723042536
-2.215357612299343 0.22882783062070713
-2.215357612299343 -2.968865549844072
1.0049197082237546 0.22882783062070713
1.0049197082237546 -2.968865549844072
-1.0245950364956804 -1.0908347264174854
-1.0245950364956804 2.080359956188274
2.1235184527952624 -1.0908347264174854
2.1235184527952624 2.080359956188274
1.3000670372211238 -2.9571067719245225
1.3000670372211238 0.23527224512813977
-1.8123528751618943 -2.9571067719245225
-1.8123528751618943 0.23527224512813977
1.6327663897348585 -0.423540794653806
1.6327663897348585 2.816504532299648
1.6327663897348585 -0.423540794653806
1.6327663897348585 2.816504532299648
-1.5330284514818207 -0.423540794653806
-1.5330284514818207 2.816504532299648
-1.5330284514818207 -0.423540794653806
-1.5330284514818207 2.816504532299648
1.6980280478832832 2.1634195164126755
1.6980280478832832 -1.001610151169097
-1.4231548443816637 2.1634195164126755
-1.4231548443816637 -1.001610151169097
0.6529318065069345 0.799116021102756
0.6529318065069345 -2.42374064821756
-2.501301201179548 0.799116021102756
-2.501301201179548 -2.42374064821756
-0.7905313890618394 -0.6984127605389293
-0.7905313890618394 2.5217272911245
2.449468705974183 -0.6984127605389293
2.449468705974183 2.5217272911245
2.711734112390635 1.8288054347800422
2.711734112390635 -1.291796993614432
-0.46010327720057026 1.8288054347800422
-0.46010327720057026 -1.291796993614432
-1.9651301034764805 -2.5949366986240525
-1.9651301034764805 0.6440277650228868
0.14342643940244143 -2.2049797419219277
0.14342643940244143 0.9360242171959633
1.0768729779333137 -2.5949366986240525
1.0768729779333137 0.6440277650228868
-3.097755786367351 -2.2049797419219277
-3.097755786367351 0.9360242171959633
1.5306935386916858 -0.1194651000768773
1.5306935386916858 3.0215388590410135
-1.5135273048409614 -0.1194651000768773
-1.5135273048409614 3.0215388590410135
0.06916352879640361 1.8995364579032197
0.06916352879640361 -1.2360758264251028
2.2093563841130486 -1.0157844472357864
2.2093563841130486 1.947450663959828
-2.9906180402014213 1.8995364579032197
-2.9906180402014213 -1.2360758264251028
-0.8504251848847764 -1.0157844472357864
-0.8504251848847764 1.947450663959828
-0.1246835457121304 1.1012195651800216
-0.1246835457121304 -2.2187306308039507
3.022889477139134 1.1012195651800216
3.022889477139134 -2.2187306308039507
-0.908642639081223 -0.37788249282663566
-0.908642639081223 2.858688149615941
2.272276407517025 -0.37788249282663566
2.272276407517025 2.858688149615941
-1.1453783599168401 2.9283581261860623
-1.1453783599168401 -0.2804408113919543
1.9586427350027815 2.9283581261860623
1.9586427350027815 -0.2804408113919543
-0.9675458456604368 -0.7454678900463341
-0.9675458456604368 2.418789346919276
2.16119535135467 -0.7454678900463341
2.16119535135467 2.418789346919276
-2.316161358361641 -2.4011730210522404
-2.316161358361641 0.7882956629010979
-2.316161358361641 -2.4011730210522404
-2.316161358361641 0.7882956629010979
0.9064260922083969 -2.4011730210522404
0.9064260922083969 0.7882956629010979
0.9064260922083969 -2.4011730210522404
0.9064260922083969 0.7882956629010979
1.632753233647869 0.253676442539775
1.632753233647869 -2.925197432947359
-2.5310442449994754 -2.0761591249546165
-2.5310442449994754 1.0141377412570514
-1.497038019621739 0.253676442539775
-1.497038019621739 -2.925197432947359
0.6223498089105028 -2.0761591249546165
0.6223498089105028 1.0141377412570514
-1.8600061176005593 0.04850073200658283
-1.8600061176005593 3.1387975982182503
1.244305314091893 0.04850073200658283
1.244305314091893 3.1387975982182503
-2.783708037940893 -2.188346125242261
-2.783708037940893 0.9515536968970311
0.45021130178870683 -2.188346125242261
0.45021130178870683 0.9515536968970311
1.15272411836973 -2.39079050413
1.15272411836973 0.7817614828030087
1.15272411836973 -2.39079050413
1.15272411836973 0.7817614828030087
-1.9844163667580252 -2.39079050413
-1.9844163667580252 0.7817614828030087
-1.9844163667580252 -2.39079050413
-1.9844163667580252 0.7817614828030087
-0.9838568051086136 -1.1156458680086312
-0.9838568051086136 2.0634895848306973
2.180222005539228 -1.1156458680086312
2.180222005539228 2.0634895848306973
-3.0075244484288715 1.0397372900822774
-3.0075244484288715 -2.089925506862689
0.2101898828040865 1.0397372900822774
0.2101898828040865 -2.089925506862689
-2.093725270828429 0.3767466242978939
-2.093725270828429 -2.8326159405403435
1.0301481987364869 0.3767466242978939
1.0301481987364869 -2.8326159405403435
-3.129169916177309 1.2101331391898504
-3.129169916177309 -1.9289267339759286
0.9927666555813206 -2.371552233987333
0.9927666555813206 0.7519688987805371
0.03713817560529396 1.2101331391898504
0.03713817560529396 -1.9289267339759286
-2.1241105598156627 -2.371552233987333
-2.1241105598156627 0.7519688987805371
-2.9595333264165893 1.7760510863728125
-2.9595333264165893 -1.3836130880389041
0.18459210759721867 1.7760510863728125
0.18459210759721867 -1.3836130880389041
-2.2117292092579044 -2.7451718614414666
-2.2117292092579044 0.5205208485123961
-2.2117292092579044 -2.7451718614414666
-2.2117292092579044 0.5205208485123961
1.0073999581683513 -2.7451718614414666
1.0073999581683513 0.5205208485123961
1.0073999581683513 -2.7451718614414666
1.0073999581683513 0.5205208485123961
-0.5933317896576733 -0.898309380579793
-0.5933317896576733 2.2808820879033305
2.627962066967251 -0.898309380579793
2.627962066967251 2.2808820879033305
2.9887128465262034 1.3699291439312178
2.9887128465262034 -1.7692295697433074
-1.1958267917486287 -0.03738012267657755
-1.1958267917486287 -3.140625658871737
-0.19340682079274985 1.3699291439312178
-0.19340682079274985 -1.7692295697433074
1.905238848112005 -0.03738012267657755
1.905238848112005 -3.140625658871737
-0.7565110693301619 2.0978535518562986
-0.7565110693301619 -1.0053919843388603
2.3875155241749 2.0978535518562986
2.3875155241749 -1.0053919843388603
0.04295539236057475 -2.251864619432696
0.04295539236057475 0.9905905388201094
2.1198971843959695 2.989246822762357
2.1198971843959695 -0.21934550430960997
-3.139401500902021 -2.251864619432696
-3.139401500902021 0.9905905388201094
-1.0624597088666263 2.989246822762357
-1.0624597088666263 -0.21934550430960997
1.8961456994021766 -1.118771427750788
1.8961456994021766 1.9558215523568319
-1.1445844495246051 -1.118771427750788
-1.1445844495246051 1.9558215523568319
-2.807954688188631 1.3176816862869758
-2.807954688188631 -1.762374036157795
1.376454389159689 0.15528323750469558
1.376454389159689 -3.021736448506358
0.40116418793767705 1.3176816862869758
0.40116418793767705 -1.762374036157795
-1.6976120418935894 0.15528323750469558
-1.6976120418935894 -3.021736448506358
-2.863825189400641 -1.9472776714578774
-2.863825189400641 1.1588879497106552
0.339304395334175 -1.9472776714578774
0.339304395334175 1.1588879497106552
0.14170329477090868 -2.1957057089238563
0.14170329477090868 1.0177378435989926
-3.0939419794171523 -2.1957057089238563
-3.0939419794171523 1.0177378435989926
2.641480077860606 2.092671162916144
2.641480077860606 -1.1142402215763936
2.641480077860606 2.092671162916144
2.641480077860606 -1.1142402215763936
-0.5820505662901211 2.092671162916144
-0.5820505662901211 -1.1142402215763936
-0.5820505662901211 2.092671162916144
-0.5820505662901211 -1.1142402215763936
-2.78662666557662 0.6620105047924707
-2.78662666557662 -2.5826481241825507
1.3442415313384941 -1.755389833272293
1.3442415313384941 1.291758704875859
0.4699664695920978 0.6620105047924707
0.4699664695920978 -2.5826481241825507
-1.6823506406723745 -1.755389833272293
-1.6823506406723745 1.291758704875859
2.7371542876022477 2.3574164060352105
2.7371542876022477 -0.878620362996224
-0.5075043413727732 2.3574164060352105
-0.5075043413727732 -0.878620362996224
2.812907775194002 -1.0001886815811352
2.812907775194002 2.1751539087696417
-0.43534373374341073 -1.0001886815811352
-0.43534373374341073 2.1751539087696417
-2.4117233287093662 -2.612233087951718
-2.4117233287093662 0.6703275255890562
0.7527050083188069 -2.612233087951718
0.7527050083188069 0.6703275255890562
0.14907242634555717 1.7185977990910875
0.14907242634555717 -1.3629570266351358
2.322141178155974 2.095891071221111
2.322141178155974 -0.9341446716153301
-2.962863628232815 1.7185977990910875
-2.962863628232815 -1.3629570266351358
-0.7897948764223981 2.095891071221111
-0.7897948764223981 -0.9341446716153301
-0.37580338156860493 -2.065657591293326
-0.37580338156860493 1.1874919730498188
2.8258270998847586 -2.065657591293326
2.8258270998847586 1.1874919730498188
-1.5758510151893006 1.9880590456697178
-1.5758510151893006 -1.149051566081237
1.5315142024972985 1.9880590456697178
1.5315142024972985 -1.149051566081237
1.559133771495672 2.9755874009786463
1.559133771495672 -0.18491444580843763
-1.5386500477349172 2.9755874009786463
-1.5386500477349172 -0.18491444580843763
-0.6714390531078218 -0.8154082478177377
-0.6714390531078218 2.396808275160727
2.5471976367847877 -0.8154082478177377
2.5471976367847877 2.396808275160727
-2.0317389630754454 -3.133325815002322
-2.0317389630754454 -0.00929707995622522
-2.0317389630754454 -3.133325815002322
-2.0317389630754454 -0.00929707995622522
1.1881561273973191 -3.133325815002322
1.1881561273973191 -0.00929707995622522
1.1881561273973191 -3.133325815002322
1.1881561273973191 -0.00929707995622522
-1.314728485180751 -1.1842529371773032
-1.314728485180751 1.9002504022176752
1.7408200048177784 -1.1842529371773032
1.7408200048177784 1.9002504022176752
-1.7495085010829552 -2.077080666981914
-1.7495085010829552 1.0337380501259377
1.3589211710724383 -2.077080666981914
1.3589211710724383 1.0337380501259377
2.2324191759451733 -0.4905185858276011
2.2324191759451733 2.7352246541022014
-0.8677744790759643 -0.4905185858276011
-0.8677744790759643 2.7352246541022014
2.735124049556236 2.232423186413131
2.735124049556236 -0.8678826749080776
-0.4904423595979311 2.232423186413131
-0.4904423595979311 -0.8678826749080776
1.2245963800861346 -3.092019498703462
1.2245963800861346 0.08756218045120931
-2.9056002784943042 1.2165442865334741
-2.9056002784943042 -1.8381840882863316
-1.8961118038742462 -3.092019498703462
-1.8961118038742462 0.08756218045120931
0.25687684472490135 1.2165442865334741
0.25687684472490135 -1.8381840882863316
1.055004974619516 -2.9128972791574665
1.055004974619516 0.31555965320231416
-2.048598653405399 -2.9128972791574665
-2.048598653405399 0.31555965320231416
-0.8356543010721277 -1.2272776010649067
-0.8356543010721277 1.6997311701737792
2.344278169201249 -1.2272776010649067
2.344278169201249 1.6997311701737792
2.083768773683166 1.7310494432602606
2.083768773683166 -1.3655780798749912
-1.0327097597432322 1.7310494432602606
-1.0327097597432322 -1.3655780798749912
3.0598223820404415 1.3960281872622307
3.0598223820404415 -1.679510852383087
-1.1273034717508557 2.991943326929382
-1.1273034717508557 -0.2042142577331397
-0.035442213317338864 1.3960281872622307
-0.035442213317338864 -1.679510852383087
2.0606172400709504 2.991943326929382
2.0606172400709504 -0.2042142577331397
-0.7362787984341767 -1.1684986396457333
-0.7362787984341767 1.918529082871332
2.471367469100092 -1.1684986396457333
2.471367469100092 1.918529082871332
1.2481550732855216 0.5825640970206054
1.2481550732855216 -2.7427898141020695
-1.8558512806176763 0.5825640970206054
-1.8558512806176763 -2.7427898141020695
3.026132283800758 -2.2604463975548748
3.026132283800758 0.995492824322867
-0.10164284229984402 -2.2604463975548748
-0.10164284229984402 0.995492824322867
-1.035142439247604 1.9451004150607636
-1.035142439247604 -1.1877167505059576
2.0931194516640326 1.9451004150607636
2.0931194516640326 -1.1877167505059576
-1.4718176539779146 0.2881335697339533
-1.4718176539779146 -2.906253726351805
0.6401865438023172 -1.9081295281512414
0.6401865438023172 1.1274259074814361
1.6548526582650978 0.2881335697339533
1.6548526582650978 -2.906253726351805
-2.5163284511342567 -1.9081295281512414
-2.5163284511342567 1.1274259074814361
-1.8146322632783765 0.22004558999403584
-1.8146322632783765 -3.0275842815528735
1.2741657478154518 0.22004558999403584
1.2741657478154518 -3.0275842815528735
-2.836736895651457 -2.279461835654096
-2.836736895651457 0.9156558050620115
0.3590122492689592 -2.279461835654096
0.3590122492689592 0.9156558050620115
-0.8878506268912841 1.8904719133427035
-0.8878506268912841 -1.2529466349619687
-0.8878506268912841 1.8904719133427035
-0.8878506268912841 -1.2529466349619687
2.2572564853312347 1.8904719133427035
2.2572564853312347 -1.2529466349619687
2.2572564853312347 1.8904719133427035
2.2572564853312347 -1.2529466349619687
2.252212343270265 -0.48505443040281426
2.252212343270265 2.7169353106874388
0.19638376631270402 1.233229996761056
0.19638376631270402 -1.8657095939099837
-0.9891281420885832 -0.48505443040281426
-0.9891281420885832 2.7169353106874388
-3.0449567190461444 1.233229996761056
-3.0449567190461444 -1.8657095939099837
1.6016447865118986 -0.8711635249087549
1.6016447865118986 2.313082191599792
-1.479550779577435 -0.8711635249087549
-1.479550779577435 2.313082191599792
-2.505043535796034 1.4391314105410014
-2.505043535796034 -1.6404758504405894
0.6431415398200754 1.4391314105410014
0.6431415398200754 -1.6404758504405894
1.4056547020582404 -2.7569567680208644
1.4056547020582404 0.39491624276030124
-1.6498960928911277 -2.7569567680208644
-1.6498960928911277 0.39491624276030124
1.219152393882039 -1.302467992671089
1.219152393882039 1.7858383995759008
-1.909889843400957 -1.302467992671089
-1.909889843400957 1.7858383995759008
0.966428227492894 1.041372564973509
0.966428227492894 -2.1157078956851874
0.966428227492894 1.041372564973509
0.966428227492894 -2.1157078956851874
-2.1981587204092348 1.041372564973509
-2.1981587204092348 -2.1157078956851874
-2.1981587204092348 1.041372564973509
-2.1981587204092348 -2.1157078956851874
-0.9908624227281994 2.607407250811219
-0.9908624227281994 -0.606075360275265
2.1970157741108185 2.607407250811219
2.1970157741108185 -0.606075360275265
-2.4405806276588287 0.24507122924677388
-2.4405806276588287 -2.962443756819145
-2.4405806276588287 0.24507122924677388
-2.4405806276588287 -2.962443756819145
0.8315910505185117 0.24507122924677388
0.8315910505185117 -2.962443756819145
0.8315910505185117 0.24507122924677388
0.8315910505185117 -2.962443756819145
-1.834593348768525 1.695241624054245
-1.834593348768525 -1.4366595402840663
1.2977906305824496 1.695241624054245
1.2977906305824496 -1.4366595402840663
1.519083265352463 -1.0113929034744782
1.519083265352463 2.0845787976399257
-1.6126148944582193 -1.0113929034744782
-1.6126148944582193 2.0845787976399257
2.20614155728903 -1.4079053178401149
2.20614155728903 1.667022778605418
-0.9723988398342158 -1.4079053178401149
-0.9723988398342158 1.667022778605418
2.55219312081337 2.003989812849168
2.55219312081337 -1.1416475296369084
-0.6387071967645653 2.003989812849168
-0.6387071967645653 -1.1416475296369084
-1.5015838988531578 1.168060949521163
-1.5015838988531578 -2.0551286198023044
1.5525116200015108 1.168060949521163
1.5525116200015108 -2.0551286198023044
2.2964713968253156 -0.5642876014390074
2.2964713968253156 2.722580445148699
2.2964713968253156 -0.5642876014390074
2.2964713968253156 2.722580445148699
-0.9121690656032692 -0.5642876014390074
-0.9121690656032692 2.722580445148699
-0.9121690656032692 -0.5642876014390074
-0.9121690656032692 2.722580445148699
1.7425675726069378 -2.785995747521817
1.7425675726069378 0.3600108349973412
-1.3366486764816021 -2.785995747521817
-1.3366486764816021 0.3600108349973412
2.070498432594918 0.21530301401283164
2.070498432594918 -2.9158263356887457
-1.1251379036023719 0.21530301401283164
-1.1251379036023719 -2.9158263356887457
1.1754048071690142 1.1529344990295824
1.1754048071690142 -1.919641485111501
1.1754048071690142 1.1529344990295824
1.1754048071690142 -1.919641485111501
-1.9368264584266064 1.1529344990295824
-1.9368264584266064 -1.919641485111501
-1.9368264584266064 1.1529344990295824
-1.9368264584266064 -1.919641485111501
3.0093861494982432 -1.0314539266056928
3.0093861494982432 2.1431804413648505
-1.107485875626327 -1.245588802066662
-1.107485875626327 1.8114747130819684
-0.2732103466695499 -1.0314539266056928
-0.2732103466695499 2.1431804413648505
1.8931029353854663 -1.245588802066662
1.8931029353854663 1.8114747130819684
-3.0897522086528943 0.9013386614193052
-3.0897522086528943 -2.3247831306116513
0.08488215931764898 0.9013386614193052
0.08488215931764898 -2.3247831306116513
2.446230283388898 -0.30327024753382464
2.446230283388898 2.9576156861068084
-1.679418510019572 -1.8325114004001553
-1.679418510019572 1.1941704834624243
-0.8304087195069256 -0.30327024753382464
-0.8304087195069256 2.9576156861068084
1.3271277942641906 -1.8325114004001553
1.3271277942641906 1.1941704834624243
-2.3588177815542175 0.347339831568211
-2.3588177815542175 -2.909163591748796
0.9020681520864154 0.347339831568211
0.9020681520864154 -2.909163591748796
-1.7614198501385707 -2.121354729421007
-1.7614198501385707 1.0133869258713124
1.3325180905018599 -2.121354729421007
1.3325180905018599 1.0133869258713124
-1.4592927701125507 -0.32797947753386164
-1.4592927701125507 2.847532122190354
2.636487873119293 2.28171736933705
2.636487873119293 -0.9496831152653744
1.6277408040879588 -0.32797947753386164
1.6277408040879588 2.847532122190354
-0.5596638598597843 2.28171736933705
-0.5596638598597843 -0.9496831152653744
1.8508302018429854 0.09691371479681106
1.8508302018429854 -3.1344867698056134
-1.2568435056123852 0.09691371479681106
-1.2568435056123852 -3.1344867698056134
2.9734769703295645 -1.1397998340438718
2.9734769703295645 2.0192813698672736
-1.176915652953047 -0.7550998035977357
-1.176915652953047 2.391384400229755
-0.23742386147313752 -1.1397998340438718
-0.23742386147313752 2.0192813698672736
1.895368822423838 -0.7550998035977357
1.895368822423838 2.391384400229755
3.048296778191738 1.3684715537413517
3.048296778191738 -1.7682295496107443
-0.0758073250767033 1.3684715537413517
-0.0758073250767033 -1.7682295496107443
-1.9248717552405712 0.879025227191734
-1.9248717552405712 -2.2759445806807235
-1.9248717552405712 0.879025227191734
-1.9248717552405712 -2.2759445806807235
1.187280319912743 0.879025227191734
1.187280319912743 -2.2759445806807235
1.187280319912743 0.879025227191734
1.187280319912743 -2.2759445806807235
-0.2508441802175034 2.450191130874363
-0.2508441802175034 -0.779950261883322
-0.2508441802175034 2.450191130874363
-0.2508441802175034 -0.779950261883322
2.9100342931580436 2.450191130874363
2.9100342931580436 -0.779950261883322
2.9100342931580436 2.450191130874363
2.9100342931580436 -0.779950261883322
0.711070172956829 -2.4229527928118384
0.711070172956829 0.7885155123627672
-2.5243030515734013 -2.4229527928118384
-2.5243030515734013 0.7885155123627672
0.9866958705472139 -1.49546661235117
0.9866958705472139 1.5532708761280392
-2.105399773059603 -1.49546661235117
-2.105399773059603 1.5532708761280392
-1.5603932886215595 1.1067308998661551
-1.5603932886215595 -1.9508953589249396
1.5080787265145212 1.1067308998661551
1.5080787265145212 -1.9508953589249396
1.159481669100356 3.121151101829599
1.159481669100356 0.051322288209399235
-3.022897531737744 1.5849973416223788
-3.022897531737744 -1.5004942750877002
-1.9599632649143721 3.121151101829599
-1.9599632649143721 0.051322288209399235
0.14084284142711478 1.5849973416223788
0.14084284142711478 -1.5004942750877002
0.9957134243460745 -2.5686344906704157
0.9957134243460745 0.6290591997990916
-2.0741153892741258 -2.5686344906704157
-2.0741153892741258 0.6290591997990916
-1.9720396784404248 0.35638788988283526
-1.9720396784404248 -2.9249588747809847
1.1782595403258875 0.35638788988283526
1.1782595403258875 -2.9249588747809847
-0.7670557824706031 1.955775937426013
-0.7670557824706031 -1.2670302326776877
2.4539114656520282 1.955775937426013
2.4539114656520282 -1.2670302326776877
-1.3681927293666536 0.24275911117800633
-1.3681927293666536 -2.9829531971134418
1.7860678574530409 0.24275911117800633
1.7860678574530409 -2.9829531971134418
-1.5686511850005604 -2.530652028183713
-1.5686511850005604 0.6943610848220955
1.566928085490577 -2.530652028183713
1.566928085490577 0.6943610848220955
-1.3017052689566098 -1.661335849552563
-1.3017052689566098 1.4593992021189437
1.8093965567648123 -1.661335849552563
1.8093965567648123 1.4593992021189437
2.4066503897033926 -0.5338184394040697
2.4066503897033926 2.6702043515503844
-0.8098217538742015 -0.5338184394040697
-0.8098217538742015 2.6702043515503844
2.0044452994919126 -1.3184076994488823
2.0044452994919126 1.7592819767267058
-1.0866811887389654 -1.3184076994488823
-1.0866811887389654 1.7592819767267058
0.30038328244239554 1.2872301796146242
0.30038328244239554 -1.8019361193197165
-2.8945879357814643 1.2872301796146242
-2.8945879357814643 -1.8019361193197165
-2.9009078640886576 1.0071450582527004
-2.9009078640886576 -2.194346608947146
0.33649765212216426 1.0071450582527004
0.33649765212216426 -2.194346608947146
-1.557872441792037 2.7105812142688377
-1.557872441792037 -0.5303657774433443
1.5323662658318271 2.7105812142688377
1.5323662658318271 -0.5303657774433443
2.490369587491205 -0.6438563794396494
2.490369587491205 2.5529653949041626
2.490369587491205 -0.6438563794396494
2.490369587491205 2.5529653949041626
-0.7965167748908513 -0.6438563794396494
-0.7965167748908513 2.5529653949041626
-0.7965167748908513 -0.6438563794396494
-0.7965167748908513 2.5529653949041626
2.557648590144479 -0.9105450316574061
2.557648590144479 2.280342050239388
2.557648590144479 -0.9105450316574061
2.557648590144479 2.280342050239388
-0.6511611394607866 -0.9105450316574061
-0.6511611394607866 2.280342050239388
-0.6511611394607866 -0.9105450316574061
-0.6511611394607866 2.280342050239388
-0.6366976692587408 -1.360711019012756
-0.6366976692587408 1.7658758078575
1.477396937104107 -0.06124284548252829
1.477396937104107 3.0985271256263864
2.5017069135488446 -1.360711019012756
2.5017069135488446 1.7658758078575
-1.667383787267894 -0.06124284548252829
-1.667383787267894 3.0985271256263864
2.7977145667257393 2.0378027515754478
2.7977145667257393 -1.0856125844952238
-0.3588839135835918 2.0378027515754478
-0.3588839135835918 -1.0856125844952238
1.4144304617983576 1.4841546873724825
1.4144304617983576 -1.5893344728744774
-1.6391020451693343 1.4841546873724825
-1.6391020451693343 -1.5893344728744774
2.833212316392812 -1.1278981424737453
2.833212316392812 1.9722711376271511
2.833212316392812 -1.1278981424737453
2.833212316392812 1.9722711376271511
-0.3668211360260228 -1.1278981424737453
-0.3668211360260228 1.9722711376271511
-0.3668211360260228 -1.1278981424737453
-0.3668211360260228 1.9722711376271511
-1.035155677544435 2.799332961051082
-1.035155677544435 -0.41231986059929154
2.1069809900386822 2.799332961051082
2.1069809900386822 -0.41231986059929154
2.934047178561241 1.3845595454140653
2.934047178561241 -1.7307126600599314
0.8176472471339109 -2.3568105854709183
0.8176472471339109 0.7829496728334505
-0.23723433695735768 1.3845595454140653
-0.23723433695735768 -1.7307126600599314
-2.3536342683846874 -2.3568105854709183
-2.3536342683846874 0.7829496728334505
-2.7990222714923227 1.805911352570795
-2.7990222714923227 -1.3375136963044227
0.3688908302132671 1.805911352570795
0.3688908302132671 -1.3375136963044227
-0.9352184358717961 2.3201068855198215
-0.9352184358717961 -0.8801406030194842
-0.9352184358717961 2.3201068855198215
-0.9352184358717961 -0.8801406030194842
2.263286754001309 2.3201068855198215
2.263286754001309 -0.8801406030194842
2.263286754001309 2.3201068855198215
2.263286754001309 -0.8801406030194842
2.701784322837508 2.1166578100597024
2.701784322837508 -1.0107733244493124
-1.4349860841028332 2.4177806382427853
-1.4349860841028332 -0.7117075928784223
-0.5369105051974999 2.1166578100597024
-0.5369105051974999 -1.0107733244493124
1.6095043950417454 2.4177806382427853
1.6095043950417454 -0.7117075928784223
0.023170821041625524 -1.7538766036407216
0.023170821041625524 1.3998204724176575
-3.104260313467389 -1.7538766036407216
-3.104260313467389 1.3998204724176575
-2.99555569772772 -1.6650414420906965
-2.99555569772772 1.4595886987793512
0.10292385041577447 -1.6650414420906965
0.10292385041577447 1.4595886987793512
2.0575543718538434 3.050337089425659
2.0575543718538434 -0.18872613131202548
-1.099038309211189 3.050337089425659
-1.099038309211189 -0.18872613131202548
-0.6669169531658802 -0.3950886274618286
-0.6669169531658802 2.898102376317498
1.5027055116326695 -1.5603967464591708
1.5027055116326695 1.4236097773697949
2.6243041367380413 -0.3950886274618286
2.6243041367380413 2.898102376317498
-1.4892587056429958 -1.5603967464591708
-1.4892587056429958 1.4236097773697949
-2.489842654664731 0.6477459877501468
-2.489842654664731 -2.6514327956004737
0.8033483491145949 0.6477459877501468
0.8033483491145949 -2.6514327956004737
-0.934845561176139 -0.6277749664757788
-0.934845561176139 2.5636615728241976
2.2922185355896447 -0.6277749664757788
2.2922185355896447 2.5636615728241976
-1.4634924894990238 1.3402444703043306
-1.4634924894990238 -1.7101819455199634
1.6265225359100501 1.3402444703043306
1.6265225359100501 -1.7101819455199634
-1.4592927701125507 -0.32797947753386164
-1.4592927701125507 2.847532122190354
2.636487873119293 2.28171736933705
2.636487873119293 -0.9496831152653744
1.6277408040879588 -0.32797947753386164
1.6277408040879588 2.847532122190354
-0.5596638598597843 2.28171736933705
-0.5596638598597843 -0.9496831152653744
1.8508302018429854 0.09691371479681106
1.8508302018429854 -3.1344867698056134
-1.2568435056123852 0.09691371479681106
-1.2568435056123852 -3.1344867698056134
-3.059870251949888 2.0106159561813963
-3.059870251949888 -1.1569521159424125
-0.01723409623637428 2.0106159561813963
-0.01723409623637428 -1.1569521159424125
