Torsion_1 Torsion_2
1.688651464871754 1.1741826792926928
1.688651464871754 -1.365624960676878
-1.561602922876698 -1.1143420656137792
-1.561602922876698 1.4853063451488973
-1.6062840329981902 -1.51836399179378
-1.6062840329981902 1.0985060391564503
-1.7829306890367234 -1.74654176016612
-1.7829306890367234 1.6382564627781593
1.5510197580063765 1.217053757547691
1.5510197580063765 -1.2766765493663181
-1.4753799307528277 1.2448629499765607
-1.4753799307528277 -1.096355515429176
-1.8418067390250326 -1.852912046185288
-1.8418067390250326 1.455835702664158
1.6891288130596664 1.1409064070127168
1.6891288130596664 -1.2368446619798008
-1.5977926339461532 -1.1432264150676552
-1.5977926339461532 1.2428683048238787
-1.5657018482045695 -1.153611703668933
-1.5657018482045695 1.0580095523278055
1.7950248501773418 1.0805609659292357
1.7950248501773418 -1.3552602752189356
-1.5429958118973446 -1.2819668968762192
-1.5429958118973446 1.3195103870992742
-1.377660511914957 1.2662266019786583
-1.377660511914957 -1.1867652001562363
1.6870918461210855 1.6641541303717413
1.6870918461210855 -1.371868690782122
1.6703155695383387 1.449147646055173
1.6703155695383387 -1.1578730113079598
1.672451759121412 -1.1169173114961761
1.672451759121412 1.302186375424664
1.7931729278779502 1.1042616129865845
1.7931729278779502 -1.3444805475819233
1.7489420438837937 -1.3578283035177299
1.7489420438837937 1.1683728341926387
1.511257492739095 -1.2041807374470148
1.511257492739095 1.2335509762037677
-1.294427443759746 -1.1173174067231526
-1.294427443759746 1.4790429463946446
1.9211455056427913 -1.0583037098236387
1.9211455056427913 2.501456198580171
1.3899712643457 1.20237237876425
1.3899712643457 -1.1572512842865912
-0.6101561086020847 1.994726784324622
-0.6101561086020847 -1.184203897952466
-1.4613918511107153 -0.9918545151939798
-1.4613918511107153 1.397761205422136
-1.2738846129379866 1.5043160102281548
-1.2738846129379866 -1.285492697105887
1.6631778831435586 -1.1248842511895056
1.6631778831435586 1.3926495594779074
-1.368844276226666 1.2369404405442443
-1.368844276226666 -1.2336229973293749
-1.3951160461270664 1.170264233607271
-1.3951160461270664 -1.2091463069433388
1.8332145193267577 2.6743143498669473
1.8332145193267577 -2.166826156791494
1.5897121426296548 1.2932971549746335
1.5897121426296548 -1.1468857421646026
1.8552852569377327 1.2055305961737899
1.8552852569377327 -1.5462510581225208
1.4819399982523536 -1.4291308160474794
1.4819399982523536 1.1306245000180783
-1.5879329731131753 -1.4130053139289487
-1.5879329731131753 1.3772283275138308
-2.0559153505758467 1.0896519414909767
-2.0559153505758467 -1.8655964801471028
1.6400803489628613 1.4322593849366534
1.6400803489628613 -1.2574603512834346
-1.6033795131936788 -1.2593828281775088
-1.6033795131936788 1.1922183191803943
-1.6442180112536326 1.3580020940916357
-1.6442180112536326 -1.4628526814635068
-1.6500505363752005 1.1275156866843716
-1.6500505363752005 -1.3075834107722208
-1.4934894972976536 2.7251622158328037
-1.4934894972976536 1.5458955014175066
-1.3618796190888005 -1.058282183128611
-1.3618796190888005 1.3364889022997954
1.9090007175269017 3.031257240161106
1.9090007175269017 1.8011909510771693
1.3478666750289936 2.4972142128710404
1.3478666750289936 1.353757347934649
-1.4098226779277878 -1.0659506409553898
-1.4098226779277878 1.4147614434012794
1.779335023215033 1.230655913515709
1.779335023215033 -1.2249758054029924
1.3610028019861362 -1.3121893548459675
1.3610028019861362 1.1012512298307273
-1.5084328249312517 -3.083491639464127
-1.5084328249312517 -1.8691718454957527
1.5640829586521403 -1.7982387466397691
1.5640829586521403 1.1116286541813603
-1.8699632977302418 -1.0616225253179945
-1.8699632977302418 1.4257493862331825
1.8016393954636212 1.3591157406264258
1.8016393954636212 -1.1570667028791306
1.6830547683029407 -1.429247034365452
1.6830547683029407 1.2333609660633593
1.5562292982538455 -1.08319117807728
1.5562292982538455 1.2668478525162687
2.034224895014586 1.4606339830734412
2.034224895014586 -1.1444654371317207
2.3412411207042227 -1.0034333082744717
2.3412411207042227 2.00542628218176
1.5059113672538813 -1.3267649327884004
1.5059113672538813 0.9600475343815523
-1.4759061864183451 1.1969760458308265
-1.4759061864183451 -1.1944058013550094
1.7295111512049037 1.0397512713019335
1.7295111512049037 -1.4766833022087322
-1.6050527822064622 1.1677635522176912
-1.6050527822064622 -1.4643927387553062
1.4590308159122096 -1.3085657228440504
1.4590308159122096 0.9540314798617057
-1.5355427338814016 -1.3764244847653293
-1.5355427338814016 1.149810652274086
-1.409235963469338 2.750442224754152
-1.409235963469338 1.5783037071140662
-1.7281815156951517 -1.4776049020749198
-1.7281815156951517 1.1161626808571437
1.6538495419375705 -1.0748047081239527
1.6538495419375705 1.2199954141224474
1.23876935033249 1.4051124707482274
1.23876935033249 -1.4438093310316662
-1.3165010205551864 -1.2941561505717518
1.3103586928379019 -1.4288797287066133
1.3103586928379019 1.1517284374444539
-0.8376737020159518 -3.0971462108642593
-0.8376737020159518 -1.8532352537419985
1.22367406175947 -1.7715666192514983
1.22367406175947 1.011820064890012
-1.4438787679550917 -1.1097254948578767
-1.4438787679550917 1.3707123052843129
-1.673648223340748 1.5163050040205086
-1.673648223340748 -0.9969964403295858
-1.4120654964656747 -2.0367824392337996
-1.4120654964656747 1.727529856149171
1.3992803340614008 1.145735055784094
1.3992803340614008 -1.920052871962
-1.6152812716746168 -1.0917799640921582
-1.6152812716746168 1.1883485856275993
2.128587467734345 2.040160439341203
2.128587467734345 -1.2462175560682964
-1.648860178844465 -1.2815446881872947
-1.648860178844465 1.2977395192282986
-1.5436643301115966 -2.8515517917744533
-1.5436643301115966 -1.6384768334733495
-1.4761505610507457 -1.4155135767405498
-1.4761505610507457 1.0373437496045597
1.9094847383792912 2.8448848639520232
1.9094847383792912 1.6815100606066316
-1.5463070663271603 1.4148010223070442
-1.5463070663271603 -1.4872046427306058
1.507704088906 1.862977814194946
1.507704088906 -0.9736117094055774
-2.053626605730361 1.0421167352538871
-2.053626605730361 -2.128281229449827
1.6027396548867208 -1.2442645415136337
1.6027396548867208 1.1844512672855934
1.7563156541507945 -1.407327061363857
1.7563156541507945 1.5790056381997668
1.6279904037536528 1.4077703300212756
1.6279904037536528 -1.1266548913580365
1.45791547151733 -1.33853706291661
1.45791547151733 1.1804902020684063
-1.669363709774414 1.0945548333276849
-1.669363709774414 -1.327723203849926
1.3898776210748998 1.159433991795178
1.3898776210748998 -1.913396872898766
1.6222868699139417 -1.1865431494827163
1.6222868699139417 1.4699717316957583
-1.330078380124247 -1.1954490412799008
-1.330078380124247 1.2904906742018318
-1.5605910303724548 -1.1485940377670183
-1.5605910303724548 1.1992184385451388
1.4020856294053503 1.428925247043723
1.4020856294053503 -1.5628327386506937
1.3089875931144621 1.191070443099983
1.3089875931144621 -2.4360289630201555
1.5626017953990663 -1.4112261996470383
-1.577403328986989 -1.0941721546356615
-1.577403328986989 1.0281251179938182
1.9637059959084415 -1.4313935630001482
1.9637059959084415 1.6459765626631315
1.7854290186682287 -1.0524471981910133
1.7854290186682287 1.5069903544256746
1.4471480327620507 1.1301589797825844
1.4471480327620507 -1.1907461463231894
2.135889839652138 -1.4565621044529868
2.135889839652138 2.085657004659943
-1.5393091810809778 1.2865738117566567
-1.5393091810809778 -1.1825939471019462
-1.7450688631684903 1.2135498001204408
-1.7450688631684903 -1.4234468741347974
-1.8345272592120545 1.8998874135473989
-1.8345272592120545 -1.3578813783068955
-1.8442895414139122 -1.905136801303541
-1.8442895414139122 1.4350905390452382
-1.323056994210129 -1.302394620459722
-1.323056994210129 1.396820592661241
1.4679317640028877 1.2998510900078422
1.4679317640028877 -1.5486044854196863
1.4088195759242899 -1.1386646082259124
1.4088195759242899 1.220171925968896
-1.5290473309583519 1.380625790896703
-1.5290473309583519 -1.8206851529967352
-1.4769872663017556 1.2607601136891333
-1.4769872663017556 -1.4771970862871102
1.605818919770634 -2.855801929240943
1.605818919770634 -1.6249367983114162
1.5563653240291546 1.1283644102302515
1.5563653240291546 -1.3764032671841622
1.708992271095372 1.1334197466616653
1.708992271095372 -1.6430290336981253
-1.3881106497579876 -1.2091559314993543
-1.3881106497579876 1.2183039120922812
1.620808855003575 -1.2366931587197734
1.620808855003575 1.0706513774573945
1.5074729694365834 1.1496783742929984
1.5074729694365834 -1.2687019403887698
-1.5050015289156338 -1.3196261299078949
-1.5050015289156338 1.144009480191799
-1.3666219054570456 -1.1742754407541116
-1.3666219054570456 1.6984223420959086
-1.8201239312178974 1.2772764135237367
-1.8201239312178974 -1.330095900991944
-1.6633658775135336 -1.1547971312190541
-1.6633658775135336 1.2045354236991255
1.9211604768126058 1.4986262276458795
1.9211604768126058 -0.9813400149778934
-1.382341741295976 -1.3843301581710086
-1.382341741295976 1.5961916225290957
-1.2989706738059292 0.8716013344922038
-1.2989706738059292 -1.6046142382163249
1.370487507833879 2.827628493087403
1.370487507833879 1.6658558446272727
1.319412447352931 -1.2342511921304067
1.319412447352931 1.2131329207339219
-1.5961342252792716 -1.591463042335854
-1.5961342252792716 1.0856971058160838
1.992159848897799 1.7146764691557144
1.992159848897799 -1.3041913504974179
1.524567101766673 -1.3534861948739578
1.524567101766673 1.1448440111572626
-1.1844945912637104 1.840481488071476
-1.1844945912637104 -1.7685129747340802
-1.4761505610507457 -1.4155135767405498
-1.4761505610507457 1.0373437496045597
-1.237794590336624 1.3597358710696208
-1.237794590336624 -1.0858726184563983
1.501285525331539 -1.0365155473063328
1.501285525331539 1.2397868755289614
-1.4098107954363182 1.1542020059864195
-1.4098107954363182 -1.223748296667491
-1.4854942039810903 1.2413500952882008
-1.4854942039810903 -1.211320642335974
-1.3564575621756265 -2.9465935382746786
-1.3564575621756265 -1.7262902946989669
-1.3901103819220106 1.2374596725890947
-1.3901103819220106 -1.2366311231088678
1.5839016141559001 1.1829156894610722
1.5839016141559001 -1.2411437375237941
-1.6656448828503554 1.2262967300833783
-1.6656448828503554 -1.397784450359755
1.9366298991084743 1.4886454573221777
1.9366298991084743 -1.04131926142388
0.9302171951473872 -2.455195083373073
0.9302171951473872 1.4199058108094833
1.3873373572160297 -1.2440021889195576
1.3873373572160297 1.4810626221791428
1.5195493618474032 1.112351364691136
1.5195493618474032 -1.2131132547140369
1.7623376765367256 1.2286666600793852
1.7623376765367256 -1.2015750366016351
-2.0444231319611936 2.994871164616056
-2.0444231319611936 1.776018061277659
-1.4092243166317053 2.7145641873920057
-1.4092243166317053 1.5322719658959907
-1.5762572302268585 1.3222516959190862
-1.5762572302268585 -1.120016098661634
-1.3828484220109973 1.4381691554249916
-1.3828484220109973 -1.265196151463492
-1.5952894889463916 1.1566962250674193
-1.5952894889463916 -1.295951125212609
1.7633164296144364 -1.2808529635063055
1.7633164296144364 2.0213679830229005
1.49469704080158 -1.1192810312143369
1.49469704080158 1.3211972455363188
1.2884098004131894 1.6283630934017486
1.2884098004131894 -1.437850533908726
-1.6026513804229483 1.2439964601921758
-1.6026513804229483 -1.141589981941205
1.6017894066425744 1.2144320212448891
1.6017894066425744 -1.201944647472811
-1.5737170356517245 1.2001838952124766
-1.5737170356517245 -1.4683972212909138
1.252598299696127 -1.18543027050911
1.252598299696127 1.2398918140588058
1.565578651893199 1.334579828772259
1.565578651893199 -1.1766389865692017
1.7670405167669443 -0.9643788819748341
1.7670405167669443 2.2083613100261745
1.593090714971143 1.4069716252122833
1.593090714971143 -1.3610404149956248
-1.3020358190354258 1.4093296753371956
-1.3020358190354258 -1.3199433916128875
-1.5274898233277212 -1.1660467157558203
-1.5274898233277212 1.1019970232057017
-0.9688723173922502 1.498799629384517
-0.9688723173922502 -1.0857896788102694
-1.798343604742609 1.3238550140731375
-1.798343604742609 -1.4670772894139057
1.5162085508868484 -1.4566023536055936
1.5162085508868484 1.1610886664926308
-1.6377358183111501 -1.2130723019061183
-1.6377358183111501 1.165872502163918
-1.629244614300124 -1.30602314960139
-1.629244614300124 1.14657212653812
1.4283775391907334 1.4872046349353534
1.4283775391907334 -1.0722002816162
-1.3349321358948856 -1.1871466816643934
-1.3349321358948856 1.6156665741851577
1.7387405515854988 0.9767016234046032
1.7387405515854988 -1.5683365665290938
1.0393762135919622 1.105432071070242
1.0393762135919622 -1.889658266064466
1.3059999407574794 1.1911050340316343
1.3059999407574794 -1.2508486937644014
1.5171382804980698 1.2795323567502666
1.5171382804980698 -1.1471386564234176
1.533003311435044 1.317035197910731
1.533003311435044 -0.8987805583555196
1.5100053465277536 1.0947021984089413
1.5100053465277536 -1.230479147063198
-1.4252350074927258 1.6967723599473596
-1.4252350074927258 -1.4261398079572847
1.5736353452763587 -1.3138215495250227
1.5736353452763587 1.2366243095401654
-1.8035759631621557 1.5151967936061461
-1.8035759631621557 -1.3335579137371008
-1.6499201888343313 1.2156065580318878
-1.6499201888343313 -1.0957466541555758
0.99689816210657 0.9903194346290665
0.99689816210657 -2.002021787692785
1.292384665398575 2.805903573110385
1.292384665398575 1.6403137857179795
1.759736035200948 -1.0650406746523955
1.759736035200948 1.2482494552820955
-1.543564148694765 -1.474770447149719
-1.543564148694765 -2.648231907809399
-1.526923333716415 -1.1465112215830866
-1.526923333716415 0.9578494360167518
-1.5309840662415788 -1.597117895739775
-1.5309840662415788 -2.756710961921007
1.6275710060603454 0.4790624524318406
1.6275710060603454 -0.7813074743365213
1.6881464901865122 -1.4440407280537928
1.6881464901865122 1.1368903006667157
1.4033687423276744 -1.2393027252753834
1.4033687423276744 1.0869794414252105
-1.625774316004269 1.1074452802229133
-1.625774316004269 -1.2999392547316222
-1.2684958024654154 -1.4642666774528366
1.5962764440592105 -1.1316263914143758
1.5962764440592105 1.2439254717568295
-1.169886935891565 1.8920790815185782
-1.169886935891565 -1.3572166176014473
-1.4575113131413677 1.290777463811373
-1.4575113131413677 -1.1913150182208694
1.7915036681733059 -0.8230919192158895
1.7915036681733059 1.8157141996716613
1.53604441893808 1.3134670773623114
1.53604441893808 -1.1368339638365674
1.5976346620583923 -1.3798503077371642
1.5976346620583923 1.1476679744004836
1.4283775391907334 1.4872046349353534
1.4283775391907334 -1.0722002816162
-1.5951784402346647 -1.6279145307905194
-1.5951784402346647 1.4379845301022078
-1.6414748398747685 -1.0990665110789108
-1.6414748398747685 1.264531135576546
-1.537834203408868 -1.281310077229049
-1.537834203408868 1.267159657184805
-1.569713612716026 0.6913598048545735
-1.569713612716026 -0.5712116139148459
-1.7487913483049093 1.0791151954977103
-1.7487913483049093 -1.3887226422706072
-1.3951160461270664 1.170264233607271
-1.3951160461270664 -1.2091463069433388
1.5366364491785511 -1.152386865544661
1.5366364491785511 1.2353372568844558
1.5473587707600132 -1.4749515804352666
1.5473587707600132 1.6866729661689581
-0.5087201835794123 1.4651002156592792
-0.5087201835794123 -1.20728406322094
1.6318405123758548 0.9520188128575547
1.6318405123758548 -1.0934302186346994
2.007469655522573 -1.164075234584523
2.007469655522573 1.4040075399213459
-1.5394845860300772 -1.2863276719437264
-1.5394845860300772 1.1851530006073736
1.7547424410603227 -1.3270432485243477
1.7547424410603227 1.3494358775412791
-1.6470239914471967 -1.5105822571192236
-1.6470239914471967 0.9188231310431082
-1.481422282385775 1.4123908601427961
-1.481422282385775 -1.056600408981831
-2.155290823063285 1.0739302169907134
-2.155290823063285 -2.3314060617863768
-1.6836924324331302 -1.2550932994666535
-1.6836924324331302 1.1608655531486556
1.1498753611829153 1.2985667788723185
1.1498753611829153 -1.2545064456599917
1.5909716851492774 -1.101712385558089
1.5909716851492774 1.292750904026003
-1.5598251846854168 -1.223185710452719
-1.5598251846854168 1.4170465006990822
1.660443552433841 -1.27089643594532
1.660443552433841 1.2748555665807697
-1.9523265176228732 1.474892444320623
-1.9523265176228732 -1.4875548161995253
-1.7661816157692012 -1.2569928487302648
-1.7661816157692012 1.2310996946003574
1.55278627413452 -1.276359494014613
1.55278627413452 1.1553646316795951
-1.9454289820737372 1.1827243900941575
-1.9454289820737372 -1.5087061470480208
1.5073828957873299 -1.212773283917372
1.5073828957873299 1.1802638578475286
1.5158984612872348 1.186685948902289
1.5158984612872348 -1.1936245609464664
-1.2239116410695217 2.0654671334385615
-1.2239116410695217 -1.03065407682623
-1.4420087556820844 1.0737311196315957
-1.4420087556820844 -1.1553893536456419
1.4664467934553187 -1.2728216349278405
1.4664467934553187 1.162654493427016
-1.6683608308422835 1.1504305669614474
-1.6683608308422835 -0.9870350338570852
1.5827049556726611 1.007002692964441
1.5827049556726611 -1.291643500531884
1.4137261386900282 1.3760676478646459
1.4137261386900282 -1.234493409437653
2.3157580424439805 2.1823940574806393
2.3157580424439805 -1.2647804130047617
-1.481098880708188 -1.364139850924995
-1.481098880708188 1.1326854957459414
-1.4485733321600776 1.3764645149232915
-1.4485733321600776 -1.1489520454790536
-1.7752333224634702 1.095006535874019
-1.7752333224634702 -1.3238128274370273
1.299934654662615 -3.043876407859115
1.299934654662615 -1.8256785659681
1.8737192086440744 3.049903129499014
1.8737192086440744 1.8256426039398208
1.7465572122740414 1.4033020112118946
1.7465572122740414 -1.592748846627291
1.8299913641586292 1.8698098112804638
1.8299913641586292 -0.9450675051207459
-1.4007746166778552 1.3736992715556788
-1.4007746166778552 -1.0967533020388645
2.0597374272981237 -1.4771663847312144
2.0597374272981237 2.6699318110531998
-1.1307640156774592 -1.6485740188143012
-1.1307640156774592 1.465917398601338
-1.4312093161234305 1.2810804461046539
-1.4312093161234305 -1.1325938404115892
1.4672073370304655 1.1666864028731088
1.4672073370304655 -1.2037895201922377
1.6645816348705424 1.3484901867588026
1.6645816348705424 -2.134808915639871
-1.65978902298507 -1.153274757465022
-1.65978902298507 0.971349443027012
-1.4365842998554474 1.2091902040258828
-1.4365842998554474 -1.0895733809545436
1.9862135203559454 -1.19235327812879
1.9862135203559454 2.3091226852670315
1.3370315031294695 -1.5983305152243161
1.3370315031294695 1.1324060477825253
1.3295970341513965 1.3343366219601371
1.3295970341513965 -1.2109020126023111
1.5031520227863822 -1.3398695107171685
1.5031520227863822 1.1382985843801305
1.3338628017979965 -2.141359663367335
1.3338628017979965 1.1247269515422866
-1.633205814852662 1.4095855216196511
-1.633205814852662 -1.1245392884811427
-1.5721074807040811 1.4734085778348662
-1.5721074807040811 -1.1979089421467282
-1.6623938208261249 -1.1824292396412903
-1.6623938208261249 1.2830833122039271
-1.4166116612989335 1.3159136422437299
-1.4166116612989335 -1.249454107530732
1.5361427345393694 -1.5449444678176347
1.5361427345393694 1.189803615201238
-1.6179906102848605 1.706557617077762
-1.6179906102848605 -1.467943792734317
1.636545474730564 1.4642951363313417
1.636545474730564 -1.129721227695596
-1.8647758804906798 1.1910094377775455
-1.8647758804906798 -1.1818369569780096
1.6230497528007077 -1.0887673828357471
1.6230497528007077 1.312986221995868
-1.6050969428753599 -1.4204267608549266
-1.6050969428753599 1.637427953705581
-1.6351844515039737 -1.2774311635895523
-1.6351844515039737 1.2093836566552143
-1.5346811121008685 1.2792252702293188
-1.5346811121008685 -1.818293904957436
1.736875637230019 1.9016674576528374
1.736875637230019 -1.1668790321444853
1.2663609340332633 1.3136389749716693
1.2663609340332633 -1.3317319059038697
1.769766719961245 -1.3451814694545414
1.769766719961245 1.4874151754940184
1.5229926418383726 1.2000976861742376
1.5229926418383726 -1.7706832614088812
-1.5187484859780707 -1.2240672131385093
-1.5187484859780707 1.1267780076482168
1.4172435379952133 -1.283163296668712
1.4172435379952133 1.4778031224900103
-1.5299044864416529 -2.76094680588961
-1.5299044864416529 -1.6113030036012397
1.5655927087595511 -1.28375889974594
1.5655927087595511 1.0598486674800627
-1.5357100691240737 -1.0802975905113943
-1.5357100691240737 1.1120512763163188
-1.4861184191012657 -1.3880012276985596
-1.4861184191012657 1.1052047283641184
1.617023602030969 -1.0963812681939973
1.617023602030969 1.2815636837838655
1.532544315158641 -1.2452057476349778
1.532544315158641 1.1973853494878122
-1.7040848082761113 -1.2265280259190878
-1.7040848082761113 1.2922102270991436
-1.6758516325374795 1.3076626925867825
-1.6758516325374795 -1.5311596121471436
-2.0053830845400435 1.4522601530438046
-2.0053830845400435 -1.6849196341341288
1.8689589394283723 1.0840387085648615
1.8689589394283723 -1.393877483014841
-1.765923256237019 1.1787371739463823
-1.765923256237019 -1.2095060702098517
1.428359768113052 -1.080815896728836
1.428359768113052 1.514331498499386
1.3361947736936652 -1.3888533817374311
1.3361947736936652 1.0192853743552936
-1.4847778388668018 -1.2130671956176369
-1.4847778388668018 1.1588062607994933
1.9581979686736792 -0.5288728870564605
1.9581979686736792 2.372500234395976
-1.6794707809858653 -1.299940818577593
-1.6794707809858653 1.1829604948990693
1.4565646228552467 -1.417627316683116
1.4565646228552467 0.9187660037543697
-1.6612581154020347 1.159149405760907
-1.6612581154020347 -1.379898818698707
-1.4277399364539867 1.1202632324056991
-1.4277399364539867 -1.4575818201143758
-1.5773242718999512 -1.0673578240132637
-1.5773242718999512 1.2922922191277562
0.07111495447860017 1.7554553358237082
0.07111495447860017 -1.6356817530121017
1.5293638782405927 1.4559074681134072
1.5293638782405927 -1.1127322093254415
-1.5184876506539136 1.2052093696405186
-1.5184876506539136 -1.0812483263939596
1.4429712662785448 1.0352323697715644
1.4429712662785448 -1.5678713198272487
-1.4596169955836373 1.2647074655836592
-1.4596169955836373 -1.1045849438695818
1.569921689696042 -1.4693194774369551
1.569921689696042 0.9616354318485995
-2.4477986878302724 -1.5262165796389382
-2.4477986878302724 1.1209077013247102
-1.5138383672165925 1.2812714606449298
-1.5138383672165925 -1.2960183742006897
-1.557446611628063 1.1470370481929315
-1.557446611628063 -1.122642834303854
-2.197849492179763 -2.1131037455236714
-2.197849492179763 0.8329621212004028
-1.3950675206729235 -1.0999196891094285
-1.3950675206729235 1.2129790626026402
-1.7178877075336911 1.0139956606288199
-1.7178877075336911 -1.3522404745702463
-1.4013490924074659 0.9896557062804724
-1.4013490924074659 -1.1262327440411348
1.2888794839841378 -1.2786175370837458
1.2888794839841378 1.449519203624461
-1.7255623301237109 1.299753147262477
-1.7255623301237109 -1.0595844142181168
-2.1234747836257566 1.4725965134853247
-2.1234747836257566 -2.054292217148466
-1.3616618837818593 -1.11829071850299
-1.3616618837818593 1.4197089424121336
1.5153058397464934 1.2740828688201362
1.5153058397464934 -1.5402465540136427
-1.6525011956885922 -1.2386749037153946
-1.6525011956885922 1.2489403923981721
1.0312633103295696 -3.1046799814931587
1.0312633103295696 1.9418423709088308
1.4364467487451664 -1.4646327608663208
1.4364467487451664 1.0216703641737266
-1.3778270324565176 1.7031354483430536
-1.3778270324565176 -0.9346520550982403
0.7848320791792157 1.4041538962492786
0.7848320791792157 -1.6953211222768632
-1.3170017787157744 -1.0191482102780356
-1.3170017787157744 1.3865740001758247
-1.7027757946240183 -1.4405785009089538
-1.7027757946240183 1.2880795510940672
-1.7833379926779185 -1.3769906343691747
-1.7833379926779185 1.4689572813177199
1.5360929179884253 -1.2350021687007353
1.5360929179884253 1.2158643053952225
1.6350915061223108 -1.3054943932465204
1.6350915061223108 1.2455150179221326
-1.6218257288653022 1.2835435315240322
-1.6218257288653022 -2.0129110380045767
-1.5182337145087812 1.2742185667087254
-1.5182337145087812 -1.4278814933935007
1.3380453054295685 -2.0401436356606544
1.3380453054295685 1.0708551096517314
1.6093768172294363 1.35069319482296
1.6093768172294363 -1.2697897113402876
1.524364275022721 1.1695073534490295
1.524364275022721 -1.1329424874411964
1.5214901693810725 1.5459805085492366
1.5214901693810725 -1.5884531758759983
1.439853039333786 1.4252493601237612
1.439853039333786 -1.77782962258093
1.4357279653356094 1.2220586696293783
1.4357279653356094 -1.1685194300828587
-1.1971200959534678 -1.0635884495317118
-1.1971200959534678 1.9901770046264768
-1.7396874565961036 1.2172331990022742
-1.7396874565961036 -1.1774680260066608
1.942903225598849 -0.9432593142597702
1.942903225598849 2.0306034646119335
-1.725853553513204 1.1209955264290126
-1.725853553513204 -1.3557924545885927
1.6871604457783391 1.1619712913772753
1.6871604457783391 -1.1334259982376143
2.0017914491657005 -1.4860677259660537
2.0017914491657005 2.3444096928373686
-1.5213621484364315 1.303796642689298
-1.5213621484364315 -1.2723049440658682
-1.414497426246019 1.3104092715019473
-1.414497426246019 -1.4007093462633753
-1.5578623938115606 1.3555885250472464
-1.5578623938115606 -1.2367834328063936
-1.3797174349330663 1.4973015272573846
-1.3797174349330663 -1.3098624487472916
1.5419408460910624 1.3708957257891363
1.5419408460910624 -1.1297336007915777
1.4488937379381952 -1.0509047745400169
1.4488937379381952 1.2114121546272958
1.559270368357818 -1.2318983069533789
1.559270368357818 1.142505826699108
1.7302109734738917 1.323549211065641
1.7302109734738917 -1.1009058623682053
1.5087490147399008 1.32027715545353
1.5087490147399008 -1.2121675953454303
1.4299826731650231 -1.645114861434871
1.4299826731650231 1.2926524568572377
-1.3922021213872127 1.2705194215368314
-1.3922021213872127 -1.336192378155473
-1.3618700357068338 -1.1016679918357546
-1.3618700357068338 1.212493231106922
1.043648896567171 1.1391563293360658
1.043648896567171 -1.4801229614276337
1.599637780233991 2.763952879784734
1.599637780233991 1.5988179116862338
1.3329567571112695 -2.20702421093891
1.3329567571112695 1.0880543979036372
1.55106738581218 -1.145790065740967
1.55106738581218 1.2586774182773872
-1.6358257604603803 1.3212752492680104
-1.6358257604603803 -1.2669997788212752
1.5015861285919603 1.1530764899073325
1.5015861285919603 -1.019172789480349
1.516702077073378 1.1409555518274648
1.516702077073378 -2.390203108965995
1.6353252481990277 -1.0027971002276006
1.6353252481990277 1.4590639329561221
1.6456965447382181 -1.0511152788054583
1.6456965447382181 1.271159740425296
1.7813219923666563 2.7272519890044493
1.7813219923666563 1.5388305428754772
0.45545105391795854 -2.286766395008588
0.45545105391795854 1.1002704854919219
1.1320594921488747 0.8527213614502817
1.1320594921488747 -2.0476019025584766
-1.623811940854163 1.174575262022078
-1.623811940854163 -1.2785317093964799
1.3433978825223425 -1.1479631365068665
1.3433978825223425 1.1718467248978062
1.625576290566998 -1.1568955398166834
1.625576290566998 1.792579597424635
-1.5867652994764745 1.1763017611079738
-1.5867652994764745 -1.105284023845977
-1.3921503856906943 1.320626704151586
-1.3921503856906943 -1.0656908772273501
1.8383559121980044 -1.122235659068383
1.8383559121980044 2.0886719441096266
1.7072125392044168 -1.4454771522238057
1.7072125392044168 1.1895965471545993
1.585723396592621 -1.1127335044003839
1.585723396592621 1.3365198399884017
1.539651923331367 -1.2659819195295205
1.539651923331367 1.2522488329329997
1.6601692664691956 1.3606284480738364
1.6601692664691956 -1.1398739078830935
-1.5243633190660468 -1.4529256152553445
-1.5243633190660468 1.1789306306794929
-1.37937676385884 -1.2500526476780387
-1.37937676385884 1.4998003199954324
-1.3530076955426624 1.2379920066069499
-1.3530076955426624 -1.5196882284189903
-1.9395503200254323 -2.1760501911594976
-1.9395503200254323 0.8707119310484167
1.565246527243754 1.1992555661028153
1.565246527243754 -1.245466374931057
-1.613141685125258 -1.3878801219134784
-1.613141685125258 0.991070230304791
1.3733670967804743 -1.205543071751227
1.3733670967804743 1.3798050495930556
-1.8239227553636699 1.4276740604257552
-1.8239227553636699 -1.3924111441303888
-1.9568385811130238 -1.3544800488826354
-1.9568385811130238 1.5704426446307542
2.229419050612396 2.213111788928328
2.229419050612396 -1.1614008773592586
-1.5616984237485425 -1.4737692397604663
-1.5616984237485425 1.2938691326501228
1.7270465022765802 1.4772510535930212
1.7270465022765802 -0.9371943491660321
2.2193154820471093 1.7659342930684871
2.2193154820471093 -1.200241356896819
-1.3571241991734042 -1.0864769177697688
-1.3571241991734042 1.4380838280162436
1.744979034290549 1.0581868588087013
1.744979034290549 -1.2353540128798137
-1.446338203198881 -1.5774616402050576
-1.446338203198881 1.8663157331986353
-1.9454289820737372 1.1827243900941575
-1.9454289820737372 -1.5087061470480208
2.191091608636244 -1.1929682059123532
2.191091608636244 1.9074892623587096
-1.3242997843655062 1.37428185471989
-1.3242997843655062 -1.231375352497445
1.6139037817095476 -1.1960569779254442
1.6139037817095476 1.0992311211217811
1.6524311432029444 1.1672141330768881
1.6524311432029444 -1.227971816359559
1.677041304438841 1.448237035347004
1.677041304438841 -0.8962687254405172
1.5687488263534133 -1.0563651743113196
1.5687488263534133 1.2866163915612132
-1.5892993666189044 -1.2615110168989525
-1.5892993666189044 1.2021310441511541
-1.5812877579301388 1.1672553251215951
-1.5812877579301388 -1.3764671266787578
-1.534835816801422 1.1843413422959685
-1.534835816801422 -1.7539746671150898
-1.447801010391382 1.3242801427170028
-1.447801010391382 -1.1972253457991398
-1.6844462600100023 -1.2273536485515926
-1.6844462600100023 1.9146896172153676
1.3952912172715037 1.1964434410827658
1.3952912172715037 -1.099788059320563
-1.4678529894265158 1.1684513670531187
-1.4678529894265158 -1.1649421914012108
-1.6649182689755166 0.826884066721207
-1.6649182689755166 -1.4640463958627858
-1.353677956477388 1.1891910102498353
-1.353677956477388 -1.1415605420391768
1.4847093632084234 -1.2609411249745044
1.4847093632084234 1.2477025809020128
1.6618841656329033 -2.7562015320670143
1.6618841656329033 -1.547435884394714
2.3540237682743763 2.052331994926001
2.3540237682743763 -0.834886763276995
1.9900491514200793 1.4060661889398278
1.9900491514200793 -1.6775167514762717
-1.4501728059197014 1.0828183445460253
-1.4501728059197014 -1.2982797899367176
1.904092407827489 1.0436402065514292
1.904092407827489 -1.247736418459297
-1.562923752553226 -1.4061893601614843
-1.562923752553226 1.1320967688888772
1.5552526508119138 1.2483059841953972
1.5552526508119138 -1.6461199227599848
-1.2199653593451263 1.243352631903129
-1.2199653593451263 -1.2371603782004332
1.8699822366595285 -1.9697495328851458
1.8699822366595285 1.5519093693825088
-1.5939582614938301 1.2710530448542035
-1.5939582614938301 -1.221533307097662
1.9944006819006312 -1.0683749482371172
1.9944006819006312 2.0029902311435386
0.8727404610835781 -2.158640167593995
0.8727404610835781 1.1336330942601835
-1.796671502578628 -1.8848838553363059
-1.796671502578628 1.0826059503978533
-2.2630304001751407 1.1721031514747595
-2.2630304001751407 -1.924626009239146
-1.8632557871718862 0.8955399000870973
-1.8632557871718862 -1.4815350582726219
-1.5513583677462914 -1.1215580017444564
-1.5513583677462914 1.2218397867208421
-1.6597309948398575 -1.2088200556893496
-1.6597309948398575 1.1224636649354383
-1.6811940168671493 -0.9607638992621922
-1.6811940168671493 1.4427877217176033
1.525413439940957 1.4248489980345889
1.525413439940957 -1.471662088492835
-1.6021909195431263 1.2179042437542889
-1.6021909195431263 -1.4867121146253175
-1.6545099496560889 1.2527222621308423
-1.6545099496560889 -1.1572589769027073
-1.1040027819187817 -1.065271368256976
-1.1040027819187817 1.3727362620307981
1.8257737439221096 -1.147361013318121
1.8257737439221096 2.1381106231273077
-1.4472025127779862 -1.0839703931629476
-1.4472025127779862 1.36085690960263
-1.5987817883333488 -2.7622635683250665
-1.5987817883333488 -1.6049212142772045
1.5884313799280987 1.342769808086478
1.5884313799280987 -1.2818052999691523
-1.664675714966202 -1.109937711903434
-1.664675714966202 1.1793171285303574
-1.4640811104975955 1.258245273289275
-1.4640811104975955 -1.4567806640137568
1.487279577275249 -1.3694473445413586
1.487279577275249 1.1500475822565788
-1.0622766245072437 -1.1077038356643227
-1.0622766245072437 2.0376776799992014
-1.6026875580545719 -1.2843210764451551
-1.6026875580545719 1.1294580463468429
2.2458439288555363 1.81034087452814
2.2458439288555363 -1.20985919076476
1.4369118147224202 -1.366541074256177
1.4369118147224202 1.055111225562283
-1.7525749914277533 -1.0893637366389004
-1.7525749914277533 1.2503682418154782
-1.8906313363187452 2.909948587891024
-1.8906313363187452 1.7388433613043943
1.2262631770392765 1.3089316897435566
1.2262631770392765 -1.166004039101586
-1.467434231122225 1.2905974855460778
-1.467434231122225 -1.2803925608046267
1.5035525861595933 1.1601009408352927
1.5035525861595933 -1.1913137455336735
-1.8720989424453982 -2.2193455289864366
-1.8720989424453982 0.9692907336359985
1.4914002516912062 1.291052012660743
1.4914002516912062 -1.267183534704762
-1.5915842650667023 1.3193661236736325
-1.5915842650667023 -1.385956272347217
1.2827755670652274 -2.2307647260961163
1.2827755670652274 1.174150341040513
-1.4997868200146076 -1.0602491818033724
-1.4997868200146076 1.2224935160736226
1.9675317061899933 -1.7252816365819337
1.9675317061899933 1.415537008859446
-1.5356578879266165 1.2783805399274561
-1.5356578879266165 -1.1528717342989192
-1.6019864745679722 1.3339165069522105
-1.6019864745679722 -1.2585763568460788
1.8443313360320996 -1.2194478924320875
1.8443313360320996 2.6779640848078166
-1.328694311483618 -1.2240169381519526
-1.328694311483618 1.2670878046035534
1.806046730579124 1.9303650509497827
1.806046730579124 -0.9584308412034817
1.4447773746230506 -1.5272033020280142
1.4447773746230506 1.5702643894939714
-1.8601364452235465 -1.6846109073187192
-1.8601364452235465 0.9389743492649435
-0.9412199453864882 -1.6045147953417573
-0.9412199453864882 2.1535168474427975
1.4076113311273835 1.0231476409277929
1.4076113311273835 -1.1936362645609948
1.562477463307632 1.014323955222819
1.562477463307632 -1.224860100387915
-1.605597191902468 1.990357743289331
-1.605597191902468 -0.7305809569922582
-1.4684105972923662 1.169457803973786
-1.4684105972923662 -1.1654647845065855
-1.6428247559786509 -1.1155054427872064
-1.6428247559786509 1.3243661721149649
-1.4893848057651569 2.2740915883257626
-1.4893848057651569 -1.296038893883279
1.4966369904139731 -2.252623369994916
1.4966369904139731 1.27197269201409
-1.6632330862650238 1.2805378055227756
-1.6632330862650238 -1.327656464516714
-1.363468167112821 -1.0893140045062597
-1.363468167112821 1.7579076843641313
1.5849669121682488 1.2644521996064426
1.5849669121682488 -1.2588336833043379
1.4244918098781436 -1.008462955162937
1.4244918098781436 1.338829704903131
1.60882463903506 -1.0765661554616923
1.60882463903506 1.3293526260605504
-1.4859213623309189 -1.2142819252465138
-1.4859213623309189 1.1585677135924877
-1.76466948805432 -1.3941118146250637
-1.76466948805432 1.2697286184206735
-1.4306389168553977 1.3480171782147101
-1.4306389168553977 -1.116066103584942
1.464265806238282 -1.3116163370190022
1.464265806238282 1.126020868946094
-1.8238622158127813 1.0603108967988073
-1.8238622158127813 -1.6485911642136717
-1.4404498698801387 1.2640074691601253
-1.4404498698801387 -1.0459310342772583
-1.8223099604935764 1.2611748150461417
-1.8223099604935764 -1.1600561198648474
1.5304306670635193 1.127740364919208
1.5304306670635193 -1.8978574050329364
-1.527705347352865 1.2676553594616098
-1.527705347352865 -1.201433685878058
-1.5285558682003395 1.2347904078194993
-1.5285558682003395 -1.843747546912228
-1.571336032980913 -1.2897259761411022
-1.571336032980913 1.2824511030070098
-2.177451745498089 -1.3983863624683055
-2.177451745498089 1.240464110343604
-1.910292834048293 1.2906824703509625
-1.910292834048293 -1.4506690288066113
1.6538316782864197 1.301616150530172
1.6538316782864197 -1.0402844604928594
-1.7830282966133728 -1.3258771302823418
-1.7830282966133728 1.146072838628061
-1.66660086145324 1.2863086133754376
-1.66660086145324 -1.3913153936298948
1.4952121161740721 1.2496771233880388
1.4952121161740721 -1.2598363952341776
-2.077832325853135 1.1697978418063018
-2.077832325853135 -1.578561979514423
1.2898287452322024 1.2545767276513278
1.2898287452322024 -1.2359175923800692
1.5944482455001001 -1.1998153299461973
1.5944482455001001 1.274475101571232
-1.8095014435595038 -2.0526982518814707
-1.8095014435595038 0.9346225733525766
-1.4707107874241911 1.2275496427971155
-1.4707107874241911 -1.4693290221213817
-1.6200633941298368 -1.4114113119333367
-1.6200633941298368 1.0939567693115417
-1.4025768214559868 -1.1917993910808837
-1.4025768214559868 1.1325999714808526
-1.3633279872239552 -1.0657604750042533
-1.3633279872239552 1.8820701647736438
1.5643763391558 -1.0583195361707387
1.5643763391558 1.4203933979468917
-1.421950393707246 1.2503550657614328
-1.421950393707246 -1.1530756116650016
1.3960198020139543 -1.1476612327534141
1.3960198020139543 1.2239696651565708
1.8885070656719107 -0.8193984105640898
1.8885070656719107 1.664336648241476
-1.6465621223429816 1.2583545213286729
-1.6465621223429816 -1.1203666978134112
1.587959847003916 -1.1707132141328975
1.587959847003916 1.240618743821272
-1.4826877531595162 1.55493929919926
-1.4826877531595162 -2.0650472161702034
-1.4979025671675001 1.3496811179030548
-1.4979025671675001 -1.211780284344999
1.486662468494229 -1.3602906295895256
1.486662468494229 1.022953169725197
1.5471391976050166 -2.475519789260671
1.5471391976050166 1.3336165195834353
-1.2024523035606813 -0.6746558231147978
-1.2024523035606813 1.8590800568755743
1.5304306670635193 1.127740364919208
1.5304306670635193 -1.8978574050329364
-1.589624291860126 1.3919144725231418
-1.589624291860126 -1.2185738278428582
1.553416915913334 1.303370356226364
1.553416915913334 -1.250038080049175
-1.5444430965702907 -1.1735031940519247
-1.5444430965702907 1.1717060132898611
-1.5766552514963805 1.2835435309225278
-1.5766552514963805 -1.2711956548294008
1.7732071780048233 1.2394953511488427
1.7732071780048233 -1.1281637051419509
1.5805808825289316 -1.2292844639213039
1.5805808825289316 1.1470712824358926
1.530376010821454 -1.234491826941875
1.530376010821454 1.2627376355491051
-1.6958431285516617 1.1432270353196121
-1.6958431285516617 -1.6821451275612644
1.1279635427668548 -1.8378686216395348
1.1279635427668548 1.1693459701439541
1.4843453576414434 -1.2978301536543833
1.4843453576414434 1.2183788927563357
1.9820172378280128 -0.9755679371084015
1.9820172378280128 2.0688212997422126
-1.5076489855494806 1.3340655561259327
-1.5076489855494806 -1.3554021365533897
-1.6008681694600486 1.2693115749394397
-1.6008681694600486 -1.2020135920269133
1.6008655177973368 -1.2693062421123058
1.6008655177973368 1.2019817894382745
-1.5614739614951574 -1.247284810379503
-1.5614739614951574 1.1017035789354017
1.5196929128288579 1.126793420370872
1.5196929128288579 -1.1985874048050311
1.5314418982937879 1.1991444550157742
1.5314418982937879 -1.1803940612646997
-1.4983260777423937 1.2420492400188803
-1.4983260777423937 -1.1084552595467423
-1.4839762852141072 1.5595033734936061
-1.4839762852141072 -1.1971245603129719
-1.4677152748564575 1.206458767725162
-1.4677152748564575 -1.262753791861911
1.649781206655736 -1.0114913717549971
1.649781206655736 1.9944914554563955
1.6533809979735632 -1.470546129113449
1.6533809979735632 1.0980094767021582
1.5321933363162454 1.8223347034505224
1.5321933363162454 -0.9746412150285825
1.677062622918138 -1.0926261874981027
1.677062622918138 1.7203921228766481
1.3774516854519758 -1.4255881640160706
1.3774516854519758 0.9931807444081687
-1.4483640689718342 -1.2327469979191434
-1.4483640689718342 1.2817942322128848
1.251098553703614 -1.377975725948044
1.251098553703614 1.1848417411809047
1.6039383466252817 1.1461947157449042
1.6039383466252817 -1.2501737329975968
2.1415107729469525 2.3936536694016213
2.1415107729469525 -0.9093114312382545
1.5994406886544656 -1.1557621666207232
1.5994406886544656 1.2348435475463164
1.6132550196832598 -1.2357936562496479
1.6132550196832598 1.2188705602954153
1.4723100723432843 -1.320731293526132
1.4723100723432843 1.2250149642041184
1.1629493492955536 1.3680237471737615
1.1629493492955536 -1.4922048627875706
1.4304290879198167 -1.3762238346561828
1.4304290879198167 1.1825805137383507
1.4843584081823946 1.05277594714955
1.4843584081823946 -1.3145709597856172
-1.6875740843822864 -1.2517096597013555
-1.6875740843822864 1.7016278684876955
1.6390616743621658 -1.1531509666657969
1.6390616743621658 1.4328305546289586
-1.9484307677603678 -1.0201135489522601
-1.9484307677603678 1.3061103659510014
1.417130108783473 -1.2065622517087544
1.417130108783473 1.236657366551811
-1.4287425181064886 1.2856596192181808
-1.4287425181064886 -1.518469935871409
-2.194188843203224 1.2245962554461347
-2.194188843203224 -1.5775183935192187
1.6113177468122657 1.2024772969558277
1.6113177468122657 -1.1898802447356671
1.1709093862225952 -1.630779190388518
1.1709093862225952 1.7134422775869007
-1.6511717709370366 1.3030678508692175
-1.6511717709370366 -1.1513963208051892
1.1374456566234727 0.6972697379079433
1.1374456566234727 -2.181258074396983
1.5798884203811574 0.9098539228786079
1.5798884203811574 -1.070473577668921
-1.5135458402324748 1.1583851693152842
-1.5135458402324748 -1.3504528908453612
1.4021281261145073 -1.155000828966189
1.4021281261145073 1.2795642983587647
-1.5003569794146332 1.3611992782907734
-1.5003569794146332 -1.032527164751657
1.4609755627130587 -1.2267040788963302
1.4609755627130587 1.2164126747841888
1.4419535012631581 1.3268607793195233
1.4419535012631581 2.5182997144449426
-1.6451949007927407 -1.3695638530935865
-1.6451949007927407 1.9339410051754058
-1.6015958044495786 -1.1582070708132521
-1.6015958044495786 1.1560854045176554
-1.716473905919078 -1.0875298532572524
-1.716473905919078 1.300624011880755
1.626407857491578 1.0581702743822254
1.626407857491578 -1.2251940917002022
-1.5035107768154736 -1.0419261286206596
-1.5035107768154736 0.9335909896337365
1.537985001382176 1.243472741395881
1.537985001382176 -1.0544727748816827
-1.4857423422418592 -1.3307806847830437
-1.4857423422418592 1.6652243313364565
1.8444910767053697 -1.2071863529299816
1.8444910767053697 1.0417179189604073
1.646398465745712 -1.0820730981396467
1.646398465745712 1.4263931183583187
1.7590301760738636 -1.020886835668154
1.7590301760738636 1.3890212793439416
1.349005495619187 -1.4404609697214574
1.349005495619187 1.1166800795594167
-1.5603664866325364 -1.063093691896765
-1.5603664866325364 1.345329444570105
1.4306523936191453 -1.3095245309471015
1.4306523936191453 1.064494391639923
1.702426421002003 1.1403394433714387
1.702426421002003 -1.3894090222367441
1.5530096017795219 1.453254944646689
1.5530096017795219 -1.445495777242179
1.552816602199445 1.4532154450502677
1.552816602199445 -1.445380708993116
0.8792725548437212 2.728899739569488
0.8792725548437212 1.5664694827954146
-1.4571765886978176 1.1595271138393868
-1.4571765886978176 -1.1636603326088015
1.7354296695979563 -1.705237294358965
1.7354296695979563 1.1647804531812695
1.5318155162790446 -1.2095515700518906
1.5318155162790446 1.1448804793602405
1.679308183971312 1.305873452233205
1.679308183971312 -1.2198789527142608
1.7611815909705897 -1.0645722358170826
1.7611815909705897 1.4364028833840015
-1.6607403063593216 -1.3452172247974088
-1.6607403063593216 1.2059778556467249
1.7504175072869073 -1.1791991583560868
1.7504175072869073 1.7661959966862837
1.4097961009518083 -1.7070546230638508
1.4097961009518083 0.9752786787733291
1.3314179402961286 -1.3637898812360196
1.3314179402961286 1.1777319832945221
-1.4992679458962686 -1.1964124203741018
-1.4992679458962686 1.1798812524816376
-1.502558325072744 -1.1706758327396438
-1.502558325072744 1.5276979260190364
1.4372572535801764 1.1081328351546818
1.4372572535801764 -1.6650164550016164
-1.62093981527614 1.4937959551916775
-1.62093981527614 -1.1472559935860647
1.29202628626527 -1.2105388506554424
1.29202628626527 1.224670170674969
-1.655692659135337 1.5078321002397315
-1.655692659135337 -1.1594074778152654
-1.61474421934965 1.1822055751231932
-1.61474421934965 -1.2664913516501095
1.4428770024563473 1.2811459164945547
1.4428770024563473 -1.079066621100793
1.464150817581712 -1.319233002841217
1.464150817581712 1.3521287290000716
1.638571511554762 -1.1033604681620226
1.638571511554762 1.9671492755459197
1.4581343324820033 -1.351856794108941
1.4581343324820033 1.4468170581854316
1.7288745410619697 1.1432577223198361
1.7288745410619697 -1.0507440680219227
1.4880575415084099 -1.2057123026556913
1.4880575415084099 1.5592714679733541
1.7247498190518509 -1.2579786448866888
1.7247498190518509 1.343464438749153
1.6714511542303756 -1.7545752209454755
1.6714511542303756 1.3632658637092359
-1.6136360014018012 1.2405069675899763
-1.6136360014018012 -1.0377326128951243
0.9373057594125288 1.0210136664091929
0.9373057594125288 -1.6931040257957
1.538256880602271 1.265897148819686
1.538256880602271 -1.1494526661377618
1.2493241314973 -1.8249453912967584
1.2493241314973 1.0160321937472159
1.4835524677469587 -1.9312184589146382
1.4835524677469587 1.0653362709956389
-1.4140188768889148 1.406546182368292
-1.4140188768889148 -1.1392339642895475
-1.8144595469821276 0.8630731299215082
-1.8144595469821276 -1.452363241125837
-1.398445261879223 -1.3152040006840888
-1.398445261879223 1.4475064445533379
-1.6574758033875192 0.9495982890692911
-1.6574758033875192 -1.3892838747550318
1.6007989653769612 1.2304707772727648
1.6007989653769612 -1.5092549607166583
-1.4448372324482235 -1.0074720853726018
-1.4448372324482235 1.2910402431621255
-1.266501908281096 -1.2196582827354634
-1.266501908281096 1.4345491488837419
-1.5963728298020141 1.2274482736449952
-1.5963728298020141 -1.2551389724584083
0.852759068101673 -2.005183988521191
0.852759068101673 1.7483882704306402
-1.657496577685247 1.4617860196448915
-1.657496577685247 -1.2772810475161076
-1.5886283395937086 -1.1757074579391593
-1.5886283395937086 1.1698068289872112
1.6117531213396077 -1.7336644961570553
1.6117531213396077 1.4437449780535665
-1.6106481600621156 -1.3904489297374656
-1.6106481600621156 0.9447257333555382
-1.525247795883713 1.0358293836784276
-1.525247795883713 -1.9090940497061433
-1.2764346691618236 1.6505599572261471
-1.2764346691618236 -1.0902682921354607
-1.4216128245100967 -0.7455882491154214
-1.4216128245100967 1.3939340211215696
1.8486618217437114 -1.961155746856604
1.8486618217437114 3.1256712612170294
1.4160013770500155 -1.1448025058063782
1.4160013770500155 1.3288414649378186
1.3529256725295944 1.1020991519136951
1.3529256725295944 -1.2818563782933852
-1.3858536473944536 1.3660139190421645
-1.3858536473944536 -1.3155601215371573
1.8873921111873768 -0.9098813895756306
1.8873921111873768 1.6364479584627984
-1.5865270073996585 1.2398482734501546
-1.5865270073996585 -1.3559872975446408
1.4116848992907414 -2.0870072878296773
1.4116848992907414 0.967901748072071
1.4428770024563473 1.2811459164945547
1.4428770024563473 -1.079066621100793
1.5655444210786786 -1.0369385944213114
1.5655444210786786 1.3462734686810662
2.0709529698531117 2.1335508777370613
2.0709529698531117 -0.8336341373729809
1.5999935917771984 1.0909488285395137
1.5999935917771984 -1.237974873506478
1.4229334956802915 -1.1432959266828198
1.4229334956802915 1.462862766896377
-1.747245417460247 1.1344831118377976
-1.747245417460247 -1.274354292055257
1.6632775957688763 1.3842036912933202
1.6632775957688763 -1.335128038934234
1.4584929503722215 1.4958850222317932
1.4584929503722215 2.6491477643939034
1.3712618309599074 -1.3253841853280897
1.3712618309599074 1.2322109272198873
-1.6366951558732903 1.3004711076576678
-1.6366951558732903 -1.1052647108185554
-1.5844239818316166 1.1212260355854948
-1.5844239818316166 -1.470217218866968
1.3991050371054963 -1.3851641041993852
1.3991050371054963 0.9678437042752512
1.6314614247872974 -1.1078825474021137
1.6314614247872974 1.7864124657131886
1.650484608534456 -1.2635289719004505
1.650484608534456 1.1905621635958907
1.664553438477494 1.2172685262047336
1.664553438477494 -1.2150881824149145
1.4966761967263367 1.1885656105565006
1.4966761967263367 -1.1103757037027686
1.7029096612427668 2.7928927505195777
1.7029096612427668 1.6296406159113426
1.7530823676991234 -1.5265860749433615
1.7530823676991234 1.1573481071776195
-1.325771728489846 -1.0866959632603295
-1.325771728489846 1.319225140683669
-1.563334720633008 1.2466736504878542
-1.563334720633008 -1.1256852071037644
1.4554969759352436 1.1304155371313875
1.4554969759352436 -1.2419270192510368
1.6211840654069771 1.3018009421554209
1.6211840654069771 -1.2175511771809306
-1.6254333856643444 -1.2217569648344209
-1.6254333856643444 1.4915171255255348
1.7567049651744941 -0.961477856146055
1.7567049651744941 1.5793102328244801
-1.3564001242068253 1.9729989843495261
-1.3564001242068253 -1.4273754911834653
1.5847184302749975 1.3006854148529454
1.5847184302749975 -1.2167256358337564
1.5725424220972122 -2.702762919878885
1.5725424220972122 -1.5426756429555535
1.6596640345385358 -1.1969294720546055
1.6596640345385358 1.204458717177489
1.6725140620088523 -1.1309172607521787
1.6725140620088523 2.019929657219604
1.6450741641713444 -1.105480433646869
1.6450741641713444 1.293660972214662
1.5228187689722308 -1.1723908821195588
1.5228187689722308 1.2453821971869667
1.5220162199858054 1.4361172185663849
1.5220162199858054 -0.9870026574935539
-1.4778638106289261 -1.1429741607836028
-1.4778638106289261 1.1680472618565385
-0.9546861032026203 1.9551459746991244
-0.9546861032026203 -3.1138825052062638
-1.2691237666944621 1.705687362029464
-1.2691237666944621 -1.2395815747720325
1.3435539305919337 -1.2276719952226145
1.3435539305919337 1.0317108201346483
-1.5332846195269467 -1.1495192734854185
-1.5332846195269467 1.186538773364375
1.7101629073542846 -1.3683912806094776
1.7101629073542846 1.1366420922829477
2.4888042777530974 2.035592144532768
2.4888042777530974 -1.7559884577530085
1.5920270895776873 1.1700053561236812
1.5920270895776873 -1.0990071961911687
-1.839886925663403 1.0113062757461193
-1.839886925663403 -1.9567639532108938
1.411713990342825 -1.7095908994680238
1.411713990342825 1.0959842416009236
1.4117502779685949 -1.7095759378168902
1.4117502779685949 1.0960615855041025
1.8071613497515264 -1.5351322802656193
1.8071613497515264 1.412615769951549
-1.4396220922832603 1.3771337262138914
-1.4396220922832603 -1.1733602463022523
-1.4176481244905286 -0.9525291472598881
-1.4176481244905286 1.6091650334759027
1.589408365193579 -1.2035636914964345
1.589408365193579 1.1206414152518653
1.6471135968028956 -1.9709160872481561
1.6471135968028956 1.285378057122831
1.6345509794308444 -1.1091414431537963
1.6345509794308444 1.7242649158363303
-1.4246015147328348 1.9089692076160336
-1.4246015147328348 -1.2141763194678705
1.4756926490066322 -1.4527470018447501
1.4756926490066322 1.150027357974034
1.423128085508496 -1.236571440417234
1.423128085508496 1.3146886937343767
-1.5140255322340812 -1.134261819190101
-1.5140255322340812 1.3165167685951131
-1.7981225313395335 -1.2699292528099597
-1.7981225313395335 1.1907668450969782
-1.6342898905965897 -1.331524182855878
-1.6342898905965897 1.4940527007152278
-2.106894320192848 -3.0600194045909754
-2.106894320192848 1.1773338161705877
-1.7127663988908317 1.6742398354363546
-1.7127663988908317 -1.265767724615301
-1.2378523468766984 -1.0885827995851096
-1.2378523468766984 1.370282407006993
1.5048752811268966 -1.2154411389666395
1.5048752811268966 1.1900833876199262
1.6155266815899503 1.6361720390088101
1.6155266815899503 -1.1906295964328304
1.6244102182284617 1.688625362632219
1.6244102182284617 -1.10405670566411
1.7927031334676247 1.3703215205541244
1.7927031334676247 -1.1318153952551264
-1.4738353973334994 1.1340847109506307
-1.4738353973334994 -1.602916943909277
1.2509191497165606 -1.9263725093022728
1.2509191497165606 1.1164199049349648
-1.5694275493878875 -1.2632823886971563
-1.5694275493878875 1.1472126228973554
1.6971075851810349 -1.2091393020898842
1.6971075851810349 1.1743336462323497
-1.657496577685247 1.4617860196448915
-1.657496577685247 -1.2772810475161076
-1.4823736097718136 1.4016670278853867
-1.4823736097718136 -1.037368519377042
-1.6627594743334269 1.4156278692122692
-1.6627594743334269 -1.402838049610589
-1.5847267792628474 -0.9981799966175687
-1.5847267792628474 1.2531970358349764
-1.5837850870111951 1.1852315034314307
-1.5837850870111951 -1.6447020866160786
-1.660817393751826 -1.3546575266141685
-1.660817393751826 1.1260263886430306
1.8048515612427594 1.2345338705004405
1.8048515612427594 -1.551501142910284
-1.5278656474439416 -1.726076563145628
-1.5278656474439416 1.252755584919636
1.8611057770534751 -0.8382913046123531
1.8611057770534751 1.6657020605514283
1.9160859024830206 -1.0098170881108974
1.9160859024830206 1.4655504987438195
-1.516171845256022 1.350555007784088
-1.516171845256022 -1.377712558283104
-1.258862712119637 -1.110071385018135
-1.258862712119637 1.2011349805365514
1.7487166464623451 1.5440453296138983
1.7487166464623451 -1.071219445929518
-1.4080101709230828 1.4625175042339997
-1.4080101709230828 -1.2193213525250848
-1.7270907058704092 -1.719633862472384
-1.7270907058704092 1.2184344498802566
1.6880878946495836 -1.2185623360266087
1.6880878946495836 1.094570703690518
1.490288780975757 1.1612953337611827
1.490288780975757 -1.2217431159509609
1.566865841243309 1.1866433044674838
1.566865841243309 -0.9941915721306607
1.5160682370685046 -1.1513897827933717
1.5160682370685046 1.6701877294255978
1.3673675988546157 -1.5170061723827994
1.3673675988546157 1.0288528095797291
-1.4674488231436777 -1.2147906096410677
-1.4674488231436777 1.3819500287216846
-1.0136865946272 -1.2076641112399262
-1.0136865946272 2.245186856991501
1.7337677006589716 1.4991073325345108
1.7337677006589716 -1.3141719845840016
1.4405673940342494 1.2395822271146149
1.4405673940342494 -1.179904432010133
-1.238174211770494 1.3710104129937655
-1.238174211770494 -1.0885523294136557
1.564266154251152 -1.3532739209832438
1.564266154251152 1.8316766472561297
1.8520130672462354 -1.4182108483726812
1.8520130672462354 1.7201253301522814
2.073713478008192 1.4215149985276418
2.073713478008192 -1.129465666004919
-1.5193343318231165 -1.9832523015976298
-1.5193343318231165 1.107796195893534
1.478056127922412 -1.318224103885643
1.478056127922412 1.2324715768909988
-1.7813955167368845 0.7842163559746091
-1.7813955167368845 -1.587259282018158
-1.5437897140466503 1.338748514061328
-1.5437897140466503 -1.1752471175499666
1.8981180454508497 1.3485990195555433
1.8981180454508497 -1.2038963597374015
-1.5061063722868355 1.2159263594743925
-1.5061063722868355 -1.0230690196757026
1.4884422973750377 1.4033934478254628
1.4884422973750377 -1.1564748158936375
1.626258221124676 -1.2497943393364204
1.626258221124676 1.267021769407536
-1.75781253297857 1.015586576477961
-1.75781253297857 -1.775434111430416
-1.6779700578514776 0.9785586771300948
-1.6779700578514776 -1.9164657559440463
1.7207834041817718 1.488813153262553
1.7207834041817718 -0.9460886075780446
-2.3369348446331486 2.752234997759682
-2.3369348446331486 1.5915319924410505
0.7390692657448024 -2.038244736021602
0.7390692657448024 1.7546476629608085
1.6214912034451334 -1.1952215799660375
1.6214912034451334 1.2621139077846375
-1.7377716841677389 1.1968499101383745
-1.7377716841677389 -1.74380762790831
-0.7512677912996514 1.5636187711227123
-0.7512677912996514 -1.043898378815958
-1.9093777565517374 1.182712915046701
-1.9093777565517374 -2.0266619084445248
1.4549331113963195 -1.4297849414180321
1.4549331113963195 1.0714332880301414
-1.3067000014290042 -0.8006675123880619
-1.3067000014290042 1.7661847386611962
-1.5229053819117349 -1.4409978163478787
-1.5229053819117349 1.6207294985727088
-1.5024572125411821 -1.1729650438059196
-1.5024572125411821 1.305589470956534
-1.6190112524524163 1.5385206449688458
-1.6190112524524163 -1.1283758230017198
1.5016813171614436 1.1291034379071043
1.5016813171614436 -1.2396229398973198
-1.6761290294724378 -1.2955579007435674
-1.6761290294724378 1.2779482850856558
-1.4139639801197594 -1.532969631735559
-1.4139639801197594 1.3498484952359504
-1.6946151666785427 -1.194380830871892
-1.6946151666785427 1.2315860085127799
1.5615214180215482 1.3718035043447911
1.5615214180215482 -1.1534327250875542
-1.3049444275928062 -1.0363759859477215
-1.3049444275928062 1.9347611695812779
1.43665867041416 -1.668270949680229
1.43665867041416 1.1699802617196775
1.492062728149256 1.3265552067285498
1.492062728149256 -1.7291528185771035
1.2460543890197942 1.2933961581670348
1.2460543890197942 -1.386136505932814
-1.673586350034309 -1.3301890700817192
-1.673586350034309 1.1406695502094413
1.88143899451681 -1.510105305256916
1.88143899451681 1.4055006456486452
-1.7350222011309346 -1.1583330615199607
-1.7350222011309346 1.3284388398579994
-1.2378523468766984 -1.0885827995851096
-1.2378523468766984 1.370282407006993
-1.6558384468070604 1.33349624666181
-1.6558384468070604 -1.1006778952369938
-2.116694691122993 1.014055509425052
-2.116694691122993 -2.175165190749244
-1.7274536486968122 -2.1523354103700236
-1.7274536486968122 1.0339097665146575
-1.238174211770494 1.3710104129937655
-1.238174211770494 -1.0885523294136557
-1.328505523558646 1.4192532175741863
-1.328505523558646 -1.092948707514586
-1.6228137695159923 -1.595578131764255
-1.6228137695159923 1.0196964921274323
1.5056260257234502 1.3893477218876344
1.5056260257234502 -1.188999027160079
1.5608795626861813 1.3284035027198775
1.5608795626861813 -1.2754398290760396
1.5815135799021953 -1.6270344170592848
1.5815135799021953 1.1763021994870633
1.5814879427259745 1.1764449015068943
1.5814879427259745 -1.6271135591852308
-1.6458364360714708 1.6867125089935113
-1.6458364360714708 -1.3116022571060144
-2.0853221960766795 1.2611038709604991
-2.0853221960766795 -2.0251717843511745
-1.988775469569157 -2.2571032447430617
-1.988775469569157 1.151375151859586
1.6458135328771266 1.3732282411497436
1.6458135328771266 -1.0101461206997233
-2.001294732165108 1.4892639809291586
-2.001294732165108 -1.4709714308978628
-1.3757624489714744 1.7142950093356684
-1.3757624489714744 -1.9082009116289738
1.618483462973406 -1.370444406565874
1.618483462973406 1.4491736771019894
-1.199418691082568 1.4629406432989376
-1.199418691082568 -1.7640802234371251
1.435922824373264 -1.3364691867497476
1.435922824373264 1.45761174576188
1.5113480310564744 -1.4380146917513685
1.5113480310564744 1.1393127000765892
1.11443961513081 -1.83508885242974
1.11443961513081 1.260390167703431
2.601830702463098 -1.0323522230997615
2.601830702463098 2.182136834754938
1.3975468228759647 -1.2973890898446634
1.3975468228759647 1.4682068024342658
1.6002596563192488 -1.1242557431980742
1.6002596563192488 1.2481946042781662
-1.8330111417963446 1.35041705423468
-1.8330111417963446 -0.9951333572217177
1.2426810454833062 1.1998534954360973
1.2426810454833062 -1.3502165324606685
1.5341223524648728 -1.1506840583398965
1.5341223524648728 1.5455083446271434
1.3008674091526902 -1.2443646346179775
1.3008674091526902 1.2980862272657625
1.2925534785694475 -1.1926787928231712
1.2925534785694475 1.2181028076784817
-1.5645571377046554 -1.1549838728519972
-1.5645571377046554 1.2025158614317857
1.4957727461859514 1.1193607590040155
1.4957727461859514 -1.2344221689584276
1.4979383457804845 -1.2389943426925736
1.4979383457804845 1.2129492149390142
-1.5693815641147133 1.233645939214991
-1.5693815641147133 -1.1061622070314203
1.505403618541449 -1.2272880346803563
1.505403618541449 1.177664548347085
-1.4077699554874095 -1.1425426545914628
-1.4077699554874095 1.2346057204428356
-1.4660518005784051 -1.0636977645199754
-1.4660518005784051 1.2435045807460512
-2.2051999606344057 2.1584129375010184
-2.2051999606344057 -1.609020075389768
1.4018024753846114 1.1902105178599613
1.4018024753846114 -1.463548514993279
-1.6013044732889663 -1.1824501775355167
-1.6013044732889663 1.1237441519666913
1.8240249834294326 -1.7307927410134496
1.8240249834294326 2.124127417218836
1.58742341922332 -1.290056579118217
1.58742341922332 1.212189802890378
-1.4245423807028217 2.4576559653459116
-1.4245423807028217 -1.2449668179652582
1.36010203087748 1.0718481993224018
1.36010203087748 -1.635495189085537
1.7337622121289975 1.6213710778158588
1.7337622121289975 -1.2302779811784874
1.5567204262867722 1.2594186935649763
1.5567204262867722 -1.296700699289886
1.2869965254154874 1.6388787414154709
1.2869965254154874 -1.4945246482201762
-1.6895315577201384 -1.5034393229967424
-1.6895315577201384 1.0643113819057632
-1.8764295788633047 -2.3154313188397517
-1.8764295788633047 0.7776127460229398
1.5763184970796986 1.3372303872647107
1.4044841754408963 1.6502676967202428
1.6095823568232632 -1.2123324626438081
1.6095823568232632 1.173905024040185
-1.797475812385311 -1.7298612713999044
-1.797475812385311 1.6747282675870723
1.1401542449195088 -1.5107739289545912
1.1401542449195088 0.9495168759488175
1.359849968490308 -1.2705426489636105
1.359849968490308 1.28192864629648
1.6313197479363077 1.4129074062989058
1.6313197479363077 -1.1314980716915575
1.4609755627130587 -1.2267040788963302
1.4609755627130587 1.2164126747841888
1.6520948256588848 -0.8887270117289915
1.6520948256588848 1.4992137281545097
-1.0907895013260818 -1.1520202695405184
-1.0907895013260818 1.6456234424049454
1.0907897058622398 -1.6455386698337824
1.0907897058622398 1.1519916002662192
1.8801659110911793 -1.973371869955357
1.8801659110911793 3.113862227998438
-1.1373763541402109 -1.2560340867234592
-1.1373763541402109 1.6321894073742373
-1.4870050672884243 -1.08206911997793
-1.4870050672884243 1.5379367138438498
1.5073701102511725 1.4724790714716578
1.5073701102511725 -1.1876770334337665
1.5029958389608369 -1.228820548818629
1.5029958389608369 1.1658200646911319
1.4943144934287464 -0.92370084781338
1.4943144934287464 1.0859090068855977
0.7896505542182974 2.7111410259213753
0.7896505542182974 1.582136614127857
-1.5587151964349353 1.2896393029634516
-1.5587151964349353 -1.2244206705116916
1.427146352368666 -1.4223934630979669
1.427146352368666 1.1473300515392681
-1.001449811344286 2.4883742559702693
-1.001449811344286 -1.1089039834459054
1.570537355828398 -1.1671366411746582
1.570537355828398 1.2590525686154683
-1.713662987459273 -1.0909055142017825
-1.713662987459273 1.2872970517400246
1.5095027222409203 -1.2495634480111903
1.5095027222409203 1.2692045122564886
1.770443120378143 -1.0442274090844352
1.770443120378143 1.5311190805125596
-1.5902898983544642 -1.329695645896824
-1.5902898983544642 1.8937615424045546
1.4676412548125946 1.360386546125313
1.4676412548125946 -1.1897574232589612
1.6499492058574552 -0.8935368747476411
1.6499492058574552 1.1531942005030031
1.5628077356898649 1.445389286444012
1.5628077356898649 -1.1705799804712091
1.6761118109741049 1.3350923879362793
1.6761118109741049 -1.3935363284356572
2.208796033086773 2.497737248295454
2.208796033086773 -1.4225649223355539
1.4402140210468464 -2.283132088698748
1.4402140210468464 1.2540576420064478
1.8500324602138496 -1.965830600323964
1.8500324602138496 3.125873302237772
-1.3190164011492258 1.2147945892255383
-1.3190164011492258 -1.2124727011191279
-1.7868047197400714 -1.650843569938695
-1.7868047197400714 0.8208790184957501
1.141669659062563 1.462639977385797
1.141669659062563 -1.523090483329638
-1.7014458898058527 1.5856333953335753
-1.7014458898058527 -1.2576646482563791
1.327070869977648 -1.5831084029320173
1.327070869977648 1.0024179025781559
1.357176434832141 1.0645607881894688
1.357176434832141 -1.3510558795227139
1.6508034284392124 1.0391281743296612
1.6508034284392124 -1.0399358927056128
1.2833096802428057 -1.3258313133395183
1.2833096802428057 1.2185075913072918
-1.3470629534452367 -1.1915417417322185
-1.3470629534452367 1.7676011400583906
-1.651780925314633 1.3589007795288661
-1.651780925314633 -1.2173874887206408
1.4738525170839891 0.9737897824051426
1.4738525170839891 -1.3026290116894217
-1.6207258829628373 1.2558029681962597
-1.6207258829628373 -1.1764450062726513
-1.4817311363544465 1.158992481930031
-1.4817311363544465 -1.2543852511305722
-1.3316056907353553 -1.0255105434046599
-1.3316056907353553 1.320038970949149
-1.8848651644188958 1.2675395580854254
-1.8848651644188958 -1.969664936262814
1.6278953218494747 -1.2276414401554163
1.6278953218494747 1.450252772753107
1.5241436227726215 -1.4501127863939396
1.5241436227726215 1.2277949058173694
-1.767530868427199 1.281914029601248
-1.767530868427199 -1.4742706549509865
2.170099214801845 2.775501510129895
2.170099214801845 -1.016664433006794
1.4696524709551402 1.46615227818335
1.4696524709551402 -1.6238546980208939
2.013319364393709 2.1080736715287927
2.013319364393709 -1.0856815356769385
-1.5569119919774772 -1.246482824350851
-1.5569119919774772 1.4353215864498796
1.1923518144685314 1.5327474096012252
1.1923518144685314 -1.3027211743344922
1.6158025433242378 0.9941046741122559
1.6158025433242378 -1.5635820701835736
-1.6297315541157207 -1.274204383842254
-1.6297315541157207 1.2192853544044007
-1.4005732500136996 -1.3222931195331025
-1.4005732500136996 1.2878571926777298
1.3382110949313109 1.100580808081345
1.3382110949313109 -1.2646540483575353
-1.3929002257610557 1.2661804291436078
-1.3929002257610557 -1.0910796721989688
-1.8505923855946127 1.5711348502018667
-1.8505923855946127 -1.529037553070572
1.4332813507236 -1.5944311437700038
1.4332813507236 1.2571641127411202
-1.6984429495952191 -2.201831459486803
-1.6984429495952191 1.2605420177792346
-1.9697282185724985 -1.858951288227268
-1.9697282185724985 1.1096203038134265
2.061991502381879 1.6287888208851202
2.061991502381879 -1.4105508961019442
1.9134951444584276 -1.3682809673282013
1.9134951444584276 1.8029112703223047
-1.5753761763452825 -1.7275978327723922
-1.5753761763452825 1.3844025810875507
1.3490803749050087 0.8880994429969152
1.3490803749050087 -1.7593116004807297
-2.146617911122087 -1.8767559477136477
-2.146617911122087 0.7934657556685412
1.660509772496271 -1.6055955610189008
1.660509772496271 0.907841930434764
-1.0819801100804252 -1.5403789538737296
-1.0819801100804252 -2.7108080667287364
1.387011139819733 -1.5047475099089487
1.387011139819733 -2.681193242357361
1.507603368967769 1.116135845990748
1.507603368967769 -1.2829375434254304
-1.5880298611950294 1.2457385073614335
-1.5880298611950294 -1.5295257109366516
-2.8925516241857996 1.733715095521439
-2.8925516241857996 -1.8875920826551513
1.8906540841150834 -1.3086315773949118
1.8906540841150834 1.537337667169528
1.5477360795687716 -1.374778692902707
1.5477360795687716 1.2295547764566455
-1.3946841215510608 -1.466027798235686
-1.3946841215510608 -2.6320534379426186
1.5592913281129313 1.0139288755161595
1.5592913281129313 -1.5886303131144088
-1.5447799021085984 1.4070532622265866
-1.5447799021085984 -1.4400333454824301
-1.718359765389928 -1.1665567435080078
-1.718359765389928 1.3155565287724003
1.4493265192899993 -1.1454134029981677
1.4493265192899993 1.2415341205206534
-1.4408166907380116 -1.4066587498097836
-1.4408166907380116 1.832095332807921
-1.6051446115877785 -1.2084227065805544
-1.6051446115877785 1.178453574394381
-1.6645048357666299 -1.3531663702182013
-1.6645048357666299 0.9806914487820299
-1.5241525721699045 1.1224064113993235
-1.5241525721699045 -1.4989213947349007
-1.9846439496141652 2.3230074765187023
-1.9846439496141652 1.2050272367793189
1.5331802745616694 -1.3160073858927384
1.5331802745616694 1.1214577290316483
-1.2399993632064858 1.2171884531979165
-1.2399993632064858 -1.172090841193201
1.4645402954129219 1.2862142167709225
1.4645402954129219 -1.2334071621203389
1.5374900953062918 -1.3390149233764463
1.5374900953062918 1.234873546431544
-1.6726051183492174 -1.2285975595893
-1.6726051183492174 1.6508177621150966
1.4312224609128712 -1.3492687535003
1.4312224609128712 0.9979764894517229
1.6854732705527637 -1.3644909644567165
1.6854732705527637 1.324328108987557
-1.3888349190451459 1.1881711324507187
-1.3888349190451459 -1.338635443472098
-1.4360023515420968 -1.18290516070786
-1.4360023515420968 1.2111490649909906
1.3635527539656949 -1.2607771369422842
1.3635527539656949 1.1586795782475403
-1.6240149778660342 1.2274189748663615
-1.6240149778660342 -1.4004211406263847
-1.7743209167774847 1.4214612216248887
-1.7743209167774847 -1.2633272852871522
1.5420860275088766 1.164957855389469
1.5420860275088766 -1.330188794923305
-1.5787559014947585 -1.3136823178125563
-1.5787559014947585 1.1759129542542224
-1.2333582420840106 2.093378423448534
-1.2333582420840106 -1.331027003226406
-1.4994362387133473 1.3396656075412452
-1.4994362387133473 -1.51756128810805
1.7514103438837294 1.7935723404812784
1.7514103438837294 -1.2511752601479194
1.5290419261869501 -1.3828495909175311
1.5290419261869501 1.0791493507720418
1.1202083664290245 -2.0350496347544724
1.1202083664290245 0.9369188503107323
-1.5899046511069206 -0.902764384921292
-1.5899046511069206 1.7187232234263474
1.4441441400133264 -1.5149555582676602
1.4441441400133264 1.048412839588177
-1.7675723774724676 -1.4288560847717189
-1.7675723774724676 0.9754580551628598
-2.8925516241857996 1.733715095521439
-2.8925516241857996 -1.8875920826551513
1.377798233777182 -1.3303583060388995
1.377798233777182 1.0978397518728422
-1.663251581426259 -1.3149163721201296
-1.663251581426259 1.069923225455449
1.9314344052919992 -1.4124508347845346
1.9314344052919992 1.5503220596954657
1.2435514575120619 -1.7918873039696839
1.2435514575120619 1.058820058804063
-1.1913927583461967 -1.2257007858543452
-1.1913927583461967 2.2267870938153247
-1.3938250387144226 -1.2709375366778897
-1.3938250387144226 1.6027588084614626
1.5598064073775422 -1.1631925069489184
1.5598064073775422 1.1935626466584763
1.7091590841672395 -1.353786773566184
1.7091590841672395 1.8475733531570038
1.9223223241794036 1.8772783042492927
1.9223223241794036 -1.162608742207797
1.4716242974801022 1.1537991002018853
1.4716242974801022 -2.0944041729945795
-1.1047438722998792 1.844787680532095
-1.1047438722998792 -1.6031377382435967
1.537659161276733 1.3870402898263205
1.537659161276733 -1.4345604201896742
-1.6681907763152513 1.2508547574696762
-1.6681907763152513 -1.31519963279748
-1.6480316218996327 1.0365666982320423
-1.6480316218996327 -1.313380747142837
1.7238611766146505 -0.9820788995261862
1.7238611766146505 1.4785041715514415
1.5507216785279196 1.7382366992259377
1.5507216785279196 -1.08663095318206
1.503591590684786 1.2427895774076816
1.503591590684786 -1.958429019169123
2.1536679303760113 1.8115533239647355
2.1536679303760113 -1.2716801850830068
-1.5602447870987604 -1.460370258570373
-1.5602447870987604 1.1506171455321843
-1.602572489817952 -1.0871288903260996
-1.602572489817952 1.3657662258694865
1.6716942033620397 1.2927971700341054
1.6716942033620397 -1.1872573981217036
-1.4107319760894586 1.2826176426501872
-1.4107319760894586 -1.0411836034336988
1.4986231414433289 1.2586093134445773
1.4986231414433289 -1.1371713079115595
1.6317763612075757 -1.787703700941483
1.6317763612075757 1.0934486935382541
1.9198524244958124 -1.1510632842075912
1.9198524244958124 2.2538253784446884
-1.6356205592261726 1.8317697642425046
-1.6356205592261726 -1.1229401987507586
1.4332536725543628 1.1975945993254848
1.4332536725543628 -1.1553224288036463
-1.6819332026376506 1.7292403169755381
-1.6819332026376506 -1.3469573180882113
-1.6503430768017255 -1.3006018802777037
-1.6503430768017255 1.2589257401371379
-1.7166620358161786 -1.078367555422293
-1.7166620358161786 1.2065176507473734
-1.5274122715882466 -1.4338241189244283
-1.5274122715882466 1.2042778486457226
1.68804090071743 -1.5218589297833196
1.68804090071743 2.303404506765787
1.414966017232468 1.504586780661901
1.414966017232468 -1.0793996835813362
-1.6980101366681424 1.2882503660791589
-1.6980101366681424 -1.2437343839793455
-1.9741739028844465 1.1037834786312057
-1.9741739028844465 -2.335520116196515
-1.068850938205549 -0.786816177978999
-1.068850938205549 1.8646134313543972
1.8474560871851111 1.2910503489769412
1.8474560871851111 -1.2951441172373657
-2.3030645117752044 1.3185650343480737
-2.3030645117752044 -1.6622907500262116
-1.5275442406422188 1.3603050169488664
-1.5275442406422188 -1.124609992141968
-1.3448414534892943 -1.5358585789815535
-1.3448414534892943 1.4110430703162482
-1.5575942487391077 -1.0912152173702392
-1.5575942487391077 1.3936319831818422
-1.0462144316769932 1.5321544386870385
-1.0462144316769932 -1.388657226918772
-1.1043869307102456 -1.6959549765804192
-1.1043869307102456 1.8701448239602556
-1.680934673781747 -1.0625016922919326
-1.680934673781747 1.1489621775138357
1.81221952769118 1.3149926102124558
1.81221952769118 -1.0389937637427342
-1.4267174836276812 -1.09711142568357
-1.4267174836276812 1.4229755063917764
-1.6282184122890455 -1.3095968926571382
-1.6282184122890455 1.107584682442393
-1.890059223162779 -1.361288999179467
-1.890059223162779 1.0108175688426275
-1.5375555698419818 -1.1746419179134595
-1.5375555698419818 1.82248191011787
1.7175117959176824 1.531871888121375
1.7175117959176824 -1.2205639224897586
-1.6955697999737345 -1.1238214639123438
-1.6955697999737345 1.3078635509909264
1.7809233739604966 1.236889941994045
1.7809233739604966 -1.2090515818119398
1.5897554064210264 -1.627684315374567
1.5897554064210264 1.7313523432511688
-1.1011016388430492 -0.7349953849074796
-1.1011016388430492 2.49877134572876
2.539578306504265 1.8679614019550066
2.539578306504265 -1.2695933399531307
1.0400205391124233 1.01196020475282
1.0400205391124233 -2.133617483247064
-2.691237945773312 -1.717175793931781
-2.691237945773312 1.2519842726145889
1.6820190681237905 -1.081863601143939
1.6820190681237905 1.3769291436216016
1.1526704600534872 1.181698990662968
1.1526704600534872 -1.9405909934643368
2.035814921540206 1.4701830475716242
2.035814921540206 -1.3924866512551026
-1.462787255705193 1.3693086319656822
-1.462787255705193 -1.7589846771685218
1.5705698333905573 1.322476198122415
1.5705698333905573 -1.16673956015364
1.6444881918870666 -1.1947040608608848
1.6444881918870666 1.2746172006455305
1.8505364999336917 -1.1803342521755904
1.8505364999336917 1.816329110975895
1.4336737221739622 1.4155430988931021
1.4336737221739622 -1.577424362802929
-1.5065483305548264 1.16054467704749
-1.5065483305548264 -1.2759672337251866
-1.411956174364094 1.2430853387070175
-1.411956174364094 -1.2718031115842503
-1.6880906081472644 -2.0084097096281837
-1.6880906081472644 1.0665328628984798
1.347792078350303 1.241627898737039
1.347792078350303 -1.9391039765758682
-1.8876683012807285 1.3820009155204707
-1.8876683012807285 -1.4987243621422688
-1.5813155503561063 -1.3739966580779257
-1.5813155503561063 1.22982078767933
1.3481523578106356 1.0849863397994515
1.3481523578106356 -1.3940064289306024
1.6088188701895587 1.1560889590422918
1.6088188701895587 -1.773198105250105
1.8098525415883153 2.2163338949256306
1.8098525415883153 -1.051216364453963
-1.6619289102544685 -1.1092881045476959
-1.6619289102544685 1.3047681763553722
-1.4960535831078878 -1.816537961768104
-1.4960535831078878 1.1143234071099444
2.0797179310791356 1.4321751306321924
2.0797179310791356 -1.413991240003581
1.6203189748386913 -1.084500630913152
1.6203189748386913 1.161164697929006
-1.4902607977085764 1.303469262962624
-1.4902607977085764 -1.2803852147106123
-1.5880298611950294 1.2457385073614335
-1.5880298611950294 -1.5295257109366516
-1.5426695401477708 -1.0480715055233338
-1.5426695401477708 1.4499195958515145
-1.488751919815908 -1.2490005630532746
-1.488751919815908 1.7776946659936617
-1.5281483638440434 -1.9119239210100127
-1.5281483638440434 1.33958246801436
-1.5468262277452194 -1.265022930619864
-1.5468262277452194 1.2306590338577277
1.7624803077771576 1.2769025206964828
1.7624803077771576 -1.0670403962143609
-1.7104552786917204 -1.7068116974768832
-1.7104552786917204 1.2332238893991043
1.5201938554368324 -1.0813118129324055
1.5201938554368324 1.4861180706399317
-1.5237299226030496 1.507653397055922
-1.5237299226030496 -1.1198991693962852
-1.084742951532176 -1.2230811828400454
-1.084742951532176 -2.4347297473834693
-1.6863113849815718 1.2852201089551112
-1.6863113849815718 -1.2686358004867464
1.5872386935976333 1.2363003797621204
1.5872386935976333 -1.3323905098856543
1.6447351926515397 -1.1479898902803487
1.6447351926515397 1.373874250272716
-1.6286853811281283 -1.5141187054737268
-1.6286853811281283 2.0943708485777472
1.7058020976065358 -1.1173283040938764
1.7058020976065358 1.2864385574197614
-2.030369142886472 1.4247707132733183
-2.030369142886472 -1.7034834303293043
1.2498439408763087 1.3665748062998366
1.2498439408763087 -1.1640560771984587
-1.6789682753901343 -1.3887626029604812
-1.6789682753901343 0.9873207751502616
1.5766685360744956 -1.2326281024051056
1.5766685360744956 1.1491102426341697
1.5285642425755954 1.5104615812564308
1.5285642425755954 -1.2693219805339406
-1.3032998840159224 -1.4636153346223324
-1.3032998840159224 1.1229655146772664
2.262600754951269 -1.1471267738864876
2.262600754951269 1.8564560347817995
-1.7118697656082722 1.220231040216638
-1.7118697656082722 -2.1281434869401634
1.8604376688182656 -2.682658174084414
1.8604376688182656 -1.499635570944751
-1.2966155723147015 1.5836058810179567
-1.2966155723147015 -1.2929769149662371
-1.626662308249883 -2.0376059647183435
-1.626662308249883 1.2240005932879758
1.6468759189555306 1.2509235038741906
1.6468759189555306 -1.224468580680635
1.4074178426520232 1.2109918431902325
1.4074178426520232 -1.3364643709233504
-1.6658406142882878 1.2544633736489739
-1.6658406142882878 -1.6092578860866777
-1.5485333387688551 1.0163055247913386
-1.5485333387688551 -1.2091975836454998
-1.5020205663980024 1.4452158454846102
-1.5020205663980024 -1.1171573954631602
-1.499940618880243 1.3693647651324985
-1.499940618880243 -1.2038605928201058
1.4892279012179441 -1.2060031334326713
1.4892279012179441 1.0486814344752633
-1.557417353131099 -1.1745837091000642
-1.557417353131099 1.2448625462120109
1.5769775599633413 1.4561546042141469
1.5769775599633413 -1.0651254176375906
1.5524779192491718 1.3005242254661016
1.5524779192491718 -1.2117575778806393
-1.0715190832497004 -1.0283409063027096
-1.0715190832497004 1.4092662712395552
-1.155043241882389 -1.804714310735702
-1.155043241882389 1.6542422343852266
-1.7478568244473354 0.8692345621377157
-1.7478568244473354 -1.6766584322172216
-1.041492834656894 -1.2536018287128776
-1.041492834656894 2.2730024430896525
1.7071655010952866 1.2698900738596848
1.7071655010952866 -1.6023049804878513
1.520709858410749 -1.1537110311384446
1.520709858410749 1.3733318036635633
1.5749089943977217 1.3991415393315008
1.5749089943977217 -1.3504569758686988
-2.1024797579292467 -2.2040045285183516
-2.1024797579292467 1.1777551606705678
-2.133732046035407 1.3529904478438055
-2.133732046035407 -1.6008165600582607
-1.9360266820787193 1.2642952421547218
-1.9360266820787193 -1.8974182695479127
1.425217516659438 1.3192651387875958
1.425217516659438 -1.17619952989947
1.5033984231323254 1.2652730880500551
1.5033984231323254 -1.2457960454511245
1.2680137101158049 -1.100590084742915
1.2680137101158049 0.791493517318988
1.9985635502549397 -1.4368609294540167
1.9985635502549397 1.2138436972054587
-2.0948746614217497 1.1220825595276975
-2.0948746614217497 -2.25346572233516
1.4754191002538597 -2.0296234525920474
1.4754191002538597 1.342940122179316
-1.4976231342936146 -1.0541023994225536
-1.4976231342936146 1.3633086300437798
-1.204756239915771 -1.438577965877214
-1.204756239915771 1.3670623946627205
2.151228660140833 -3.1057655688613233
2.151228660140833 -1.8618247423575165
1.5887085141005572 1.8910878809615423
1.5887085141005572 -1.674890540130428
1.5964600244680804 1.2001637278832433
1.5964600244680804 -1.433820414347635
1.2179323489385738 -1.5808331193170557
1.2179323489385738 1.269497353053384
-2.5348912781368953 -1.9142444232585345
-2.5348912781368953 1.3938757769695735
-1.889416699641096 -1.3447620421355995
-1.889416699641096 1.2530522692859818
-1.3394270302091424 -1.145731608420172
-1.3394270302091424 1.2937453475709875
1.5937043535231183 1.163130891293541
1.5937043535231183 -1.4806932384241902
1.5466382141382993 -1.1938730936780504
1.5466382141382993 1.1745397901911454
-1.728400229355577 -1.7200923234783452
-1.728400229355577 1.197166749531516
1.4575053368718003 1.4280505667609888
1.4575053368718003 -1.5341199021227572
-1.630400772846083 1.574650294790141
-1.630400772846083 -1.7454263441211422
1.39622208912364 0.9789809659390962
1.39622208912364 -1.5256431117253746
-1.7041010236949043 1.4671362624608033
-1.7041010236949043 -1.0028566750230121
1.4383652385863805 1.3066462604659892
1.4383652385863805 -1.3944935041507132
1.6971158878245773 -1.7566374012609154
1.6971158878245773 1.3380031771880987
-1.177040947725937 1.5014852935845002
-1.177040947725937 -1.112190392066178
1.7497117941454847 1.1158630738143072
1.7497117941454847 -1.396545286046149
-1.5156852568167787 1.508450325695612
-1.5156852568167787 -1.1298376006958786
2.358760902134214 -1.2853114260387069
2.358760902134214 2.1996733314115833
1.3514735476632689 0.9318165897241658
1.3514735476632689 -1.4853036729311195
-1.467094598644136 1.1412492588936858
-1.467094598644136 -1.2762481675551678
1.9385125309941422 -0.9164805232590988
1.9385125309941422 2.2947565874816447
-1.5148097586267795 -1.2468782413568624
-1.5148097586267795 1.1938456834861106
-1.4014798278220848 -0.8489777152765702
-1.4014798278220848 1.3404734867872181
1.5575186527659473 1.007780212286453
1.5575186527659473 -1.5890231899488945
1.0907399025328268 1.2768190960140784
1.0907399025328268 -1.5364155586422383
-1.6645048357666299 -1.3531663702182013
-1.6645048357666299 0.9806914487820299
-1.8139005251918243 0.8298291807984327
-1.8139005251918243 -1.6347141723703291
-1.79009089260973 1.3510567997210157
-1.79009089260973 -1.6342241615739526
-1.4628171996694412 1.7686810880738117
-1.4628171996694412 -1.5283235938899342
2.1811474470154057 -1.6307347124366274
2.1811474470154057 2.0324535501585586
-1.2434180688756424 -1.5999567085869661
-1.2434180688756424 1.827611789927133
-1.128088634881567 -1.3661938662844364
-1.128088634881567 1.4889485912262137
-1.4881677549839878 1.3535383711809532
-1.4881677549839878 -1.7125018186233585
1.5095329195824956 -1.3127206109924665
1.5095329195824956 1.0902593753833179
1.4326010624477024 -1.2718591124076377
1.4326010624477024 1.426663923224496
-1.1893271262944856 1.4409969760629477
-1.1893271262944856 -1.3981726523474143
1.5818786618801606 1.2467097241329343
1.5818786618801606 -1.2266457738139804
-1.3938303163701784 1.9838180630938276
-1.3938303163701784 -1.2508250963347427
1.4324312295973123 1.4267808425828337
1.4324312295973123 -1.6229978138827819
-1.4010375369343213 1.9015735303505867
-1.4010375369343213 -0.9991264462374656
1.850321113858887 1.9511083033722023
1.850321113858887 -1.4649490959978464
1.4938538223650595 -1.1815397885527203
1.4938538223650595 1.2221577559054395
-1.5593242501907993 -1.4049605219413137
-1.5593242501907993 1.1256026555195726
1.1972107023089886 1.182743703270331
1.1972107023089886 -1.5450430415562737
-1.4481574060960776 1.2755955248747746
-1.4481574060960776 -1.4929109685444941
1.494839259530101 1.185739053140111
1.494839259530101 -1.1984210278779586
-1.7330399119876223 1.0944383501729544
-1.7330399119876223 -1.3993050176859303
-1.6808843183201754 -1.6077382527002995
-1.6808843183201754 1.5127394687100568
1.7277261841027682 1.240560209905895
1.7277261841027682 -1.463218984804068
2.416488698682214 -1.036144826160005
2.416488698682214 2.6415600462218913
1.7888073283007775 -1.3336696324280217
1.7888073283007775 1.4484575954722994
1.387649494481583 1.7026537926942533
1.387649494481583 -1.7913935168918547
-1.3882995558195876 -1.1485137814160147
-1.3882995558195876 1.119407809727382
1.5305179842428118 -1.1543178828673861
1.5305179842428118 1.7846793027969783
-1.7498984161244806 -1.2339205955093104
-1.7498984161244806 1.1397620763525786
1.428235261947878 1.286059925755844
1.428235261947878 -1.490158625747754
1.4069666621484442 -1.2974005784315672
1.4069666621484442 1.1621105281405921
-1.352820880781413 -1.0679125323799996
-1.352820880781413 1.491938025023424
1.080187116512502 -1.8115194201217728
1.080187116512502 0.9165060976960284
-1.8673401212959833 -1.8819740833840273
-1.8673401212959833 0.8573944528658465
1.2634085622359417 1.415239589852981
1.2634085622359417 -1.4581380590752246
1.3266639559805045 1.3165120556813894
1.3266639559805045 -1.305421316300484
-1.6666915686177293 1.4207781624817715
-1.6666915686177293 -1.145602380343511
-1.8356642720260823 -1.3875248372084341
-1.8356642720260823 1.419054304889156
-1.5018290603545543 -1.2586176124795996
-1.5018290603545543 1.5550169578537378
-1.6133882467015948 -1.290013287557234
-1.6133882467015948 1.0302932170482915
1.5695334238477492 -1.2854898649882271
1.5695334238477492 1.6201212890804837
-1.5753108876918784 -1.3117032709133933
-1.5753108876918784 1.0519015308290307
1.4119058223214733 1.1625018733362997
1.4119058223214733 -1.3933844908342337
1.733946864393885 1.3090966892005558
1.733946864393885 -1.2358874961500246
-1.662862763874724 1.1015363927840387
-1.662862763874724 -1.4438015192385583
1.3127160577710364 -1.9530613329890691
1.3127160577710364 0.8844669558891854
-2.0769216758377484 1.0011023875025247
-2.0769216758377484 -1.5384801184015466
1.6804857178120594 1.2923658182012094
1.6804857178120594 -1.2654977132929004
-1.7498984161244806 -1.2339205955093104
-1.7498984161244806 1.1397620763525786
1.6844419223374107 -1.15495879682556
1.6844419223374107 1.513525072573555
-1.15629130878492 3.0158709304556783
-1.15629130878492 1.8573967478501259
-1.5272193295267165 1.072695154054373
-1.5272193295267165 -1.1858083136670605
1.8296440507208074 -1.3315646209874015
1.8296440507208074 2.020925132522752
-0.879638030033558 2.4051173376127317
-0.879638030033558 -1.3680024080501756
1.6721448759837665 1.1712907364219824
1.6721448759837665 -1.1795696343888318
1.725994667311954 1.0803785874413447
1.725994667311954 -1.5382288848359773
-1.4493236396587068 -1.5341535712004244
-1.4493236396587068 1.06031101128338
-1.354948908268508 1.282831466571978
-1.354948908268508 -1.1334025586448755
-1.549623844778135 1.3902147571821732
-1.549623844778135 -1.1976910231252573
1.47354533192163 -1.4477550823582581
1.47354533192163 1.2189161938140072
-1.6950386042761068 1.7178708354979983
-1.6950386042761068 -1.3866553146455627
-1.880901127176985 1.4294025534084023
-1.880901127176985 -1.5857546113429979
-1.2785069524922756 1.7605733501902072
-1.2785069524922756 -1.5091504669385807
1.405827128804356 1.2623951000161926
1.405827128804356 -1.2518457185163603
-1.5880298611950294 1.2457385073614335
-1.5880298611950294 -1.5295257109366516
2.209664337518437 -1.1455136534325197
2.209664337518437 -2.3656874389877944
1.6238091732472406 1.2475507692242545
1.6238091732472406 -1.1777942667648387
-2.072232764105512 -1.6417778294521226
-2.072232764105512 1.113133458820378
1.6611440552470036 -1.237194905865502
1.6611440552470036 1.619929745620858
1.9093659904557412 1.6557898295449618
1.9093659904557412 -1.4857008402706346
1.9093017219765882 1.6559030750750818
1.9093017219765882 -1.4857915652870495
1.5558318559429143 1.3834023726396762
1.5558318559429143 -1.3347831039358617
-1.4705032302289083 1.3100615873747585
-1.4705032302289083 -1.2255744627075715
-1.828673954240921 1.0053826866986721
-1.828673954240921 -2.13880903701697
-1.4139136424155847 -1.3088459842824691
-1.4139136424155847 1.370776667568267
-1.4922362776577118 -1.214859213234511
-1.4922362776577118 1.899330210031821
-0.8175236096754567 1.8358039680525284
-0.8175236096754567 -1.4086276013207806
0.8161944399670071 2.9498573304465183
0.8161944399670071 1.7010434367783698
1.5785014750044841 1.2555488351237265
1.5785014750044841 -1.181061120144593
-1.3844863237154807 -1.042739290878848
-1.3844863237154807 1.4034468714969666
1.3968835234913373 1.0506446753386836
1.3968835234913373 -1.4469119495670992
-1.6058342246434052 -1.254174764161712
-1.6058342246434052 1.126721344225253
-1.4786324221707057 -1.3059997805948136
-1.4786324221707057 1.461662570809505
-1.5500218226811646 1.3544115860292136
-1.5500218226811646 -1.3900817866893487
1.6395467208988244 1.3277180003797284
1.6395467208988244 -1.1401188276922398
-1.2328375371232128 -1.3990936666672473
-1.2328375371232128 1.6354902346298996
